,home,home,home,home,home,home,home,home,home,home,home,home,home,home,home,home,home,home,home,home,home,home,home,home,home,home,home,home,home,home,home,home,home,home,home,home,home,home,opp,opp,opp,opp,opp,opp,opp,opp,opp,opp,opp,opp,opp,opp,opp,opp,opp,opp,opp,opp,opp,opp,opp,opp,opp,opp,opp,opp,opp,opp,opp,opp,opp,opp,opp,opp,opp,opp
gameId,teamAbbr,MP,FG,FGA,FG%,3P,3PA,3P%,FT,FTA,FT%,ORB,DRB,TRB,AST,STL,BLK,TOV,PF,PTS,TS%,eFG%,3pAr,FTr,ORB%,DRB%,TRB%,AST%,STL%,BLK%,TOV%,USG%,Ortg,Drtg,poss,pace,poss_per_poss,ass_per_poss,teamAbbr,MP,FG,FGA,FG%,3P,3PA,3P%,FT,FTA,FT%,ORB,DRB,TRB,AST,STL,BLK,TOV,PF,PTS,TS%,eFG%,3pAr,FTr,ORB%,DRB%,TRB%,AST%,STL%,BLK%,TOV%,USG%,Ortg,Drtg,poss,pace,poss_per_poss,ass_per_poss
201510270ATL,DET,,,,,,,,,,,,,,,,,,,,,,,,,,,,,,,,,,,,,,DET,,,,,,,,,,,,,,,,,,,,,,,,,,,,,,,,,,,,,
201510270CHI,CLE,,,,,,,,,,,,,,,,,,,,,,,,,,,,,,,,,,,,,,CLE,,,,,,,,,,,,,,,,,,,,,,,,,,,,,,,,,,,,,
201510270GSW,NOP,,,,,,,,,,,,,,,,,,,,,,,,,,,,,,,,,,,,,,NOP,,,,,,,,,,,,,,,,,,,,,,,,,,,,,,,,,,,,,
201510280BOS,PHI,,,,,,,,,,,,,,,,,,,,,,,,,,,,,,,,,,,,,,PHI,,,,,,,,,,,,,,,,,,,,,,,,,,,,,,,,,,,,,
201510280BRK,CHI,,,,,,,,,,,,,,,,,,,,,,,,,,,,,,,,,,,,,,CHI,,,,,,,,,,,,,,,,,,,,,,,,,,,,,,,,,,,,,
201510280DET,UTA,,,,,,,,,,,,,,,,,,,,,,,,,,,,,,,,,,,,,,UTA,,,,,,,,,,,,,,,,,,,,,,,,,,,,,,,,,,,,,
201510280HOU,DEN,,,,,,,,,,,,,,,,,,,,,,,,,,,,,,,,,,,,,,DEN,,,,,,,,,,,,,,,,,,,,,,,,,,,,,,,,,,,,,
201510280LAL,MIN,,,,,,,,,,,,,,,,,,,,,,,,,,,,,,,,,,,,,,MIN,,,,,,,,,,,,,,,,,,,,,,,,,,,,,,,,,,,,,
201510280MEM,CLE,,,,,,,,,,,,,,,,,,,,,,,,,,,,,,,,,,,,,,CLE,,,,,,,,,,,,,,,,,,,,,,,,,,,,,,,,,,,,,
201510280MIA,CHO,,,,,,,,,,,,,,,,,,,,,,,,,,,,,,,,,,,,,,CHO,,,,,,,,,,,,,,,,,,,,,,,,,,,,,,,,,,,,,
201510280MIL,NYK,,,,,,,,,,,,,,,,,,,,,,,,,,,,,,,,,,,,,,NYK,,,,,,,,,,,,,,,,,,,,,,,,,,,,,,,,,,,,,
201510280OKC,SAS,,,,,,,,,,,,,,,,,,,,,,,,,,,,,,,,,,,,,,SAS,,,,,,,,,,,,,,,,,,,,,,,,,,,,,,,,,,,,,
201510280ORL,WAS,,,,,,,,,,,,,,,,,,,,,,,,,,,,,,,,,,,,,,WAS,,,,,,,,,,,,,,,,,,,,,,,,,,,,,,,,,,,,,
201510280PHO,DAL,,,,,,,,,,,,,,,,,,,,,,,,,,,,,,,,,,,,,,DAL,,,,,,,,,,,,,,,,,,,,,,,,,,,,,,,,,,,,,
201510280POR,NOP,,,,,,,,,,,,,,,,,,,,,,,,,,,,,,,,,,,,,,NOP,,,,,,,,,,,,,,,,,,,,,,,,,,,,,,,,,,,,,
201510280SAC,LAC,,,,,,,,,,,,,,,,,,,,,,,,,,,,,,,,,,,,,,LAC,,,,,,,,,,,,,,,,,,,,,,,,,,,,,,,,,,,,,
201510280TOR,IND,,,,,,,,,,,,,,,,,,,,,,,,,,,,,,,,,,,,,,IND,,,,,,,,,,,,,,,,,,,,,,,,,,,,,,,,,,,,,
201510290IND,MEM,,,,,,,,,,,,,,,,,,,,,,,,,,,,,,,,,,,,,,MEM,,,,,,,,,,,,,,,,,,,,,,,,,,,,,,,,,,,,,
201510290LAC,DAL,,,,,,,,,,,,,,,,,,,,,,,,,,,,,,,,,,,,,,DAL,,,,,,,,,,,,,,,,,,,,,,,,,,,,,,,,,,,,,
201510290NYK,ATL,,,,,,,,,,,,,,,,,,,,,,,,,,,,,,,,,,,,,,ATL,,,,,,,,,,,,,,,,,,,,,,,,,,,,,,,,,,,,,
201510300ATL,CHO,,,,,,,,,,,,,,,,,,,,,,,,,,,,,,,,,,,,,,CHO,,,,,,,,,,,,,,,,,,,,,,,,,,,,,,,,,,,,,
201510300BOS,TOR,,,,,,,,,,,,,,,,,,,,,,,,,,,,,,,,,,,,,,TOR,,,,,,,,,,,,,,,,,,,,,,,,,,,,,,,,,,,,,
201510300CLE,MIA,,,,,,,,,,,,,,,,,,,,,,,,,,,,,,,,,,,,,,MIA,,,,,,,,,,,,,,,,,,,,,,,,,,,,,,,,,,,,,
201510300DEN,MIN,,,,,,,,,,,,,,,,,,,,,,,,,,,,,,,,,,,,,,MIN,,,,,,,,,,,,,,,,,,,,,,,,,,,,,,,,,,,,,
201510300DET,CHI,,,,,,,,,,,,,,,,,,,,,,,,,,,,,,,,,,,,,,CHI,,,,,,,,,,,,,,,,,,,,,,,,,,,,,,,,,,,,,
201510300HOU,GSW,,,,,,,,,,,,,,,,,,,,,,,,,,,,,,,,,,,,,,GSW,,,,,,,,,,,,,,,,,,,,,,,,,,,,,,,,,,,,,
201510300MIL,WAS,,,,,,,,,,,,,,,,,,,,,,,,,,,,,,,,,,,,,,WAS,,,,,,,,,,,,,,,,,,,,,,,,,,,,,,,,,,,,,
201510300ORL,OKC,,,,,,,,,,,,,,,,,,,,,,,,,,,,,,,,,,,,,,OKC,,,,,,,,,,,,,,,,,,,,,,,,,,,,,,,,,,,,,
201510300PHI,UTA,,,,,,,,,,,,,,,,,,,,,,,,,,,,,,,,,,,,,,UTA,,,,,,,,,,,,,,,,,,,,,,,,,,,,,,,,,,,,,
201510300PHO,POR,,,,,,,,,,,,,,,,,,,,,,,,,,,,,,,,,,,,,,POR,,,,,,,,,,,,,,,,,,,,,,,,,,,,,,,,,,,,,
201510300SAC,LAL,,,,,,,,,,,,,,,,,,,,,,,,,,,,,,,,,,,,,,LAL,,,,,,,,,,,,,,,,,,,,,,,,,,,,,,,,,,,,,
201510300SAS,BRK,,,,,,,,,,,,,,,,,,,,,,,,,,,,,,,,,,,,,,BRK,,,,,,,,,,,,,,,,,,,,,,,,,,,,,,,,,,,,,
201510310IND,UTA,,,,,,,,,,,,,,,,,,,,,,,,,,,,,,,,,,,,,,UTA,,,,,,,,,,,,,,,,,,,,,,,,,,,,,,,,,,,,,
201510310LAC,SAC,,,,,,,,,,,,,,,,,,,,,,,,,,,,,,,,,,,,,,SAC,,,,,,,,,,,,,,,,,,,,,,,,,,,,,,,,,,,,,
201510310MEM,BRK,,,,,,,,,,,,,,,,,,,,,,,,,,,,,,,,,,,,,,BRK,,,,,,,,,,,,,,,,,,,,,,,,,,,,,,,,,,,,,
201510310NOP,GSW,,,,,,,,,,,,,,,,,,,,,,,,,,,,,,,,,,,,,,GSW,,,,,,,,,,,,,,,,,,,,,,,,,,,,,,,,,,,,,
201510310POR,PHO,,,,,,,,,,,,,,,,,,,,,,,,,,,,,,,,,,,,,,PHO,,,,,,,,,,,,,,,,,,,,,,,,,,,,,,,,,,,,,
201510310WAS,NYK,,,,,,,,,,,,,,,,,,,,,,,,,,,,,,,,,,,,,,NYK,,,,,,,,,,,,,,,,,,,,,,,,,,,,,,,,,,,,,
201511010BOS,SAS,,,,,,,,,,,,,,,,,,,,,,,,,,,,,,,,,,,,,,SAS,,,,,,,,,,,,,,,,,,,,,,,,,,,,,,,,,,,,,
201511010CHI,ORL,,,,,,,,,,,,,,,,,,,,,,,,,,,,,,,,,,,,,,ORL,,,,,,,,,,,,,,,,,,,,,,,,,,,,,,,,,,,,,
201511010CHO,ATL,,,,,,,,,,,,,,,,,,,,,,,,,,,,,,,,,,,,,,ATL,,,,,,,,,,,,,,,,,,,,,,,,,,,,,,,,,,,,,
201511010LAL,DAL,,,,,,,,,,,,,,,,,,,,,,,,,,,,,,,,,,,,,,DAL,,,,,,,,,,,,,,,,,,,,,,,,,,,,,,,,,,,,,
201511010MIA,HOU,,,,,,,,,,,,,,,,,,,,,,,,,,,,,,,,,,,,,,HOU,,,,,,,,,,,,,,,,,,,,,,,,,,,,,,,,,,,,,
201511010OKC,DEN,,,,,,,,,,,,,,,,,,,,,,,,,,,,,,,,,,,,,,DEN,,,,,,,,,,,,,,,,,,,,,,,,,,,,,,,,,,,,,
201511010TOR,MIL,,,,,,,,,,,,,,,,,,,,,,,,,,,,,,,,,,,,,,MIL,,,,,,,,,,,,,,,,,,,,,,,,,,,,,,,,,,,,,
201511020BRK,MIL,,,,,,,,,,,,,,,,,,,,,,,,,,,,,,,,,,,,,,MIL,,,,,,,,,,,,,,,,,,,,,,,,,,,,,,,,,,,,,
201511020GSW,MEM,,,,,,,,,,,,,,,,,,,,,,,,,,,,,,,,,,,,,,MEM,,,,,,,,,,,,,,,,,,,,,,,,,,,,,,,,,,,,,
201511020HOU,OKC,,,,,,,,,,,,,,,,,,,,,,,,,,,,,,,,,,,,,,OKC,,,,,,,,,,,,,,,,,,,,,,,,,,,,,,,,,,,,,
201511020LAC,PHO,,,,,,,,,,,,,,,,,,,,,,,,,,,,,,,,,,,,,,PHO,,,,,,,,,,,,,,,,,,,,,,,,,,,,,,,,,,,,,
201511020MIN,POR,,,,,,,,,,,,,,,,,,,,,,,,,,,,,,,,,,,,,,POR,,,,,,,,,,,,,,,,,,,,,,,,,,,,,,,,,,,,,
201511020NYK,SAS,,,,,,,,,,,,,,,,,,,,,,,,,,,,,,,,,,,,,,SAS,,,,,,,,,,,,,,,,,,,,,,,,,,,,,,,,,,,,,
201511020PHI,CLE,,,,,,,,,,,,,,,,,,,,,,,,,,,,,,,,,,,,,,CLE,,,,,,,,,,,,,,,,,,,,,,,,,,,,,,,,,,,,,
201511030CHO,CHI,246.25,36.5,84.0,0.43675,8.75,24.25,0.359,17.75,22.75,0.78525,7.75,38.0,45.75,18.5,7.5,7.25,16.0,21.5,99.5,0.53225,0.49,0.29025,0.27075,18.099999999999998,72.275,48.025,51.325,7.5,10.350000000000001,14.575000000000001,100.0,99.625,94.975,51.528125,52.9259114575,1.9335,0.36050000000000004,CHI,246.25,37.75,95.25,0.39675,5.5,22.25,0.20700000000000002,14.0,22.5,0.6155,14.75,35.0,49.75,21.0,8.0,6.25,13.25,19.25,95.0,0.45249999999999996,0.42574999999999996,0.23275,0.23500000000000004,27.725,81.9,51.974999999999994,55.825,7.9750000000000005,10.525,11.2,100.0,94.975,99.625,52.21875,53.66796875,1.8205,0.404
201511030DAL,TOR,,,,,,,,,,,,,,,,,,,,,,,,,,,,,,,,,,,,,,TOR,,,,,,,,,,,,,,,,,,,,,,,,,,,,,,,,,,,,,
201511030DET,IND,,,,,,,,,,,,,,,,,,,,,,,,,,,,,,,,,,,,,,IND,,,,,,,,,,,,,,,,,,,,,,,,,,,,,,,,,,,,,
201511030LAL,DEN,,,,,,,,,,,,,,,,,,,,,,,,,,,,,,,,,,,,,,DEN,,,,,,,,,,,,,,,,,,,,,,,,,,,,,,,,,,,,,
201511030MIA,ATL,240.0,38.0,84.0,0.45275,8.25,25.75,0.3255,15.0,19.25,0.7985,7.75,35.25,43.0,23.25,9.5,4.5,14.0,19.0,99.25,0.53625,0.502,0.30625,0.23,17.625,70.22500000000001,45.574999999999996,61.2,9.775,7.85,13.149999999999999,100.0,102.32499999999999,101.475,49.69687499999999,49.69687499999999,1.99475,0.46725000000000005,ATL,240.0,35.75,90.75,0.39375,11.0,31.25,0.34975,15.75,18.75,0.8440000000000001,15.25,36.25,51.5,23.5,7.25,6.5,16.25,18.25,98.25,0.49624999999999997,0.45475,0.34625,0.20475000000000002,29.799999999999997,82.375,54.425,66.44999999999999,7.425,11.075,14.000000000000002,100.0,101.47500000000001,102.325,50.328125,50.328125,1.9534999999999998,0.46975
201511030NOP,ORL,,,,,,,,,,,,,,,,,,,,,,,,,,,,,,,,,,,,,,ORL,,,,,,,,,,,,,,,,,,,,,,,,,,,,,,,,,,,,,
201511030SAC,MEM,240.0,32.5,85.0,0.38749999999999996,5.25,19.5,0.271,19.25,24.75,0.76925,11.25,30.75,42.0,22.0,8.5,4.25,12.5,21.5,89.5,0.47025,0.41900000000000004,0.22949999999999998,0.295,22.85,75.475,46.225,68.1,8.924999999999999,7.699999999999999,11.55,100.0,94.625,109.67500000000001,49.003125,49.003125,1.84275,0.45199999999999996,MEM,240.0,39.75,81.25,0.48875,9.75,24.25,0.37975000000000003,15.5,22.25,0.68875,10.0,40.0,50.0,26.25,6.25,5.5,16.25,21.0,104.75,0.574,0.54825,0.29825,0.27375,24.525,77.15,53.775,65.65,6.475,8.049999999999999,15.075000000000001,100.0,109.675,94.625,49.034375000000004,49.034375000000004,2.132,0.53325
201511040ATL,BRK,240.0,36.0,82.0,0.43975,3.5,14.25,0.215,15.0,20.75,0.7010000000000001,9.0,29.75,38.75,19.5,5.75,4.5,14.5,20.0,90.5,0.497,0.462,0.17775,0.2505,20.775,77.15,47.475,54.275000000000006,6.0249999999999995,8.174999999999999,13.799999999999999,100.0,96.875,112.45,48.678125,48.678125,1.8594999999999997,0.402,BRK,240.0,38.5,79.25,0.48724999999999996,10.25,24.0,0.42275,18.0,21.75,0.84975,9.0,34.25,43.25,23.25,7.0,4.0,15.0,20.5,105.25,0.59375,0.5519999999999999,0.3045,0.27825,22.85,79.225,52.525000000000006,61.2,7.449999999999999,6.225,14.375,100.0,112.45,96.875,47.790625000000006,47.790625000000006,2.20275,0.48949999999999994
201511040CLE,NYK,240.0,38.25,90.25,0.4245,7.0,21.0,0.345,22.5,27.25,0.82725,15.25,31.25,46.5,20.75,9.25,4.75,15.0,25.0,106.0,0.5175,0.46299999999999997,0.23149999999999998,0.3025,31.6,74.6,51.625,54.175,9.5,7.25,12.649999999999999,100.0,108.05,105.325,51.471875,51.471875,2.0555000000000003,0.40299999999999997,NYK,240.0,37.25,84.5,0.44275,7.25,19.25,0.3745,21.5,26.75,0.7872499999999999,11.0,32.5,43.5,20.25,8.25,4.5,15.75,22.25,103.25,0.53725,0.48550000000000004,0.22675,0.31375000000000003,25.4,68.4,48.375,54.275000000000006,8.350000000000001,6.425,14.025,100.0,105.32499999999999,108.05000000000001,50.978125,50.978125,2.02625,0.40025
201511040GSW,LAC,240.0,39.0,81.0,0.483,6.5,23.25,0.27925,23.25,33.25,0.71225,5.75,39.75,45.5,21.5,5.5,7.75,12.75,19.0,107.75,0.56425,0.52275,0.28475,0.41400000000000003,13.525,72.25,46.599999999999994,55.275,5.45,10.75,11.725000000000001,100.0,106.92500000000001,98.42500000000001,51.896874999999994,51.896874999999994,2.07575,0.4135,LAC,240.0,38.75,97.5,0.39749999999999996,8.0,25.5,0.32275000000000004,13.75,19.75,0.70125,15.25,36.75,52.0,22.25,7.25,2.0,12.5,26.75,99.25,0.4675,0.43875000000000003,0.262,0.20199999999999999,27.75,86.475,53.4,57.95,7.175,3.4250000000000003,10.525,100.0,98.425,106.925,52.065625,52.065625,1.904,0.42774999999999996
201511040HOU,ORL,252.5,40.25,96.5,0.41725,7.75,25.0,0.31225,15.0,19.75,0.761,13.25,37.5,50.75,22.5,7.75,7.5,16.0,22.5,103.25,0.48850000000000005,0.45725,0.25675,0.2,26.474999999999998,72.3,49.925,56.1,7.475000000000001,11.725,13.299999999999999,100.0,98.675,98.7,54.315625,57.598177082499994,1.88575,0.41500000000000004,ORL,252.5,37.0,92.75,0.39575000000000005,8.5,29.75,0.28225,20.75,27.5,0.75,14.5,36.5,51.0,20.5,8.75,8.75,16.0,18.0,103.25,0.48800000000000004,0.44199999999999995,0.32499999999999996,0.2935,27.700000000000003,73.525,50.075,57.775000000000006,8.475,12.224999999999998,13.225,100.0,98.7,98.675,53.65625,56.9388020825,1.9072500000000001,0.38625
201511040IND,BOS,,,,,,,,,,,,,,,,,,,,,,,,,,,,,,,,,,,,,,BOS,,,,,,,,,,,,,,,,,,,,,,,,,,,,,,,,,,,,,
201511040MIL,PHI,,,,,,,,,,,,,,,,,,,,,,,,,,,,,,,,,,,,,,PHI,,,,,,,,,,,,,,,,,,,,,,,,,,,,,,,,,,,,,
201511040OKC,TOR,240.0,37.5,83.5,0.449,8.5,21.5,0.3865,23.25,30.0,0.7709999999999999,11.5,37.5,49.0,20.5,9.75,3.5,17.5,25.5,106.75,0.55175,0.49975,0.25675000000000003,0.3635,27.6,80.625,55.9,54.75,9.925,5.949999999999999,15.250000000000002,100.0,108.125,95.875,51.875,51.875,2.06375,0.39699999999999996,TOR,240.0,31.5,81.5,0.388,7.0,22.75,0.30674999999999997,25.0,30.25,0.83475,9.0,29.75,38.75,21.75,9.75,4.25,15.75,26.0,95.0,0.50325,0.43075,0.27875,0.37024999999999997,19.375,72.4,44.099999999999994,69.2,9.6,6.775,14.4,100.0,95.875,108.125,51.309375,51.309375,1.8545,0.4255
201511040PHO,SAC,240.0,41.25,92.5,0.44225,7.5,21.0,0.3535,18.5,28.25,0.656,13.75,33.5,47.25,21.75,7.75,3.25,14.0,26.25,108.5,0.51525,0.48350000000000004,0.23025,0.31925,28.3,80.45,52.4,53.4,7.6000000000000005,5.65,11.825,100.0,105.39999999999999,107.89999999999999,53.084375,53.084375,2.03475,0.4075,SAC,240.0,40.5,82.0,0.49525,6.0,22.5,0.25625,23.5,32.25,0.7377499999999999,8.0,34.5,42.5,22.0,6.0,8.5,16.75,24.0,110.5,0.5745,0.5309999999999999,0.27125,0.39925,19.55,71.7,47.60000000000001,54.5,5.8500000000000005,12.025,14.775,100.0,107.9,105.4,53.034375,53.034375,2.08475,0.41625
201511040UTA,POR,240.0,38.0,85.5,0.4435,9.5,29.0,0.32925,14.5,20.25,0.74175,9.5,36.5,46.0,19.25,7.0,5.0,16.75,25.25,100.0,0.52925,0.49875,0.34,0.23975,20.325,80.32499999999999,50.324999999999996,51.125,6.9,7.949999999999999,14.975000000000001,100.0,98.975,100.35,51.184375,51.184375,1.9560000000000002,0.37749999999999995,POR,240.0,36.5,86.75,0.42175,7.25,24.0,0.2825,21.25,28.75,0.7230000000000001,8.75,37.0,45.75,18.5,10.25,4.75,14.5,19.0,101.5,0.5105000000000001,0.46199999999999997,0.27125,0.34199999999999997,19.674999999999997,79.675,49.675000000000004,51.099999999999994,10.125,8.475000000000001,12.674999999999999,100.0,100.35,98.97500000000001,53.078125,53.078125,1.91175,0.349
201511040WAS,SAS,240.0,40.0,85.25,0.46925,5.75,17.25,0.32825,13.5,17.0,0.818,9.25,37.75,47.0,22.0,8.5,6.5,15.5,15.5,99.25,0.53525,0.50275,0.20275,0.20175,22.825000000000003,77.15,52.25,55.325,8.725000000000001,9.475,14.3,100.0,103.025,92.57499999999999,49.7875,49.7875,1.9957499999999997,0.44275,SAS,240.0,35.0,87.5,0.402,5.5,19.25,0.299,14.0,18.0,0.759,11.5,31.25,42.75,19.0,7.75,4.5,15.0,19.25,89.5,0.47,0.4335,0.21775,0.20750000000000002,22.849999999999998,77.17500000000001,47.75,54.474999999999994,8.075,6.699999999999999,13.575,100.0,92.57499999999999,103.02499999999999,49.775000000000006,49.775000000000006,1.79475,0.38075000000000003
201511050CHI,OKC,252.5,43.5,90.5,0.4825,9.75,24.5,0.39975,18.0,23.0,0.78325,15.0,37.0,52.0,23.5,8.0,9.5,20.5,26.0,114.75,0.57175,0.5375,0.27249999999999996,0.24675,33.975,75.85,56.05,54.575,7.8,14.475000000000001,17.125,100.0,110.725,106.35,53.4625,56.745052082499996,2.1427500000000004,0.45025,OKC,252.5,39.0,91.5,0.4255,8.75,25.5,0.34425,23.75,31.25,0.7505,11.75,29.0,40.75,19.75,12.5,5.75,13.75,21.5,110.5,0.52325,0.47225000000000006,0.27425,0.34624999999999995,24.15,66.025,43.95,50.1,12.25,8.375,11.55,100.0,106.35,110.725,54.171875,57.45442708249999,2.03225,0.36150000000000004
201511050DAL,CHO,240.0,37.0,87.25,0.42250000000000004,11.5,28.5,0.40925,17.0,20.0,0.8545,11.25,37.25,48.5,23.0,6.0,6.0,11.5,15.25,102.5,0.5317500000000001,0.488,0.3275,0.23,24.025,87.175,53.825,63.025,6.3,10.149999999999999,10.625,100.0,107.575,105.2,48.50000000000001,48.50000000000001,2.1105,0.474,CHO,240.0,38.25,83.5,0.45899999999999996,10.25,25.5,0.41400000000000003,13.25,16.25,0.75725,5.75,36.0,41.75,23.5,7.0,4.25,12.75,19.25,100.0,0.55375,0.5209999999999999,0.3035,0.20024999999999998,12.825000000000001,76.0,46.175,61.6,7.35,7.7,12.35,100.0,105.19999999999999,107.57499999999999,49.10937500000001,49.10937500000001,2.0380000000000003,0.47825000000000006
201511050DEN,UTA,240.0,35.75,84.75,0.42350000000000004,5.0,16.0,0.32825000000000004,17.25,24.25,0.7180000000000001,12.0,32.0,44.0,14.5,9.75,6.5,11.25,23.25,93.75,0.49275,0.45225000000000004,0.18775000000000003,0.28600000000000003,26.725,77.65,51.775000000000006,40.375,10.625,12.7,10.575000000000001,100.0,102.75000000000001,94.85,47.759375,47.759375,1.963,0.3045,UTA,240.0,29.5,71.0,0.40975000000000006,7.0,19.0,0.36075,20.75,31.0,0.6739999999999999,9.0,32.0,41.0,13.0,4.75,5.75,17.75,21.5,86.75,0.5095000000000001,0.45875,0.26575,0.4405,22.35,73.275,48.225,48.675,5.125,8.375,17.275,100.0,94.85,102.75,47.237500000000004,47.237500000000004,1.8330000000000002,0.27699999999999997
201511050MIN,MIA,240.0,37.25,80.5,0.463,8.0,22.75,0.3685,16.75,20.0,0.82775,8.0,36.0,44.0,20.25,7.75,7.0,14.0,20.5,99.25,0.55725,0.51375,0.28225,0.251,18.45,77.32499999999999,50.0,54.699999999999996,8.175,11.95,13.5,100.0,105.6,102.025,47.99999999999999,47.99999999999999,2.06875,0.42325,MIA,240.0,35.25,84.75,0.41550000000000004,7.25,26.5,0.27525,18.0,22.5,0.8055,11.0,33.25,44.25,21.5,6.75,2.25,12.75,18.0,95.75,0.50625,0.45875,0.3165,0.26525,22.675,81.55000000000001,50.0,60.675,7.125,3.8499999999999996,11.875,100.0,102.025,105.6,48.59375,48.59375,1.9755,0.44325000000000003
201511050POR,MEM,240.0,35.25,85.25,0.41950000000000004,5.5,20.5,0.27725,20.25,25.5,0.7874999999999999,11.5,33.0,44.5,24.0,7.75,5.25,12.5,24.75,96.25,0.5037499999999999,0.4525,0.241,0.30324999999999996,25.349999999999998,78.44999999999999,50.275000000000006,69.55,8.149999999999999,9.575,11.45,100.0,101.95,105.44999999999999,49.18125,49.18125,1.9735,0.49125,MEM,240.0,36.75,78.75,0.46475,8.25,22.0,0.35525,18.75,28.0,0.677,9.0,36.25,45.25,23.25,6.5,5.25,14.75,20.0,100.5,0.55075,0.51675,0.2795,0.3585,21.549999999999997,74.65,49.725,62.625,6.75,7.7,13.875,100.0,105.44999999999999,101.95,48.9,48.9,2.051,0.47375
201511060BOS,WAS,240.0,37.0,82.25,0.45325000000000004,8.25,23.5,0.3605,22.25,29.0,0.745,9.5,31.0,40.5,21.5,8.75,5.0,16.25,21.25,104.5,0.5527500000000001,0.50575,0.2875,0.36825,21.65,75.975,48.074999999999996,57.975,8.75,7.6,14.575,100.0,104.32499999999999,103.725,51.3875,51.3875,2.03275,0.42100000000000004,WAS,240.0,39.25,87.25,0.454,7.0,22.75,0.319,18.5,23.0,0.7915,10.25,34.0,44.25,23.75,7.75,4.0,17.0,26.25,104.0,0.537,0.49475,0.26149999999999995,0.27,24.025000000000002,78.35,51.925,60.175,7.775,6.7749999999999995,14.899999999999999,100.0,103.725,104.325,52.4625,52.4625,1.9785,0.45275
201511060BRK,LAL,240.0,35.75,87.5,0.40850000000000003,9.0,32.0,0.27849999999999997,26.25,32.0,0.8145,9.75,32.0,41.75,18.5,6.5,6.5,13.5,25.25,106.75,0.52525,0.4595,0.36550000000000005,0.36574999999999996,20.525000000000002,75.9,46.525000000000006,52.075,6.449999999999999,9.925,11.675,100.0,105.325,115.05,53.225,53.225,2.00425,0.3475,LAL,240.0,43.25,89.0,0.48475,7.25,23.0,0.31,23.0,28.5,0.7979999999999999,10.25,38.0,48.25,27.0,4.75,5.5,11.75,23.5,116.75,0.5745,0.52575,0.25975,0.323,24.1,79.475,53.475,63.25,4.675,9.825,10.325,100.0,115.05000000000001,105.32499999999999,52.01875,52.01875,2.2405000000000004,0.52125
201511060CLE,PHI,240.0,31.25,78.0,0.39475,6.5,22.25,0.306,19.25,24.5,0.8015,10.75,32.5,43.25,18.0,6.5,6.25,17.75,21.25,88.25,0.49524999999999997,0.4365,0.28275,0.33,24.625,77.425,50.275,59.925000000000004,6.799999999999999,9.825,16.65,100.0,93.55000000000001,108.64999999999999,48.31875,48.31875,1.82075,0.37375,PHI,240.0,38.0,85.0,0.4485,7.75,20.5,0.39575000000000005,18.5,22.25,0.8195,9.5,33.25,42.75,25.5,7.75,7.25,12.5,20.75,102.25,0.54025,0.494,0.24225,0.26175000000000004,22.575,75.375,49.75,66.89999999999999,8.3,13.149999999999999,11.575000000000001,100.0,108.65,93.55,49.284375,49.284375,2.07275,0.51475
201511060GSW,DEN,240.0,33.75,86.0,0.39499999999999996,6.5,22.75,0.2865,19.75,26.0,0.7585000000000001,13.25,31.75,45.0,20.25,6.0,5.0,13.5,20.25,93.75,0.48250000000000004,0.43300000000000005,0.26475000000000004,0.31375,27.5,74.05000000000001,49.6,58.925,6.300000000000001,8.274999999999999,12.2,100.0,98.775,110.10000000000001,49.3,49.3,1.8992499999999999,0.40875000000000006,DEN,240.0,37.0,82.0,0.45,8.0,21.5,0.34775,22.25,28.5,0.7615000000000001,10.75,34.75,45.5,22.75,7.75,6.5,14.0,25.25,104.25,0.5515,0.49725,0.2575,0.357,25.950000000000003,72.5,50.4,60.825,8.15,10.375,12.875,100.0,110.1,98.77499999999999,49.39375,49.39375,2.11025,0.46199999999999997
201511060IND,MIA,240.0,37.5,81.25,0.4615,6.0,21.25,0.29,16.25,21.0,0.7697499999999999,9.25,35.0,44.25,18.0,8.0,6.75,14.75,19.0,97.25,0.53725,0.49824999999999997,0.25975000000000004,0.26125,21.25,77.27499999999999,50.0,48.175,8.4,11.075,13.975,100.0,102.35000000000001,98.35,48.3625,48.3625,2.011,0.37324999999999997,MIA,240.0,34.5,85.0,0.4055,6.75,23.5,0.296,17.5,20.75,0.8430000000000001,10.75,33.75,44.5,21.5,7.5,3.5,14.75,20.75,93.25,0.49575,0.4455,0.28025,0.24375,22.724999999999998,78.75,50.0,61.87499999999999,7.85,5.799999999999999,13.6,100.0,98.35,102.35,49.428125,49.428125,1.8935,0.4375
201511060NOP,ATL,240.0,36.75,84.25,0.438,7.5,23.75,0.3215,16.5,20.5,0.81675,9.75,34.75,44.5,24.25,10.75,5.25,13.5,16.0,97.5,0.52425,0.48274999999999996,0.28225000000000006,0.246,21.05,73.725,48.075,66.0,11.45,9.225000000000001,12.65,100.0,103.29999999999998,96.6,48.86875,48.86875,1.99675,0.497,ATL,240.0,35.5,85.75,0.41425,9.0,29.0,0.29874999999999996,11.25,14.25,0.7897500000000001,12.25,35.5,47.75,21.75,8.25,8.0,16.5,18.5,91.25,0.4955,0.46624999999999994,0.3375,0.16625,26.3,78.94999999999999,51.925,62.3,8.75,13.1,15.125,100.0,96.6,103.30000000000001,48.384375,48.384375,1.886,0.4515
201511060NYK,MIL,240.0,36.0,77.5,0.46499999999999997,7.25,22.25,0.3235,19.25,23.75,0.8107500000000001,7.25,27.0,34.25,25.5,6.75,5.25,14.5,23.75,98.5,0.56075,0.51175,0.28750000000000003,0.31074999999999997,19.575,69.825,45.075,70.7,7.225,8.95,14.225000000000001,100.0,105.825,109.42500000000001,48.015625,48.015625,2.04975,0.528,MIL,240.0,36.5,79.5,0.46175,8.75,23.25,0.38525,20.0,25.25,0.78825,12.0,30.25,42.25,22.75,6.5,5.25,17.5,21.25,101.75,0.56225,0.51775,0.2935,0.333,30.175,80.42500000000001,54.925,62.75,7.050000000000001,9.225000000000001,16.225,100.0,109.42500000000001,105.825,48.496875,48.496875,2.0945,0.46924999999999994
201511060ORL,TOR,240.0,36.75,83.25,0.441,8.0,20.5,0.3785,24.5,30.0,0.80325,12.25,35.5,47.75,18.75,11.25,3.75,16.0,23.5,106.0,0.5495000000000001,0.48850000000000005,0.24474999999999997,0.365,29.25,78.45,55.075,50.65,11.7,6.425000000000001,14.149999999999999,100.0,109.70000000000002,97.85,50.625,50.625,2.09725,0.37050000000000005,TOR,240.0,33.25,80.5,0.414,6.75,22.75,0.296,21.5,26.0,0.83925,9.75,29.25,39.0,22.5,8.25,6.0,17.25,25.75,94.75,0.518,0.45575000000000004,0.28200000000000003,0.32299999999999995,21.55,70.75,44.925,67.9,8.325,9.425,15.95,100.0,97.85,109.69999999999999,50.175,50.175,1.89325,0.45125000000000004
201511060PHO,DET,246.25,34.75,90.0,0.38725000000000004,7.5,24.5,0.30574999999999997,17.5,26.25,0.66275,17.5,35.75,53.25,17.75,6.0,3.5,15.5,18.75,94.5,0.4675,0.4295,0.271,0.29925,32.8,82.3,55.49999999999999,51.025000000000006,6.124999999999999,5.675,13.2,100.0,98.55,96.275,50.234375,51.68359375,1.8857499999999998,0.35324999999999995,DET,246.25,36.0,82.25,0.43875,6.0,21.0,0.27125,14.25,18.5,0.7905,7.75,34.75,42.5,19.0,9.0,5.5,15.25,23.25,92.25,0.5105,0.4745,0.253,0.22725,17.700000000000003,67.2,44.5,52.650000000000006,9.4,8.35,14.375,100.0,96.27499999999999,98.55000000000001,49.26875,50.666536457499994,1.8755,0.38625
201511060SAC,HOU,246.25,36.25,84.5,0.42724999999999996,8.75,30.5,0.28225,21.25,29.25,0.736,9.5,31.75,41.25,22.25,9.5,5.0,16.0,21.25,102.5,0.525,0.47875,0.36200000000000004,0.34475,20.675,73.7,46.625,61.55,9.4,7.749999999999999,14.15,100.0,102.05,109.85,52.446875,53.8420572925,1.95,0.4235,HOU,246.25,42.75,88.5,0.48275,8.75,22.75,0.385,15.75,21.75,0.7282500000000001,11.25,35.75,47.0,23.75,9.75,6.0,14.5,22.25,110.0,0.5609999999999999,0.533,0.2575,0.246,26.299999999999997,79.325,53.375,55.25,9.75,11.125,12.774999999999999,100.0,109.85,102.05000000000001,51.040625000000006,52.40813802,2.15725,0.46599999999999997
201511070ATL,WAS,240.0,37.75,83.25,0.45725,8.5,22.75,0.378,23.0,28.5,0.79075,8.25,31.25,39.5,23.0,9.25,4.75,18.0,24.5,107.0,0.56175,0.51075,0.27525,0.359,19.9,76.80000000000001,47.875,61.075,9.0,7.525,15.7,100.0,104.12500000000001,108.44999999999999,53.268750000000004,53.268750000000004,2.01725,0.43600000000000005,WAS,240.0,41.0,86.5,0.47500000000000003,8.75,23.75,0.371,21.0,25.75,0.8204999999999999,9.75,33.75,43.5,24.75,10.0,3.75,17.75,26.0,111.75,0.5715,0.52475,0.27375,0.29925,23.2,80.1,52.125,60.275000000000006,9.6,6.075,15.399999999999999,100.0,108.45,104.125,53.365625,53.365625,2.0917499999999998,0.46475
201511070CHI,MIN,240.0,33.0,79.5,0.416,3.5,14.0,0.249,28.5,34.75,0.83025,7.75,35.5,43.25,20.0,6.75,5.0,14.0,24.75,98.0,0.5165,0.4375,0.1755,0.444,18.049999999999997,75.6,48.025000000000006,60.3,6.875,8.05,12.875,100.0,99.60000000000001,99.32500000000002,51.128125,51.128125,1.916,0.39049999999999996,MIN,240.0,35.5,87.5,0.4105,6.75,25.75,0.26275,20.0,25.0,0.7835000000000001,11.75,35.0,46.75,16.25,5.0,5.0,14.75,25.5,97.75,0.49925,0.44875,0.2905,0.2885,24.4,81.95,51.974999999999994,46.2,5.125,7.575,13.125,100.0,99.325,99.60000000000001,51.1875,51.1875,1.9075,0.31675
201511070DAL,NOP,240.0,39.0,91.25,0.42800000000000005,10.25,30.25,0.34075,17.5,22.5,0.7689999999999999,9.25,32.0,41.25,23.5,8.0,5.5,13.0,19.5,105.75,0.52325,0.4845,0.33499999999999996,0.248,18.549999999999997,84.0,47.099999999999994,60.97500000000001,7.875,9.0,11.375,100.0,103.85,115.35,52.84375000000001,52.84375000000001,2.002,0.4465,NOP,240.0,43.25,84.75,0.51175,11.25,25.25,0.44,19.75,24.0,0.857,6.25,40.0,46.25,25.5,8.0,4.25,13.75,21.0,117.5,0.61625,0.5785,0.2985,0.291,16.025,81.44999999999999,52.900000000000006,59.2,7.85,7.175000000000001,12.575,100.0,115.35000000000001,103.85000000000001,51.825,51.825,2.265,0.492
201511070LAC,HOU,246.25,38.75,84.5,0.45775,11.25,33.75,0.33225,19.75,27.0,0.743,10.0,31.25,41.25,23.25,10.75,3.75,17.25,22.75,108.5,0.5619999999999999,0.5245,0.40175,0.31725,22.575000000000003,72.275,47.2,60.1,10.625,5.95,15.2,100.0,107.35,108.6,52.2875,53.6826822925,2.0732500000000003,0.44425000000000003,HOU,246.25,42.0,88.5,0.47475,8.75,23.25,0.37875000000000003,16.75,22.75,0.7392500000000001,12.0,34.0,46.0,23.75,11.0,5.75,16.25,21.0,109.5,0.5565,0.52475,0.26275,0.25675000000000003,27.725,77.42500000000001,52.8,56.375,10.925,11.05,14.1,100.0,108.6,107.35,51.778125,53.14563802,2.11775,0.45899999999999996
201511070MIL,BRK,240.0,37.5,83.5,0.45025,4.25,18.0,0.23575,13.75,18.25,0.7510000000000001,11.5,30.25,41.75,21.75,5.25,4.25,16.0,23.25,93.0,0.50875,0.476,0.21575,0.2195,27.175,80.325,52.3,58.2,5.625,7.9,14.85,100.0,100.14999999999999,110.19999999999999,48.334375,48.334375,1.925,0.4515,BRK,240.0,35.5,76.75,0.46399999999999997,8.25,22.75,0.3625,23.0,29.5,0.779,7.5,30.5,38.0,22.75,9.0,6.25,12.75,20.25,102.25,0.571,0.5175,0.29674999999999996,0.3837499999999999,19.675,72.82499999999999,47.7,63.775,9.7,9.725,12.450000000000001,100.0,110.2,100.15,48.006249999999994,48.006249999999994,2.13775,0.48224999999999996
201511070PHI,ORL,246.25,39.0,87.0,0.4475,7.5,21.5,0.35075,13.5,17.5,0.7875,9.25,34.75,44.0,23.75,7.0,6.0,15.0,21.75,99.0,0.523,0.49125,0.25025,0.20425,21.45,72.35,48.525000000000006,61.175000000000004,7.1000000000000005,10.4,13.649999999999999,100.0,101.5,100.45,50.53125,51.898763020000004,1.9577499999999999,0.46950000000000003,ORL,246.25,34.25,87.75,0.39025,8.75,30.25,0.281,20.75,27.5,0.76225,13.0,33.25,46.25,21.75,8.0,5.75,13.75,17.0,98.0,0.48975,0.44000000000000006,0.34375,0.3135,27.65,78.55000000000001,51.475,62.900000000000006,8.1,8.85,12.025,100.0,100.45,101.5,50.78125,52.176432292499996,1.92575,0.42425
201511070SAC,GSW,240.0,43.5,86.5,0.5035000000000001,13.75,29.5,0.46275,20.25,28.5,0.69425,8.75,40.75,49.5,31.5,8.5,7.0,14.0,20.75,121.0,0.611,0.5825,0.33975,0.33325,20.525,77.15,52.25,72.425,8.225000000000001,9.825000000000001,12.25,100.0,117.65,97.475,52.64375,52.64375,2.298,0.59775,GSW,240.0,38.5,94.0,0.41100000000000003,6.75,22.75,0.29775,16.5,21.75,0.756,11.75,32.5,44.25,22.5,7.75,5.0,14.0,23.25,100.25,0.48450000000000004,0.44675000000000004,0.24275,0.23174999999999998,22.849999999999998,79.47500000000001,47.75,60.849999999999994,7.5,8.75,11.825,100.0,97.475,117.64999999999999,53.290625,53.290625,1.88225,0.42350000000000004
201511070SAS,CHO,240.0,39.75,88.5,0.44775,11.5,29.25,0.40225,15.0,17.0,0.87075,10.5,39.25,49.75,23.75,7.0,7.25,12.25,17.5,106.0,0.55025,0.51275,0.33175,0.1915,23.075,84.47500000000001,54.075,61.7,7.25,12.5,11.274999999999999,100.0,109.675,101.0,49.1625,49.1625,2.154,0.48449999999999993,CHO,240.0,37.25,85.75,0.43325,8.75,27.75,0.31575,14.25,17.75,0.7415,7.25,35.25,42.5,22.0,7.75,3.0,12.75,16.25,97.5,0.521,0.484,0.3235,0.21050000000000002,15.525,76.95,45.925,58.9,8.049999999999999,5.575,12.0,100.0,101.0,109.67500000000001,49.840625,49.840625,1.9555000000000002,0.44125000000000003
201511070UTA,MEM,240.0,34.25,84.0,0.41474999999999995,5.5,21.5,0.25525,18.25,23.5,0.76775,10.25,32.75,43.0,22.5,5.75,5.25,11.0,22.0,92.25,0.4952500000000001,0.44825,0.25725,0.28300000000000003,22.224999999999998,76.55,48.0,67.22500000000001,6.15,9.175,10.35,100.0,100.25,111.55,47.95625,47.95625,1.94625,0.47200000000000003,MEM,240.0,38.5,81.0,0.47275,9.0,22.0,0.38025000000000003,17.5,27.0,0.6499999999999999,10.0,37.5,47.5,24.75,5.5,5.0,11.75,19.25,103.5,0.55525,0.527,0.2695,0.339,23.450000000000003,77.775,52.0,63.55,5.7749999999999995,7.500000000000001,11.200000000000001,100.0,111.55,100.25,47.7875,47.7875,2.16825,0.51825
201511080CLE,IND,240.0,34.25,82.25,0.41675,6.0,19.5,0.305,15.5,21.5,0.7449999999999999,12.25,30.75,43.0,17.5,9.25,4.5,16.25,18.25,90.0,0.49075,0.45275,0.23625,0.26375000000000004,26.35,69.125,47.875,50.175,9.9,6.8500000000000005,15.174999999999999,100.0,96.89999999999999,97.94999999999999,48.231249999999996,48.231249999999996,1.8659999999999999,0.36324999999999996,IND,240.0,35.75,84.5,0.42324999999999996,6.75,21.0,0.32425,12.75,17.5,0.7197499999999999,14.0,32.5,46.5,17.5,8.25,5.0,17.5,21.5,91.0,0.49400000000000005,0.46324999999999994,0.24950000000000003,0.20700000000000002,30.875,73.65,52.125,49.075,8.825,7.95,15.774999999999999,100.0,97.94999999999999,96.9,48.15625,48.15625,1.8900000000000001,0.365
201511080MIA,TOR,240.0,35.25,84.25,0.4185,6.5,19.75,0.327,22.5,28.5,0.7787499999999999,13.75,31.75,45.5,16.25,9.75,4.25,13.0,19.75,99.5,0.5145000000000001,0.4565,0.23224999999999998,0.34249999999999997,31.275,77.6,53.62500000000001,45.5,10.55,7.550000000000001,11.825,100.0,108.05,99.92500000000001,48.51875,48.51875,2.0505,0.33575,TOR,240.0,33.5,78.5,0.42724999999999996,7.25,22.5,0.31875,17.75,21.25,0.8375,9.5,30.0,39.5,22.25,5.75,6.25,16.0,25.0,92.0,0.52575,0.47300000000000003,0.28675000000000006,0.274,22.4,68.72500000000001,46.375,66.6,6.2250000000000005,9.65,15.45,100.0,99.92500000000001,108.05000000000001,47.546875,47.546875,1.9355,0.4685
201511080NYK,LAL,240.0,35.25,84.5,0.41700000000000004,8.5,29.25,0.28825,26.0,33.25,0.7797499999999999,8.0,31.75,39.75,17.5,8.25,7.0,14.0,23.5,105.0,0.5295,0.46675,0.34475,0.39675000000000005,17.225,72.325,44.349999999999994,49.824999999999996,8.174999999999999,10.375,12.325000000000001,100.0,103.3,111.30000000000001,53.146875,53.146875,1.9745000000000001,0.3295,LAL,240.0,43.75,91.5,0.47775,6.75,22.75,0.28700000000000003,19.0,24.25,0.776,12.25,37.75,50.0,26.25,5.5,6.0,13.5,24.25,113.25,0.55375,0.5152500000000001,0.25049999999999994,0.26525,27.675,82.775,55.65,60.575,5.4,10.775,11.65,100.0,111.30000000000001,103.3,52.134375000000006,52.134375000000006,2.168,0.50575
201511080OKC,PHO,240.0,39.25,91.75,0.4315,11.0,28.75,0.3965,12.25,18.0,0.67875,11.75,35.75,47.5,20.0,10.25,3.5,14.0,20.0,101.75,0.514,0.4925,0.31225,0.1975,24.475,84.775,52.75,50.675000000000004,10.45,6.625,12.375,100.0,103.675,99.05,51.275000000000006,51.275000000000006,1.9845,0.39075,PHO,240.0,36.75,79.5,0.46275,8.75,25.5,0.34924999999999995,15.0,24.75,0.61025,6.5,36.25,42.75,20.0,7.0,4.25,14.75,20.25,97.25,0.53825,0.5175000000000001,0.321,0.31675,15.225,75.525,47.25,54.425,7.15,6.75,14.0,100.0,99.05,103.675,49.753125,49.753125,1.95425,0.40225
201511080POR,DET,246.25,34.75,84.5,0.41600000000000004,6.5,22.75,0.29325,17.0,28.75,0.5954999999999999,13.25,37.0,50.25,15.75,6.75,3.5,15.5,20.25,93.0,0.48350000000000004,0.456,0.26975,0.353,26.174999999999997,81.075,53.224999999999994,45.6,6.85,5.5,13.7,100.0,95.95,94.825,50.203125,51.65234375,1.857,0.31375,DET,246.25,36.0,84.75,0.4265,6.5,21.75,0.2805,13.25,18.0,0.7442500000000001,8.75,35.25,44.0,17.0,8.75,5.25,15.5,24.25,91.75,0.49575,0.46375,0.25225,0.21675000000000003,18.924999999999997,73.825,46.775000000000006,47.224999999999994,9.075,8.299999999999999,14.275,100.0,94.825,95.94999999999999,50.025,51.422786457499996,1.8372499999999998,0.34075
201511090ATL,MIN,246.25,33.25,82.75,0.403,4.0,13.0,0.296,25.0,32.25,0.77825,9.75,38.25,48.0,20.5,8.0,5.75,15.75,24.0,95.5,0.49375,0.42625,0.157,0.40275000000000005,20.95,77.65,50.25,61.175,8.0,9.15,14.05,100.0,95.425,93.3,52.034375000000004,53.46438802000001,1.8345000000000002,0.39174999999999993,MIN,246.25,35.0,88.25,0.402,7.25,25.25,0.28250000000000003,16.0,22.0,0.7289999999999999,11.25,36.0,47.25,16.75,6.25,5.5,16.0,24.75,93.25,0.48025,0.4425,0.282,0.253,22.35,79.05,49.75,48.5,6.25,7.874999999999999,14.1,100.0,93.3,95.425,51.725,53.18235677,1.80725,0.32249999999999995
201511090DEN,POR,240.0,41.75,82.25,0.5095000000000001,11.0,27.5,0.39999999999999997,13.5,22.5,0.6214999999999999,11.25,34.0,45.25,20.5,4.5,4.5,16.25,23.25,108.0,0.58725,0.5765,0.33399999999999996,0.27699999999999997,28.174999999999997,74.3,52.625,48.775000000000006,4.725,7.074999999999999,14.975000000000001,100.0,115.0,108.42499999999998,48.96875,48.96875,2.2145,0.42375,POR,240.0,37.75,85.0,0.444,6.5,21.75,0.289,20.25,28.75,0.7002499999999999,12.25,28.5,40.75,16.75,9.75,5.5,10.25,18.5,102.25,0.52475,0.48125000000000007,0.25275000000000003,0.34275,25.7,71.825,47.375,45.025,10.225,10.2,9.475,100.0,108.425,114.99999999999999,48.32812499999999,48.32812499999999,2.1202500000000004,0.34750000000000003
201511090GSW,DET,246.25,39.0,90.0,0.43724999999999997,7.5,25.5,0.293,14.5,25.75,0.58225,15.75,35.25,51.0,15.75,9.5,3.75,15.25,19.25,100.0,0.49624999999999997,0.47950000000000004,0.28375,0.29550000000000004,30.249999999999996,78.65,53.325,40.775,9.675,6.375,13.125,100.0,101.42500000000001,97.275,50.865625,52.31484375,1.9735,0.309,DET,246.25,37.5,85.0,0.4445,8.25,25.0,0.32875000000000004,12.5,17.25,0.7324999999999999,9.5,35.0,44.5,19.25,9.0,4.5,18.0,23.5,95.75,0.52025,0.4935,0.2945,0.206,21.35,69.75,46.675,51.125,9.25,6.775,16.35,100.0,97.27499999999999,101.42500000000001,50.846875,52.244661457499994,1.88675,0.3805
201511090IND,ORL,246.25,40.0,85.25,0.46775,7.25,19.0,0.39025,16.25,19.25,0.8592500000000001,8.75,34.75,43.5,24.5,7.75,5.0,14.25,22.75,103.5,0.55175,0.51075,0.2255,0.22925,21.775,72.8,49.550000000000004,61.550000000000004,7.925000000000001,9.475,13.175,100.0,106.725,102.225,49.946875000000006,51.314388019999996,2.0705,0.49,ORL,246.25,35.0,86.0,0.408,9.75,31.5,0.30175,19.5,28.5,0.68075,12.75,31.25,44.0,22.0,7.75,6.25,14.5,18.0,99.25,0.50325,0.46475,0.36650000000000005,0.3315,27.199999999999996,78.225,50.45,62.150000000000006,7.875,9.450000000000001,12.774999999999999,100.0,102.22500000000001,106.725,50.64375,52.03893229249999,1.9565,0.4305
201511090LAC,MEM,240.0,33.25,86.75,0.391,4.75,20.5,0.2365,15.5,20.0,0.78575,10.75,32.75,43.5,20.0,6.25,5.0,12.25,22.5,86.75,0.46025000000000005,0.41875,0.2375,0.234,22.375,76.05000000000001,47.474999999999994,61.425,6.6,8.950000000000001,11.275,100.0,93.0,109.8,48.875,48.875,1.7937500000000002,0.41050000000000003,MEM,240.0,36.75,79.75,0.45725000000000005,11.25,25.5,0.4335,18.25,27.0,0.6915,10.25,38.75,49.0,24.0,6.5,6.75,14.0,18.75,103.0,0.56025,0.527,0.3195,0.34275,23.950000000000003,77.625,52.525000000000006,64.25,6.8,9.65,13.275,100.0,109.8,93.0,48.1625,48.1625,2.1420000000000003,0.49874999999999997
201511090PHI,CHI,246.25,37.5,90.0,0.41674999999999995,9.75,27.0,0.3625,13.75,18.5,0.68625,9.0,35.25,44.25,22.25,5.5,5.25,12.25,19.5,98.5,0.503,0.471,0.29975,0.2055,19.424999999999997,74.95,47.22500000000001,59.85,5.550000000000001,7.325,10.975,100.0,100.92500000000001,106.42500000000001,51.018750000000004,52.47610677,1.9412500000000001,0.43800000000000006,CHI,246.25,39.75,90.25,0.44075,8.25,18.75,0.434,16.5,21.75,0.75625,11.75,37.5,49.25,23.5,5.75,7.5,12.25,17.75,104.25,0.5225,0.4865,0.20775000000000002,0.24025,25.049999999999997,80.57499999999999,52.775000000000006,59.325,5.7749999999999995,11.975,10.825,100.0,106.425,100.925,50.540625,51.97063802,2.07175,0.46475
201511090SAC,SAS,240.0,39.25,81.0,0.48525,6.25,18.75,0.3295,15.75,21.25,0.7444999999999999,8.25,38.5,46.75,24.75,8.0,4.75,15.75,18.75,100.5,0.55625,0.5235,0.23125,0.26175,21.875,79.25,54.2,62.375,8.375,7.05,14.75,100.0,105.55000000000001,96.175,49.296875,49.296875,2.042,0.50325,SAS,240.0,35.75,86.75,0.4165,6.0,21.0,0.29475,14.25,20.0,0.72675,10.75,29.25,40.0,20.0,9.0,2.75,12.75,19.5,91.75,0.48375,0.4515,0.2415,0.24125000000000002,20.75,78.125,45.8,55.37499999999999,9.425,4.35,11.75,100.0,96.17500000000001,105.55,49.125,49.125,1.8702500000000002,0.40575000000000006
201511100CLE,UTA,240.0,35.0,83.75,0.41800000000000004,8.5,22.5,0.3775,15.0,21.5,0.7095,13.0,31.75,44.75,16.25,9.5,7.0,14.25,23.0,93.5,0.50425,0.47,0.2725,0.25575,28.924999999999997,74.075,51.275,46.525000000000006,10.25,12.075,13.350000000000001,100.0,101.775,94.325,47.606249999999996,47.606249999999996,1.9657499999999999,0.344,UTA,240.0,31.75,77.5,0.41275000000000006,6.5,20.25,0.31025,16.75,25.25,0.7090000000000001,11.0,31.75,42.75,13.25,6.25,5.25,17.5,19.75,86.75,0.49075,0.45499999999999996,0.26375000000000004,0.33549999999999996,25.924999999999997,71.07499999999999,48.724999999999994,43.225,6.75,8.1,16.525,100.0,94.325,101.775,47.996875,47.996875,1.8082500000000001,0.27725
201511100MIA,LAL,240.0,34.0,85.75,0.3975,8.0,27.5,0.2905,24.25,32.25,0.7374999999999999,9.0,33.0,42.0,17.25,8.25,5.5,11.5,22.5,100.25,0.50225,0.444,0.32099999999999995,0.38225,18.6,75.55,46.125,50.825,8.399999999999999,8.85,10.375,100.0,102.14999999999999,107.07499999999999,51.784375000000004,51.784375000000004,1.9352500000000001,0.33399999999999996,LAL,240.0,39.0,87.25,0.44725,7.5,24.0,0.302,19.5,24.0,0.79975,10.75,38.25,49.0,25.25,5.25,5.5,12.25,22.25,105.0,0.53725,0.49050000000000005,0.27625,0.27725,24.45,81.4,53.87499999999999,64.75,5.325,9.475,11.05,100.0,107.07500000000002,102.15,50.075,50.075,2.09675,0.50475
201511100MIL,BOS,240.0,36.5,90.75,0.40225,8.75,28.0,0.3115,19.75,25.0,0.7917500000000001,13.25,33.0,46.25,22.0,12.25,4.5,17.25,23.5,101.5,0.49949999999999994,0.45075000000000004,0.309,0.28175,25.924999999999997,73.22500000000001,47.699999999999996,60.875,11.775,7.125,14.55,100.0,99.05,99.275,53.3125,53.3125,1.9052499999999999,0.4125,BOS,240.0,35.75,86.0,0.41675,8.0,23.25,0.33849999999999997,22.0,28.0,0.77975,12.5,38.0,50.5,21.5,10.25,4.5,19.25,24.0,101.5,0.5165,0.4635,0.27075,0.32699999999999996,26.775000000000002,74.07499999999999,52.300000000000004,60.075,10.05,6.875,16.35,100.0,99.27499999999999,99.05000000000001,53.025,53.025,1.918,0.40475
201511100MIN,CHO,240.0,39.25,84.75,0.462,10.0,26.5,0.38125000000000003,17.5,21.5,0.83975,8.75,35.75,44.5,21.75,7.0,5.75,11.5,17.0,106.0,0.5605,0.52025,0.3115,0.26075,20.15,84.0,51.45,56.74999999999999,7.299999999999999,10.0,10.95,100.0,110.375,106.22500000000001,48.85625,48.85625,2.1660000000000004,0.44599999999999995,CHO,240.0,39.5,85.25,0.46375,9.0,27.25,0.336,13.75,18.0,0.7112499999999999,6.75,35.0,41.75,25.0,8.25,2.75,12.0,18.5,101.75,0.54675,0.51625,0.319,0.21525,16.0,79.875,48.55,62.375,8.649999999999999,5.25,11.424999999999999,100.0,106.225,110.375,49.525,49.525,2.0547500000000003,0.5055000000000001
201511100NOP,DAL,240.0,36.25,84.75,0.4275,8.25,26.5,0.31325000000000003,18.0,22.5,0.79425,9.0,35.75,44.75,21.25,5.75,2.75,12.0,19.25,98.75,0.52225,0.476,0.313,0.2665,19.450000000000003,81.05,50.0,58.425,5.975,4.75,11.225000000000001,100.0,102.6,104.125,49.21875,49.21875,2.00775,0.4325,DAL,240.0,37.75,85.5,0.44075000000000003,7.5,26.5,0.28275,17.25,21.0,0.82625,8.25,36.5,44.75,19.0,7.75,6.75,12.75,23.75,100.25,0.5295000000000001,0.485,0.309,0.247,18.95,80.55000000000001,50.0,50.925,8.05,11.65,11.85,100.0,104.125,102.60000000000001,49.9875,49.9875,2.0065,0.38075
201511100TOR,NYK,240.0,32.75,84.5,0.38825,6.25,22.0,0.28525,18.5,23.25,0.794,12.5,33.5,46.0,18.75,5.5,5.0,11.5,19.5,90.25,0.477,0.425,0.26225,0.27649999999999997,26.575,76.075,50.475,57.225,5.975,8.0,10.8,100.0,98.175,104.57499999999999,47.271874999999994,47.271874999999994,1.90775,0.39625000000000005,NYK,240.0,35.75,84.25,0.42675,5.75,20.25,0.27849999999999997,18.75,25.25,0.73275,10.5,34.5,45.0,20.5,6.0,4.25,11.25,17.0,96.0,0.50525,0.46025000000000005,0.2375,0.301,23.925,73.45,49.525,57.55,6.525,6.65,10.649999999999999,100.0,104.575,98.17500000000001,48.496875,48.496875,1.98325,0.424
201511100WAS,OKC,240.0,41.5,86.0,0.48124999999999996,6.75,19.75,0.342,16.5,21.5,0.7805,12.75,35.25,48.0,22.5,7.75,8.75,16.75,24.0,106.25,0.5555,0.52125,0.2305,0.2475,29.65,79.05,54.775,54.400000000000006,7.675000000000001,13.325000000000001,14.8,100.0,107.5,106.72500000000001,50.10625,50.10625,2.1172500000000003,0.45050000000000007,OKC,240.0,38.0,85.5,0.44375,7.0,19.25,0.3735,22.0,28.75,0.76375,9.25,30.5,39.75,18.0,10.5,4.5,13.75,20.0,105.0,0.535,0.48425,0.22325,0.34075,20.95,70.35,45.22500000000001,46.875,10.55,6.975,12.075,100.0,106.725,107.5,51.828125,51.828125,2.03375,0.3475
201511110ATL,NOP,240.0,39.75,88.0,0.45225,11.25,31.75,0.35275,16.0,20.0,0.8047500000000001,8.0,34.0,42.0,24.75,9.25,6.75,12.25,22.25,106.75,0.55175,0.516,0.36050000000000004,0.22775,17.275,82.0,47.875,62.85000000000001,9.274999999999999,10.6,11.25,100.0,107.45,109.825,50.875,50.875,2.10025,0.4865,NOP,240.0,40.5,84.75,0.47950000000000004,7.5,20.75,0.36075,20.5,23.75,0.88025,7.5,38.0,45.5,23.5,6.0,3.75,13.75,18.25,109.0,0.57375,0.52475,0.2465,0.28625,18.025,82.725,52.125,57.900000000000006,6.049999999999999,6.7250000000000005,12.575000000000001,100.0,109.825,107.45,51.140625,51.140625,2.1332500000000003,0.4595
201511110BOS,IND,240.0,36.0,84.5,0.4275,7.5,20.25,0.3635,16.5,23.5,0.7007500000000001,12.0,34.25,46.25,21.5,7.75,3.5,12.75,17.75,96.0,0.508,0.47250000000000003,0.2415,0.279,24.525,77.69999999999999,50.525,59.9,8.2,6.425,11.85,100.0,102.925,99.35,48.20625,48.20625,1.9917500000000001,0.44599999999999995,IND,240.0,35.0,81.25,0.43025,8.5,26.0,0.3265,14.0,19.25,0.724,10.0,35.25,45.25,20.5,6.5,4.5,15.25,20.25,92.5,0.51475,0.48274999999999996,0.321,0.23600000000000002,22.3,75.475,49.474999999999994,58.199999999999996,6.8999999999999995,7.0,14.400000000000002,100.0,99.35000000000001,102.925,47.821875,47.821875,1.9375,0.43100000000000005
201511110CHO,NYK,240.0,35.25,86.0,0.40875,8.0,24.5,0.32775,18.5,22.5,0.82575,11.5,33.25,44.75,20.0,5.5,6.0,11.25,21.75,97.0,0.50475,0.4545,0.28625,0.26475,25.475,73.30000000000001,49.275000000000006,57.050000000000004,5.825,9.475,10.5,100.0,103.75,106.8,48.21875,48.21875,2.0085,0.41425,NYK,240.0,35.25,85.5,0.41325,5.75,21.25,0.26025,23.5,30.75,0.755,12.0,34.0,46.0,21.5,6.25,4.0,10.75,18.25,99.75,0.50425,0.4465,0.24674999999999997,0.3632500000000001,26.7,74.55,50.725,61.0,6.675,6.425000000000001,9.825,100.0,106.8,103.75,49.428125,49.428125,2.0202500000000003,0.4355
201511110DAL,LAC,240.0,37.5,81.25,0.45875,6.25,22.25,0.27925,21.0,26.75,0.7695000000000001,8.0,34.0,42.0,21.75,5.75,5.5,13.0,21.75,102.25,0.55025,0.49725,0.275,0.3405,18.725,74.95,47.875,57.224999999999994,5.975,8.674999999999999,12.325000000000001,100.0,105.85000000000001,105.82499999999999,49.478125,49.478125,2.06575,0.43775,LAC,240.0,37.0,87.25,0.4265,7.0,24.25,0.275,21.25,27.5,0.7687499999999999,11.5,34.5,46.0,22.0,8.0,3.0,12.25,24.25,102.25,0.516,0.466,0.27475,0.31975,25.05,81.275,52.125,59.449999999999996,8.325,5.0,11.0,100.0,105.82499999999999,105.85,50.53125,50.53125,2.0212499999999998,0.4355
201511110DEN,MIL,240.0,34.25,80.5,0.42524999999999996,6.25,18.5,0.32875,17.0,21.25,0.78775,10.0,29.75,39.75,21.5,7.75,4.25,13.5,19.25,91.75,0.5105000000000001,0.464,0.22925,0.26649999999999996,23.175,67.725,45.5,62.075,8.575,7.025,13.100000000000001,100.0,101.375,100.625,47.046875,47.046875,1.9495,0.45599999999999996,MIL,240.0,34.75,82.5,0.421,5.0,22.75,0.23675,16.5,20.25,0.8210000000000001,14.25,33.5,47.75,20.5,7.25,5.75,15.75,20.25,91.0,0.49775,0.45125000000000004,0.27525,0.24599999999999997,32.275,76.825,54.5,59.099999999999994,8.025,9.325,14.675,100.0,100.625,101.375,46.809375,46.809375,1.94425,0.43775000000000003
201511110HOU,BRK,240.0,36.5,84.25,0.43375,4.25,17.0,0.26125,14.5,18.5,0.7815000000000001,13.75,30.25,44.0,21.0,7.25,4.25,17.5,22.25,91.75,0.497,0.45925,0.20199999999999999,0.2205,30.9,80.75,53.625,57.6,7.800000000000001,7.7749999999999995,15.975,100.0,98.125,107.575,48.39375,48.39375,1.8952499999999999,0.4345,BRK,240.0,36.25,77.25,0.47050000000000003,8.0,22.0,0.36475,20.0,26.5,0.75225,7.25,30.5,37.75,23.0,9.75,7.25,14.25,19.5,100.5,0.56625,0.52225,0.28574999999999995,0.345,19.25,69.1,46.375,62.9,10.475,11.025,13.825000000000001,100.0,107.575,98.125,48.41875,48.41875,2.0815,0.48249999999999993
201511110MEM,GSW,240.0,41.5,90.25,0.46,11.75,30.75,0.405,16.0,21.0,0.76,12.5,33.0,45.5,31.0,10.5,4.25,16.5,19.25,110.75,0.55675,0.52475,0.33975,0.23525,28.275,74.3,51.425,74.325,10.5,6.35,14.125,100.0,110.525,100.125,52.1125,52.1125,2.1260000000000003,0.59325,GSW,240.0,40.0,88.0,0.45524999999999993,7.0,21.0,0.33225,13.25,18.75,0.7010000000000001,11.25,31.5,42.75,22.0,9.25,3.75,17.75,19.75,100.25,0.52075,0.4945,0.23825,0.21225,25.7,71.725,48.575,55.175,9.149999999999999,6.425,15.499999999999998,100.0,100.125,110.525,51.703125,51.703125,1.9420000000000002,0.42575
201511110ORL,LAL,240.0,34.75,83.75,0.41675,8.25,24.5,0.342,21.25,28.25,0.7375,8.25,32.25,40.5,18.0,8.0,5.0,12.75,22.75,99.0,0.5165000000000001,0.46625000000000005,0.2925,0.339,17.9,72.15,45.425000000000004,51.75,8.25,7.625,11.9,100.0,102.4,108.32499999999999,50.834375,50.834375,1.9455,0.357,LAL,240.0,38.5,86.5,0.44525,6.0,21.5,0.27275,21.5,26.75,0.7975,12.5,36.0,48.5,24.0,5.75,6.25,12.0,19.75,104.5,0.532,0.48025000000000007,0.2495,0.3115,27.85,82.1,54.574999999999996,62.375,5.95,10.7,10.775,100.0,108.32500000000002,102.4,49.353125000000006,49.353125000000006,2.1189999999999998,0.48650000000000004
201511110PHI,TOR,240.0,32.0,80.0,0.40025,4.25,18.25,0.24175,25.5,32.25,0.787,12.0,32.0,44.0,16.75,8.5,4.75,12.5,18.0,93.75,0.49650000000000005,0.4265,0.2285,0.40125,26.750000000000004,75.325,50.400000000000006,52.0,9.200000000000001,7.725,11.85,100.0,101.775,108.07500000000002,47.909375000000004,47.909375000000004,1.9489999999999998,0.349,TOR,240.0,37.25,84.25,0.44225,9.0,22.75,0.3965,15.75,19.75,0.80975,10.75,32.5,43.25,22.0,7.0,7.25,12.5,25.25,99.25,0.5342500000000001,0.49525,0.272,0.23675000000000002,24.674999999999997,73.25,49.60000000000001,59.300000000000004,7.6,11.875,11.875,100.0,108.07499999999999,101.77499999999999,47.690625000000004,47.690625000000004,2.07925,0.46074999999999994
201511110POR,SAS,240.0,41.75,82.0,0.509,6.5,19.75,0.32899999999999996,13.25,17.75,0.74625,7.75,37.75,45.5,27.75,8.25,5.0,15.25,19.5,103.25,0.57425,0.5482499999999999,0.24000000000000002,0.218,20.6,80.675,54.0,65.57499999999999,8.649999999999999,7.575,14.425,100.0,108.55000000000001,96.625,48.965625,48.965625,2.109,0.56575,SAS,240.0,35.5,83.25,0.4285,6.25,18.5,0.335,14.75,21.25,0.70125,9.5,29.75,39.25,21.0,9.0,2.75,13.5,17.25,92.0,0.49825,0.46599999999999997,0.224,0.262,19.325,79.4,46.0,58.75,9.45,4.35,12.7,100.0,96.625,108.55,48.671875,48.671875,1.89,0.42925
201511110SAC,DET,240.0,39.25,85.25,0.46125000000000005,7.5,23.25,0.3185,13.25,22.5,0.6072500000000001,13.75,32.25,46.0,15.0,9.5,4.0,16.75,18.0,99.25,0.52075,0.5050000000000001,0.27249999999999996,0.27225,29.674999999999997,74.975,52.075,38.6,9.875,6.65,14.924999999999999,100.0,102.875,103.3,49.46875,49.46875,2.00775,0.30325,DET,240.0,39.75,86.75,0.4615,9.5,24.75,0.392,10.5,14.0,0.76125,10.75,31.5,42.25,22.0,10.25,3.5,17.25,22.0,99.5,0.538,0.5165,0.28675,0.16425,25.025,70.325,47.925,54.75,10.725000000000001,5.675,15.749999999999998,100.0,103.3,102.875,49.949999999999996,49.949999999999996,1.993,0.44149999999999995
201511120MIA,UTA,240.0,35.25,82.25,0.42925,9.5,24.25,0.39125000000000004,17.75,24.0,0.74325,12.5,29.75,42.25,20.0,9.0,6.0,14.0,25.75,97.75,0.52875,0.488,0.297,0.28975,28.775,70.69999999999999,49.625,55.650000000000006,9.725000000000001,10.2,13.2,100.0,106.25,105.44999999999999,47.575,47.575,2.0532500000000002,0.4205,UTA,240.0,34.0,78.5,0.43775000000000003,8.25,22.0,0.366,21.0,30.75,0.71025,12.0,31.0,43.0,16.75,6.5,5.0,15.5,20.25,97.25,0.5295,0.49124999999999996,0.28400000000000003,0.40574999999999994,29.299999999999997,71.225,50.375,50.525000000000006,7.025,8.200000000000001,14.4,100.0,105.45,106.25,48.303124999999994,48.303124999999994,2.0100000000000002,0.34650000000000003
201511120MIN,GSW,240.0,40.75,87.75,0.46525,12.0,31.0,0.41050000000000003,14.25,19.0,0.75125,12.0,32.0,44.0,29.5,12.0,5.0,19.25,21.25,107.75,0.5615,0.5335000000000001,0.35324999999999995,0.22075,27.25,73.725,50.474999999999994,71.65,12.075,8.075,16.75,100.0,107.80000000000001,94.275,52.0125,52.0125,2.07125,0.565,GSW,240.0,35.25,83.5,0.41874999999999996,5.75,19.25,0.29125,18.0,22.25,0.77125,11.25,31.5,42.75,19.75,11.25,4.0,20.25,19.75,94.25,0.50475,0.452,0.22925,0.27825,26.275,72.75,49.525,56.85,11.25,7.325,17.9,100.0,94.275,107.8,51.534375,51.534375,1.8272499999999998,0.3815
201511120PHO,LAC,240.0,37.5,82.5,0.452,7.25,22.5,0.31325,21.5,29.25,0.71875,10.5,30.25,40.75,22.0,5.75,4.75,12.75,23.25,103.75,0.5445,0.49575,0.27325,0.36550000000000005,23.575,76.175,48.55,57.900000000000006,6.025,7.775,11.875,100.0,108.425,112.6,49.321875,49.321875,2.1025,0.44425,LAC,240.0,38.5,81.75,0.473,7.5,22.75,0.3145,23.25,29.75,0.7819999999999999,9.5,33.75,43.25,22.0,8.0,3.5,13.25,26.5,107.75,0.56925,0.519,0.27725,0.365,23.825,76.425,51.45,57.175,8.399999999999999,5.824999999999999,12.25,100.0,112.6,108.42500000000001,49.815625,49.815625,2.1655,0.44225
201511130BOS,ATL,240.0,42.5,85.25,0.49975,11.25,27.75,0.40675,15.75,18.25,0.8660000000000001,7.0,30.75,37.75,30.75,11.25,5.75,14.5,17.75,112.0,0.601,0.56575,0.3235,0.22125,18.3,79.95000000000002,49.425,72.325,11.375000000000002,10.175,13.45,100.0,113.35000000000001,108.525,50.709374999999994,50.709374999999994,2.208,0.6054999999999999,ATL,240.0,40.75,81.25,0.502,9.75,24.5,0.404,16.0,19.5,0.8105,7.5,30.75,38.25,26.25,9.0,3.75,18.5,20.25,107.25,0.5965,0.56175,0.3005,0.24,20.05,81.725,50.6,64.5,9.075000000000001,6.675000000000001,17.05,100.0,108.525,113.35000000000001,50.75625,50.75625,2.1132500000000003,0.517
201511130CHI,CHO,240.0,37.75,81.0,0.46599999999999997,7.0,23.75,0.2985,17.75,25.75,0.70425,6.25,30.75,37.0,18.25,8.5,4.0,11.75,18.0,100.25,0.5435,0.50925,0.2925,0.32375,14.149999999999999,77.6,44.125,48.675000000000004,8.925,6.8,11.25,100.0,104.575,103.425,49.365625,49.365625,2.02975,0.37024999999999997,CHO,240.0,38.75,82.25,0.47100000000000003,7.0,22.5,0.32499999999999996,14.5,19.0,0.748,8.75,37.75,46.5,24.25,7.5,3.5,15.75,21.0,99.0,0.5467500000000001,0.514,0.27375,0.23299999999999998,22.4,85.85,55.875,61.975,7.824999999999999,6.175,14.724999999999998,100.0,103.42500000000001,104.57499999999999,49.137499999999996,49.137499999999996,2.016,0.49375
201511130DAL,LAL,240.0,35.5,82.0,0.4355,8.5,23.5,0.36375,17.0,23.25,0.728,7.25,34.0,41.25,19.75,7.0,5.75,13.5,18.5,96.5,0.526,0.4875,0.2865,0.28550000000000003,16.9,69.275,45.275000000000006,55.275,7.375,8.5,12.925,100.0,102.55000000000001,106.25000000000001,49.646875,49.646875,1.946,0.40325,LAL,240.0,37.75,90.25,0.41874999999999996,7.5,23.5,0.30125,16.75,22.0,0.7464999999999999,15.5,34.25,49.75,22.0,6.25,5.5,10.5,18.75,99.75,0.5,0.45975000000000005,0.26075000000000004,0.25025,30.725,83.1,54.724999999999994,58.675,6.65,9.524999999999999,9.450000000000001,100.0,106.25000000000001,102.55000000000001,47.85,47.85,2.0917499999999998,0.46175
201511130DEN,HOU,246.25,40.5,88.5,0.45899999999999996,10.25,33.5,0.30225,19.25,25.5,0.7202500000000001,13.5,33.75,47.25,23.0,8.0,4.25,15.25,21.75,110.5,0.5555,0.5177499999999999,0.38025,0.2935,29.875,71.875,51.35,56.449999999999996,8.1,5.8,13.15,100.0,111.475,109.9,51.181250000000006,52.5764322925,2.1565000000000003,0.4495,HOU,246.25,42.5,92.5,0.46025,7.0,21.75,0.33099999999999996,16.75,22.5,0.75425,13.5,32.0,45.5,27.0,9.75,6.25,13.0,20.0,108.75,0.5315000000000001,0.49775,0.236,0.2445,28.125,70.125,48.65,63.6,9.75,10.925,11.25,100.0,109.9,111.47500000000001,51.34375,52.71126302,2.1194999999999995,0.52625
201511130IND,MIN,246.25,41.0,85.75,0.48125,6.5,14.75,0.428,19.0,26.0,0.73375,11.75,36.5,48.25,24.75,7.0,4.25,17.25,20.0,107.5,0.55675,0.5197499999999999,0.174,0.302,28.099999999999998,86.275,57.675,60.900000000000006,6.9,7.574999999999999,15.2,100.0,106.525,107.475,51.8,53.23001302,2.0795,0.47775,MIN,246.25,40.75,86.5,0.47325000000000006,12.5,31.75,0.38625,14.25,18.25,0.808,6.0,30.0,36.0,25.5,9.0,6.0,15.5,22.5,108.25,0.57575,0.54475,0.366,0.21349999999999997,13.725000000000001,71.9,42.349999999999994,61.75,8.950000000000001,8.475,14.075,100.0,107.475,106.52499999999999,52.334374999999994,53.79173177,2.07875,0.4905
201511130MEM,POR,240.0,40.0,85.5,0.471,10.75,26.5,0.40349999999999997,15.0,22.0,0.67275,10.25,30.25,40.5,24.75,5.0,2.75,12.0,19.5,105.75,0.5585,0.5339999999999999,0.31074999999999997,0.25625,23.924999999999997,75.525,48.650000000000006,61.675000000000004,5.325,4.5,11.225,100.0,113.74999999999999,116.97500000000001,48.85,48.85,2.174,0.51075,POR,240.0,42.5,83.0,0.51275,8.0,21.0,0.388,16.25,23.25,0.7075,10.25,32.5,42.75,20.75,6.5,5.25,10.5,17.75,109.25,0.5865,0.5605,0.25075000000000003,0.28450000000000003,24.475,76.075,51.349999999999994,49.2,6.9,9.0,10.125,100.0,116.975,113.75,47.146875,47.146875,2.31525,0.44175
201511130NYK,CLE,240.0,38.25,82.0,0.46675,9.0,25.25,0.35875,20.25,28.0,0.70825,10.5,33.5,44.0,24.75,7.0,3.0,13.5,18.25,105.75,0.56125,0.522,0.30825,0.351,26.0,76.15,51.949999999999996,64.67500000000001,7.475,4.725,12.475000000000001,100.0,112.875,106.5,49.15,49.15,2.152,0.50425,CLE,240.0,38.25,83.75,0.45825,8.5,21.75,0.389,14.75,19.25,0.752,10.25,30.25,40.5,22.75,7.75,3.75,12.75,24.0,99.75,0.542,0.5095000000000001,0.26125,0.23025,23.875,74.0,48.050000000000004,59.0,8.25,6.45,12.125,100.0,106.5,112.875,47.696875,47.696875,2.0885,0.47550000000000003
201511130OKC,PHI,240.0,38.0,86.5,0.44475,9.5,27.5,0.34550000000000003,12.0,20.25,0.60425,10.75,30.5,41.25,23.5,5.75,7.5,14.0,18.75,97.5,0.51775,0.50125,0.32175,0.235,22.125,70.5,45.25,61.775,5.925000000000001,10.85,12.899999999999999,100.0,101.5,115.05000000000001,49.684374999999996,49.684374999999996,1.97525,0.4775,PHI,240.0,42.0,89.0,0.47275,7.75,20.5,0.38125,19.0,22.5,0.81775,12.75,37.25,50.0,25.75,8.0,6.0,13.0,20.0,110.75,0.5607500000000001,0.516,0.22849999999999998,0.25325,29.5,77.875,54.75,61.349999999999994,8.325,10.075000000000001,11.625,100.0,115.05000000000001,101.5,49.96875,49.96875,2.223,0.5147499999999999
201511130ORL,UTA,240.0,35.5,82.5,0.43100000000000005,9.25,22.5,0.398,17.25,22.0,0.7742499999999999,11.25,31.5,42.75,21.0,8.5,6.25,14.25,26.0,97.5,0.53025,0.48824999999999996,0.2765,0.26625,26.425,74.35,50.05,58.375,9.175,9.875,13.450000000000001,100.0,105.72500000000001,100.9,47.975,47.975,2.0330000000000004,0.439,UTA,240.0,32.75,78.5,0.42175,6.5,19.0,0.333,21.25,29.0,0.7530000000000001,10.75,32.0,42.75,17.5,6.75,6.0,14.5,19.0,93.25,0.512,0.46375,0.24500000000000002,0.38299999999999995,25.65,73.575,49.95,53.55,7.275,9.3,13.725,100.0,100.9,105.72500000000001,48.0125,48.0125,1.93975,0.3635
201511130SAC,BRK,240.0,38.0,89.0,0.427,4.75,16.5,0.30000000000000004,13.5,17.25,0.783,16.25,34.0,50.25,22.0,7.75,6.0,15.75,19.75,94.25,0.48725,0.45299999999999996,0.185,0.19424999999999998,33.95,80.675,55.574999999999996,57.9,8.299999999999999,10.075,14.1,100.0,99.975,105.35,48.346875000000004,48.346875000000004,1.94875,0.4555,BRK,240.0,37.25,83.5,0.4475,7.75,24.75,0.32575,17.0,23.0,0.7042499999999999,8.5,31.5,40.0,23.25,10.5,7.75,12.5,17.25,99.25,0.53225,0.494,0.29374999999999996,0.2865,19.325,66.05000000000001,44.425000000000004,61.975,11.225,10.875,11.85,100.0,105.35000000000001,99.975,49.2125,49.2125,2.0192500000000004,0.47924999999999995
201511130TOR,NOP,240.0,41.0,86.25,0.47475,11.75,30.0,0.39025,14.0,17.5,0.7915000000000001,7.5,33.0,40.5,24.25,7.75,4.5,13.5,24.0,107.75,0.57225,0.543,0.34775,0.20350000000000001,17.275000000000002,82.42500000000001,48.4,59.075,7.8999999999999995,7.475,12.575000000000001,100.0,109.7,111.95,50.28125,50.28125,2.14075,0.48175,NOP,240.0,40.5,83.75,0.48475,8.25,22.75,0.35975,20.5,24.75,0.81775,7.0,35.75,42.75,24.0,7.25,4.75,12.25,17.75,109.75,0.581,0.5349999999999999,0.272,0.2995,17.6,82.725,51.60000000000001,59.10000000000001,7.4,8.575,11.450000000000001,100.0,111.95,109.7,50.378125,50.378125,2.1797500000000003,0.477
201511140GSW,BRK,240.0,39.5,90.5,0.4365,5.5,16.5,0.33575,15.25,19.25,0.79325,15.0,35.5,50.5,22.0,7.25,6.0,14.75,21.0,99.75,0.5035000000000001,0.46624999999999994,0.18075,0.214,30.75,77.45,53.325,55.5,7.550000000000001,9.725,13.0,100.0,102.87500000000001,104.9,49.696875000000006,49.696875000000006,2.0060000000000002,0.44225000000000003,BRK,240.0,38.0,88.0,0.43225,8.5,26.0,0.3365,17.25,23.5,0.6985,10.75,33.25,44.0,22.75,9.5,6.0,12.75,17.0,101.75,0.518,0.48024999999999995,0.29324999999999996,0.27675000000000005,22.55,69.25,46.675,59.35,9.8,7.949999999999999,11.5,100.0,104.9,102.875,50.58125,50.58125,2.011,0.45499999999999996
201511140HOU,DAL,240.0,37.75,82.5,0.4595,8.0,23.75,0.3355,21.5,26.75,0.806,7.25,37.25,44.5,20.5,6.5,3.25,12.5,19.5,105.0,0.55875,0.509,0.28950000000000004,0.3265,17.025,77.6,48.825,54.849999999999994,6.675,5.475,11.700000000000001,100.0,108.025,104.675,50.228125000000006,50.228125000000006,2.1005000000000003,0.40974999999999995,DAL,240.0,37.75,88.0,0.42825,11.0,28.75,0.3805,15.5,20.5,0.7810000000000001,11.0,36.0,47.0,21.25,7.5,5.0,13.25,25.5,102.0,0.5245,0.49074999999999996,0.3265,0.23399999999999999,22.4,82.975,51.175,56.74999999999999,7.675000000000001,8.475,11.95,100.0,104.67500000000001,108.025,49.99375,49.99375,2.04025,0.42524999999999996
201511140LAC,DET,240.0,39.5,86.0,0.46075,8.5,25.75,0.33199999999999996,14.25,23.25,0.633,12.5,32.25,44.75,15.5,10.0,3.5,15.0,17.75,101.75,0.5285,0.51,0.2985,0.279,26.575000000000003,77.35,50.875,39.775,10.325000000000001,6.025,13.525,100.0,104.9,104.45,49.771875,49.771875,2.0475,0.3115,DET,240.0,39.5,83.25,0.47850000000000004,10.0,23.0,0.45675,12.25,17.0,0.7195,9.5,33.75,43.25,21.75,8.25,2.75,18.0,22.25,101.25,0.56125,0.5387500000000001,0.2755,0.21125,22.65,73.42500000000001,49.125,54.449999999999996,8.525,4.6,16.674999999999997,100.0,104.45,104.9,49.912499999999994,49.912499999999994,2.0307500000000003,0.43674999999999997
201511140MIL,CLE,240.0,38.25,80.75,0.47300000000000003,8.75,25.5,0.3475,19.0,27.75,0.67375,11.25,33.0,44.25,22.5,7.25,2.75,13.75,20.0,104.25,0.5605,0.5275,0.31675,0.35375,26.625,75.5,51.225,57.875,7.8,4.375,12.825000000000001,100.0,112.10000000000001,106.725,48.215625,48.215625,2.1582500000000002,0.46424999999999994,CLE,240.0,37.25,82.5,0.45175,8.75,22.5,0.389,16.0,20.75,0.7545,10.5,31.5,42.0,22.75,8.0,3.0,13.25,24.75,99.25,0.54225,0.5055000000000001,0.27525,0.252,24.5,73.375,48.775,60.675000000000004,8.6,5.325,12.625,100.0,106.725,112.1,47.553125,47.553125,2.0835,0.47650000000000003
201511140PHO,DEN,240.0,38.75,82.25,0.4735,8.0,21.75,0.371,20.0,27.5,0.733,11.0,32.25,43.25,23.75,9.5,5.5,16.25,18.75,105.5,0.5605,0.522,0.26475,0.3385,26.2,76.55,51.45,61.45,9.675,9.75,14.600000000000001,100.0,108.25,108.17500000000001,50.28125,50.28125,2.10975,0.4765,DEN,240.0,39.25,85.0,0.463,11.5,29.25,0.39225000000000004,15.75,21.25,0.7505,9.75,31.5,41.25,26.25,8.5,5.25,16.25,23.0,105.75,0.56275,0.5297499999999999,0.343,0.252,23.45,73.8,48.55,65.525,8.65,8.6,14.700000000000001,100.0,108.175,108.25,50.796875,50.796875,2.0852500000000003,0.5155
201511140SAS,PHI,240.0,35.25,88.25,0.40225,8.25,26.0,0.31025,14.5,23.5,0.616,12.0,30.5,42.5,21.75,6.25,8.25,14.25,18.5,93.25,0.47675,0.45025000000000004,0.2985,0.269,23.725,68.55,44.775,61.075,6.35,11.649999999999999,12.649999999999999,100.0,96.42499999999998,112.75,50.83125,50.83125,1.8465,0.43324999999999997,PHI,240.0,40.5,91.25,0.4455,7.25,20.25,0.365,21.0,24.75,0.8415,14.0,38.5,52.5,23.5,8.0,9.25,12.0,19.75,109.25,0.536,0.48475,0.21925,0.27325,31.45,76.275,55.224999999999994,58.075,8.25,14.775,10.5,100.0,112.75,96.425,50.503125,50.503125,2.172,0.4655
201511140WAS,ORL,240.0,35.5,84.25,0.422,9.75,25.25,0.39975,17.25,21.0,0.7877500000000001,12.5,33.5,46.0,20.5,9.25,6.25,15.5,20.5,98.0,0.52525,0.48,0.30375,0.25875,26.799999999999997,79.425,52.775000000000006,57.65,9.725000000000001,11.35,14.3,100.0,103.8,102.15,48.612500000000004,48.612500000000004,2.02175,0.42375,ORL,240.0,35.75,80.75,0.44425000000000003,9.25,26.25,0.35275,15.75,22.25,0.7182499999999999,8.75,32.25,41.0,24.5,9.25,6.75,16.0,17.75,96.5,0.5345,0.50175,0.32575,0.27575,20.575,73.2,47.224999999999994,68.725,9.675,11.275000000000002,15.0,100.0,102.15,103.80000000000001,49.284375000000004,49.284375000000004,1.9620000000000002,0.49774999999999997
201511150ATL,UTA,240.0,34.75,83.0,0.42000000000000004,8.5,22.75,0.3635,18.75,23.5,0.79725,11.25,31.0,42.25,21.25,10.5,6.25,16.0,25.5,96.75,0.52025,0.4725,0.27775,0.28225,26.275,74.5,49.75,60.475,11.049999999999999,10.05,14.725,100.0,102.1,103.0,49.456250000000004,49.456250000000004,1.9577499999999999,0.42924999999999996,UTA,240.0,33.75,79.5,0.42975,7.75,20.75,0.36300000000000004,22.5,28.25,0.80975,10.5,32.25,42.75,18.5,8.5,7.25,16.25,20.5,97.75,0.5335,0.47950000000000004,0.26425,0.36699999999999994,25.5,73.725,50.25,54.900000000000006,8.95,11.275,15.025,100.0,102.99999999999999,102.1,49.334374999999994,49.334374999999994,1.98,0.374
201511150CHO,POR,240.0,37.25,81.0,0.464,9.0,24.5,0.36949999999999994,18.5,24.25,0.7470000000000001,9.25,30.25,39.5,21.75,5.5,4.5,15.5,20.25,102.0,0.5615,0.52,0.30424999999999996,0.30374999999999996,23.85,72.45,48.275,58.075,5.875,6.75,14.600000000000001,100.0,108.625,117.575,49.384375000000006,49.384375000000006,2.0662499999999997,0.44025,POR,240.0,42.25,85.25,0.49724999999999997,7.75,20.0,0.39425,18.25,24.75,0.742,12.0,30.5,42.5,21.25,8.0,4.0,10.5,19.5,110.5,0.57625,0.54225,0.23225,0.29475,27.55,76.15,51.724999999999994,50.95,8.549999999999999,6.800000000000001,9.9,100.0,117.57499999999999,108.625,47.753125000000004,47.753125000000004,2.31375,0.4465
201511150LAL,DET,240.0,38.5,86.0,0.44725,8.25,27.0,0.30575,15.5,23.0,0.67225,13.75,29.75,43.5,15.5,10.0,3.25,15.0,18.25,100.75,0.5235,0.49475,0.3155,0.27575,29.474999999999998,76.1,50.75,41.025,10.5,5.65,13.549999999999999,100.0,106.05000000000001,108.975,49.0875,49.0875,2.05525,0.31575,DET,240.0,39.5,80.0,0.495,9.25,20.25,0.4654999999999999,15.25,20.25,0.758,9.5,32.75,42.25,24.0,7.75,3.0,17.25,20.75,103.5,0.583,0.55275,0.25425,0.25825,23.900000000000002,70.52499999999999,49.25,60.55,8.15,5.275,16.3,100.0,108.975,106.05000000000001,48.684375,48.684375,2.126,0.49224999999999997
201511150MIN,MEM,240.0,31.25,81.75,0.3825,4.25,15.25,0.26825,22.25,26.5,0.8470000000000001,11.75,28.25,40.0,18.5,10.75,2.25,14.25,24.0,89.0,0.477,0.4075,0.18675,0.33625000000000005,25.925,76.42500000000001,48.849999999999994,59.224999999999994,11.55,4.65,13.25,100.0,95.975,103.07499999999999,48.41875,48.41875,1.84325,0.3835,MEM,240.0,32.0,71.5,0.44725,9.0,23.75,0.36950000000000005,22.75,26.75,0.8402499999999999,8.5,33.5,42.0,17.75,7.25,9.0,21.0,23.0,95.75,0.575,0.5095000000000001,0.33075,0.3785,23.575,74.075,51.15,55.175,7.75,13.575,20.125,100.0,103.075,95.97500000000001,48.353125000000006,48.353125000000006,1.9805000000000001,0.36624999999999996
201511150NYK,NOP,240.0,38.0,85.75,0.44125000000000003,11.0,28.25,0.383,12.25,16.5,0.7477500000000001,8.5,33.5,42.0,20.5,8.0,3.75,14.0,23.5,99.25,0.5317500000000001,0.50525,0.3285,0.193,19.175,79.175,48.5,53.724999999999994,8.4,6.125,13.1,100.0,103.15,109.175,49.54375,49.54375,1.9977499999999997,0.41225,NOP,240.0,38.75,83.75,0.46225,8.25,22.75,0.35975,18.75,22.75,0.8165,8.75,35.75,44.5,21.25,6.75,4.5,12.25,17.25,104.5,0.558,0.51225,0.272,0.27349999999999997,20.825,80.825,51.5,54.775000000000006,7.1,7.925,11.55,100.0,109.175,103.14999999999999,49.028125,49.028125,2.13475,0.43425
201511150OKC,BOS,240.0,39.0,90.75,0.43,8.5,29.25,0.28325000000000006,17.0,21.5,0.81525,13.5,32.5,46.0,22.5,12.25,5.25,14.25,20.75,103.5,0.51625,0.47525000000000006,0.3225,0.24775,29.275,79.3,53.0,57.599999999999994,12.45,8.975,12.5,100.0,106.375,96.60000000000001,50.85625,50.85625,2.03525,0.44275,BOS,240.0,35.0,79.0,0.44375,6.5,19.75,0.3315,17.5,24.25,0.72925,8.5,32.0,40.5,20.75,8.0,4.5,18.75,21.75,94.0,0.52425,0.48475,0.24875,0.30775,20.7,70.725,47.0,58.849999999999994,8.225,7.425,17.225,100.0,96.6,106.375,50.384375,50.384375,1.8685,0.41100000000000003
201511150SAC,TOR,240.0,35.5,80.25,0.43975,5.25,18.75,0.275,24.75,29.75,0.83075,12.75,35.0,47.75,20.75,7.5,5.75,12.5,18.75,101.0,0.53825,0.47250000000000003,0.23625000000000002,0.36824999999999997,29.75,74.8,53.224999999999994,58.849999999999994,8.225,9.200000000000001,11.975000000000001,100.0,110.375,106.95,47.065625,47.065625,2.14025,0.43925,TOR,240.0,36.75,86.75,0.4225,9.5,23.75,0.399,14.75,20.0,0.7390000000000001,11.75,30.0,41.75,20.75,7.0,6.5,11.0,23.25,97.75,0.5102500000000001,0.47700000000000004,0.274,0.23225,25.2,70.25,46.77499999999999,55.95,7.700000000000001,10.700000000000001,10.35,100.0,106.95000000000002,110.375,47.75,47.75,2.04575,0.43425
201511160CHI,IND,240.0,38.0,83.0,0.45825000000000005,8.25,21.25,0.3815,16.5,23.75,0.69975,10.0,32.5,42.5,22.5,8.75,4.75,13.5,18.25,100.75,0.54025,0.5085000000000001,0.25775000000000003,0.289,23.175,79.275,50.525000000000006,59.65,9.175,8.725000000000001,12.600000000000001,100.0,106.2,100.1,48.890625,48.890625,2.0625,0.461,IND,240.0,35.75,80.25,0.44425,7.25,25.25,0.28825,16.0,21.75,0.757,8.5,33.25,41.75,18.75,7.25,2.5,16.0,21.25,94.75,0.527,0.4895,0.31625000000000003,0.27299999999999996,20.725,76.82499999999999,49.475,52.949999999999996,7.574999999999999,4.05,15.075,100.0,100.1,106.19999999999999,49.040625,49.040625,1.9385,0.3845
201511160HOU,BOS,240.0,37.75,87.0,0.4355,7.75,27.5,0.281,15.75,20.75,0.782,12.75,31.75,44.5,22.75,10.75,5.75,14.5,22.0,99.0,0.51625,0.47900000000000004,0.31525000000000003,0.2495,30.099999999999998,78.95,53.974999999999994,59.99999999999999,11.474999999999998,10.375,13.2,100.0,105.67500000000001,96.55000000000001,49.303125,49.303125,2.01125,0.46175,BOS,240.0,33.0,76.25,0.43249999999999994,6.0,19.75,0.3115,18.75,25.75,0.73175,8.5,29.25,37.75,19.5,8.0,4.0,17.25,20.0,90.75,0.51775,0.47175,0.259,0.33675,21.05,69.9,46.025000000000006,58.95,8.575,7.0,16.475,100.0,96.54999999999998,105.67500000000001,48.615624999999994,48.615624999999994,1.86475,0.40025
201511160MEM,OKC,240.0,40.0,88.5,0.44975,8.25,23.25,0.353,20.75,27.25,0.76175,13.25,35.25,48.5,22.75,9.25,7.25,14.5,21.5,109.0,0.5409999999999999,0.497,0.26575000000000004,0.31225,30.325000000000003,76.175,53.925000000000004,57.525,9.274999999999999,10.875,12.675,100.0,109.14999999999999,97.87499999999999,51.346875,51.346875,2.11825,0.44225000000000003,OKC,240.0,36.25,87.25,0.41725,6.5,20.0,0.33275,18.25,25.0,0.7254999999999999,10.75,30.25,41.0,19.0,9.5,5.0,16.5,22.5,97.25,0.49724999999999997,0.455,0.22875,0.28700000000000003,23.825,69.675,46.075,52.37499999999999,9.625,8.125,14.375,100.0,97.875,109.15,52.4375,52.4375,1.858,0.36575
201511160PHI,DAL,240.0,38.5,83.75,0.46125000000000005,7.75,24.75,0.31325000000000003,21.0,26.5,0.792,7.75,37.5,45.25,21.5,6.75,4.5,13.0,20.5,105.75,0.556,0.5085,0.29675,0.32,18.5,75.55,49.1,56.3,6.8999999999999995,8.125,12.025,100.0,108.27499999999999,104.2,50.79375,50.79375,2.09075,0.42500000000000004,DAL,240.0,36.0,87.5,0.41025,11.0,30.25,0.3665,19.0,25.25,0.76475,12.25,35.0,47.25,21.5,8.0,4.75,13.25,25.25,102.0,0.516,0.473,0.34625,0.2915,24.45,81.5,50.900000000000006,60.49999999999999,8.15,8.024999999999999,11.775,100.0,104.19999999999999,108.275,50.246875,50.246875,2.03,0.42824999999999996
201511160PHO,LAL,240.0,33.25,79.75,0.41975,8.25,22.5,0.36675,16.75,21.75,0.7762500000000001,8.5,37.0,45.5,22.0,6.75,6.5,16.5,19.5,91.5,0.51425,0.47125,0.28099999999999997,0.27725,18.95,72.65,48.0,66.35,7.125,10.125,15.55,100.0,97.375,100.45,49.040625000000006,49.040625000000006,1.8707500000000001,0.45025000000000004,LAL,240.0,35.75,90.5,0.39575,8.0,25.5,0.308,14.75,20.75,0.6835,14.25,34.5,48.75,20.0,7.5,4.25,10.75,17.75,94.25,0.47400000000000003,0.43925000000000003,0.28200000000000003,0.23775,27.349999999999998,81.05000000000001,52.0,56.125,7.925,7.475,9.775,100.0,100.44999999999999,97.375,48.428125,48.428125,1.96075,0.417
201511160SAS,POR,240.0,35.75,84.25,0.4275,8.0,23.5,0.33899999999999997,20.25,25.0,0.8065,11.5,29.5,41.0,20.75,5.5,4.75,13.0,21.0,99.75,0.5275000000000001,0.47550000000000003,0.28099999999999997,0.3035,27.549999999999997,76.55000000000001,50.5,57.725,5.949999999999999,7.45,12.124999999999998,100.0,107.725,115.55,48.8125,48.8125,2.04375,0.425,POR,240.0,40.75,82.0,0.49824999999999997,7.25,20.25,0.375,18.25,24.0,0.76875,9.25,31.0,40.25,24.5,6.25,5.0,11.0,19.5,107.0,0.57925,0.5425,0.24725000000000003,0.29475,23.450000000000003,72.45,49.5,60.125,6.825,7.65,10.625,100.0,115.55000000000001,107.725,47.575,47.575,2.25,0.5155
201511170BRK,ATL,240.0,39.75,81.0,0.49025,9.25,24.75,0.36700000000000005,11.75,15.0,0.79525,6.25,28.5,34.75,27.0,8.75,5.0,15.0,16.25,100.5,0.5734999999999999,0.5465,0.3035,0.1885,16.35,72.8,44.77499999999999,68.14999999999999,9.175,8.549999999999999,14.624999999999998,100.0,105.875,110.05000000000001,48.4375,48.4375,2.0745,0.55725,ATL,240.0,41.0,85.5,0.48549999999999993,9.75,24.5,0.40399999999999997,12.75,16.5,0.777,10.75,31.75,42.5,24.0,8.25,4.75,16.25,18.0,104.5,0.56725,0.54225,0.28325,0.19924999999999998,27.200000000000003,83.65,55.224999999999994,58.400000000000006,8.675,8.65,15.1,100.0,110.05,105.875,49.418749999999996,49.418749999999996,2.1149999999999998,0.48475000000000007
201511170DET,CLE,252.5,36.25,81.5,0.447,9.75,28.5,0.34325000000000006,21.25,31.5,0.6645,12.0,34.5,46.5,20.5,6.5,4.75,14.5,21.0,103.5,0.54325,0.5065,0.3475,0.39399999999999996,27.075,72.95,50.525,55.974999999999994,6.875,6.7,13.05,100.0,108.80000000000001,105.7,49.481249999999996,52.3412760425,2.09475,0.41425,CLE,252.5,37.75,88.25,0.4275,7.75,20.75,0.374,17.5,22.5,0.7695000000000001,12.5,32.75,45.25,22.0,7.25,4.25,12.25,26.5,100.75,0.51425,0.47275,0.24175000000000002,0.2585,27.049999999999997,72.925,49.475,58.275,7.675,7.95,11.125,100.0,105.69999999999999,108.79999999999998,49.34375000000001,52.1940104175,2.04075,0.44675
201511170GSW,TOR,240.0,38.0,84.25,0.4505,8.25,21.75,0.3565,23.0,27.75,0.816,12.75,34.5,47.25,21.0,8.75,4.75,12.25,18.5,107.25,0.556,0.49950000000000006,0.25825,0.33099999999999996,29.95,76.25,53.724999999999994,55.525,9.299999999999999,7.725,11.325000000000001,100.0,114.85000000000001,107.3,48.465625,48.465625,2.217,0.43374999999999997,TOR,240.0,37.75,85.0,0.44525000000000003,10.0,25.0,0.399,15.0,19.75,0.7570000000000001,10.75,29.5,40.25,22.0,7.0,5.75,13.25,23.0,100.5,0.537,0.50425,0.29600000000000004,0.236,23.750000000000004,70.05,46.27499999999999,57.85,7.5,9.075000000000001,12.45,100.0,107.30000000000001,114.85,48.440625000000004,48.440625000000004,2.0725,0.45425
201511170MIA,MIN,240.0,40.5,83.0,0.4875,6.0,16.0,0.36749999999999994,18.0,22.25,0.8287500000000001,10.5,31.25,41.75,20.5,6.25,1.75,15.5,20.5,105.0,0.56575,0.5237499999999999,0.19425,0.26625,26.500000000000004,83.125,54.0,51.275,6.574999999999999,3.3499999999999996,14.299999999999999,100.0,109.75,118.57499999999999,49.284375000000004,49.284375000000004,2.13175,0.415,MIN,240.0,41.75,81.0,0.5165,11.25,26.5,0.42774999999999996,18.75,23.25,0.81425,6.5,28.75,35.25,24.0,8.0,5.75,13.25,17.5,113.5,0.6240000000000001,0.585,0.3225,0.29325,16.875,73.5,46.02499999999999,56.7,8.375,8.55,12.75,100.0,118.575,109.75,49.396875,49.396875,2.29925,0.48550000000000004
201511170NOP,DEN,240.0,37.5,83.75,0.45425,7.5,24.5,0.3305,17.25,24.0,0.74725,10.75,32.0,42.75,21.25,8.25,5.75,14.0,18.75,99.75,0.5325,0.49975,0.28874999999999995,0.29925,25.225,77.64999999999999,50.7,56.25,8.625,10.025,12.925,100.0,103.97500000000001,106.35000000000001,49.2,49.2,2.0372500000000002,0.4365,DEN,240.0,37.0,82.75,0.44925000000000004,10.0,26.0,0.392,18.25,23.25,0.80375,9.0,33.25,42.25,21.0,7.0,4.0,16.25,20.75,102.25,0.5527500000000001,0.50975,0.315,0.281,22.35,74.775,49.3,56.625,7.3,6.800000000000001,14.9,100.0,106.35000000000001,103.97500000000001,50.52187500000001,50.52187500000001,2.0307500000000003,0.4205
201511170NYK,CHO,240.0,37.5,85.0,0.44425000000000003,10.0,28.25,0.35025,15.5,21.5,0.7424999999999999,6.75,30.5,37.25,22.25,8.5,5.75,9.5,16.5,100.5,0.534,0.502,0.33175,0.2585,14.775,72.2,42.25,59.099999999999994,9.025,8.75,9.075,100.0,106.4,101.6,48.981249999999996,48.981249999999996,2.05275,0.45625,CHO,240.0,37.5,84.75,0.44275000000000003,5.5,19.25,0.288,15.5,19.5,0.7825,11.75,39.0,50.75,23.0,5.0,4.5,15.25,21.5,96.0,0.515,0.47575,0.22699999999999998,0.23099999999999998,27.8,85.225,57.75000000000001,61.775,5.3,7.85,14.025,100.0,101.6,106.39999999999999,48.756249999999994,48.756249999999994,1.9694999999999998,0.47025
201511170WAS,MIL,252.5,38.0,84.0,0.454,7.5,18.75,0.39575000000000005,13.25,17.5,0.7762499999999999,10.5,31.0,41.5,21.75,8.25,5.25,15.0,20.5,96.75,0.5315000000000001,0.4995,0.228,0.21,24.675,67.57499999999999,47.05,57.025,8.975,9.024999999999999,14.325,100.0,103.67500000000001,105.5,48.40625,51.256510417499996,2.0005,0.45275,MIL,252.5,37.0,84.5,0.4395,8.0,25.25,0.31675,16.25,22.25,0.74225,14.75,32.0,46.75,21.75,9.5,5.75,16.0,18.0,98.25,0.5215000000000001,0.486,0.29524999999999996,0.2635,32.425,75.325,52.949999999999996,58.55,10.375,8.825,14.425,100.0,105.5,103.67500000000001,48.159375000000004,51.01940104250001,2.0469999999999997,0.45525000000000004
201511180ATL,SAC,240.0,37.5,82.0,0.46099999999999997,9.25,21.75,0.4345,17.5,23.25,0.74875,10.5,34.5,45.0,23.25,9.0,3.75,17.5,17.25,101.75,0.55425,0.5175000000000001,0.2645,0.28575,23.625,78.775,51.3,62.275,9.15,6.15,16.1,100.0,103.6,103.8,50.021874999999994,50.021874999999994,2.0352500000000004,0.46424999999999994,SAC,240.0,40.0,88.0,0.455,9.5,26.75,0.35175,12.5,16.5,0.75025,9.5,33.25,42.75,23.0,10.25,3.75,15.5,20.75,102.0,0.536,0.509,0.304,0.187,21.225,76.375,48.7,56.375,10.475,6.0,13.999999999999998,100.0,103.8,103.6,50.91875,50.91875,2.0025,0.45175
201511180BOS,DAL,240.0,36.25,80.75,0.44925000000000004,8.25,25.75,0.32375000000000004,21.75,27.5,0.7887500000000001,7.25,36.75,44.0,20.5,8.75,4.0,14.5,22.0,102.5,0.553,0.50075,0.319,0.345,17.65,75.675,48.625,56.8,8.9,7.35,13.525,100.0,105.125,95.85,50.53125,50.53125,2.0380000000000003,0.4075,DAL,240.0,33.0,83.5,0.397,8.75,27.5,0.31725,18.75,25.75,0.73275,12.0,34.75,46.75,19.25,8.0,4.5,17.25,25.75,93.5,0.49275,0.449,0.32875,0.30825,24.325,82.35,51.375,58.699999999999996,8.15,8.1,15.350000000000001,100.0,95.85,105.125,50.490625,50.490625,1.8565,0.38275
201511180CHO,BRK,246.25,40.5,92.25,0.43975,6.75,19.0,0.35325,13.25,16.75,0.7775000000000001,12.25,37.25,49.5,23.25,9.5,5.5,12.25,16.0,101.0,0.5075000000000001,0.47725,0.20775,0.18175,25.25,76.225,50.974999999999994,57.45,9.8,8.975,10.95,100.0,103.75,103.5,50.103125000000006,51.4911458325,2.01775,0.4655,BRK,246.25,39.5,91.25,0.433,10.75,31.0,0.35224999999999995,11.25,15.5,0.72075,11.75,35.5,47.25,25.75,9.0,7.25,13.75,16.5,101.0,0.516,0.49275,0.34175,0.17149999999999999,23.775,74.75,49.025,65.2,9.2,9.725,12.425,100.0,103.5,103.75,50.306250000000006,51.6701822925,2.00375,0.511
201511180HOU,POR,240.0,34.5,80.25,0.43175,7.25,21.0,0.34475,17.5,21.5,0.81425,10.0,31.0,41.0,19.5,5.0,4.75,13.75,20.0,93.75,0.52525,0.47775,0.26449999999999996,0.2725,25.025,75.57499999999999,50.5,55.925000000000004,5.550000000000001,7.275,13.35,100.0,103.95000000000002,114.5,47.106249999999996,47.106249999999996,1.9865,0.41175,POR,240.0,40.25,85.0,0.47525000000000006,7.25,21.25,0.35900000000000004,15.5,19.25,0.797,10.25,30.0,40.25,26.75,7.25,5.75,9.0,17.75,103.25,0.5537500000000001,0.51775,0.25,0.22725,24.425,74.97500000000001,49.5,66.7,8.124999999999998,9.299999999999999,8.799999999999999,100.0,114.5,103.94999999999999,46.446875000000006,46.446875000000006,2.2215000000000003,0.5762499999999999
201511180OKC,NOP,240.0,35.0,79.75,0.43925000000000003,8.5,24.0,0.34425,12.5,16.25,0.7699999999999999,7.5,29.25,36.75,19.25,6.25,4.25,15.0,20.5,91.0,0.52475,0.492,0.3005,0.20650000000000002,17.950000000000003,73.475,45.5,54.45,6.799999999999999,7.175000000000001,14.675,100.0,99.05,113.375,47.484375,47.484375,1.9204999999999999,0.40725000000000006,NOP,240.0,39.75,84.0,0.47275,9.5,23.75,0.384,15.0,18.75,0.79,10.5,33.5,44.0,22.5,7.75,5.5,12.25,17.5,104.0,0.565,0.53,0.28325,0.22649999999999998,26.525,82.05,54.49999999999999,56.3,8.375,9.875,11.7,100.0,113.375,99.05000000000001,47.32812500000001,47.32812500000001,2.19925,0.47550000000000003
201511180ORL,MIN,240.0,40.5,87.25,0.46775,4.75,16.5,0.2965,21.25,26.25,0.83725,11.75,31.5,43.25,17.75,7.75,2.0,12.0,21.75,107.0,0.5457500000000001,0.49524999999999997,0.18874999999999997,0.297,26.95,80.4,52.225,43.65,8.0,3.7,10.975,100.0,110.92499999999998,114.55,49.984375,49.984375,2.1445,0.357,MIN,240.0,41.25,81.25,0.50875,10.5,26.0,0.40274999999999994,17.25,24.0,0.74575,8.0,31.5,39.5,24.5,6.75,7.5,14.75,19.0,110.25,0.6025,0.5722499999999999,0.31525000000000003,0.30174999999999996,19.599999999999998,73.05000000000001,47.8,58.75,7.074999999999999,10.450000000000001,13.8,100.0,114.55,110.925,49.699999999999996,49.699999999999996,2.22575,0.493
201511180PHI,IND,240.0,37.0,82.25,0.4505,9.0,22.0,0.4055,17.25,25.0,0.6955,9.75,33.5,43.25,21.75,8.5,5.0,14.75,18.5,100.25,0.5387500000000001,0.5052500000000001,0.268,0.30525,22.65,80.15,50.900000000000006,59.125,8.85,8.775,13.7,100.0,104.42500000000001,97.475,49.5625,49.5625,2.0245,0.4395,IND,240.0,35.0,81.0,0.4315,6.75,23.0,0.30500000000000005,16.75,23.5,0.74325,8.25,33.5,41.75,19.0,8.25,3.75,15.5,21.25,93.5,0.51275,0.47350000000000003,0.2875,0.29075,19.85,77.35,49.1,55.074999999999996,8.55,6.05,14.524999999999999,100.0,97.475,104.42500000000001,49.706250000000004,49.706250000000004,1.8842500000000002,0.38225
201511180PHO,CHI,246.25,36.5,89.75,0.40725,7.75,22.0,0.34850000000000003,19.75,27.25,0.73025,10.75,42.5,53.25,25.25,6.5,7.75,12.75,20.25,100.5,0.494,0.44975,0.242,0.307,21.65,77.65,50.974999999999994,69.05,6.45,11.024999999999999,11.024999999999999,100.0,99.875,94.89999999999999,52.346875,53.80423177,1.9249999999999998,0.48525000000000007,CHI,246.25,36.25,94.5,0.38425,9.0,23.75,0.3805,14.0,21.5,0.6737499999999998,12.25,39.0,51.25,21.25,6.75,6.25,11.5,19.5,95.5,0.46099999999999997,0.4325,0.25125,0.22825,22.35,78.35,49.025,58.400000000000006,6.7,9.275,9.85,100.0,94.9,99.875,51.98125,53.41126302000001,1.84275,0.4085
201511180SAS,DEN,240.0,38.75,85.75,0.45675,9.5,27.25,0.36350000000000005,14.5,19.25,0.7755000000000001,11.5,30.25,41.75,23.0,8.25,5.5,13.75,17.5,101.5,0.54275,0.513,0.31525,0.2335,27.475,77.75,51.175,58.75,8.725,9.7,12.725,100.0,108.55000000000001,107.15,48.571875000000006,48.571875000000006,2.10425,0.47975,DEN,240.0,38.25,80.75,0.47375,9.25,24.5,0.38175000000000003,15.0,19.25,0.8045,8.5,32.25,40.75,22.25,6.5,5.25,16.25,19.5,100.75,0.5660000000000001,0.531,0.3045,0.24000000000000002,22.25,72.525,48.825,57.975,6.875,9.125,15.225,100.0,107.15,108.55,48.821875000000006,48.821875000000006,2.07425,0.46325000000000005
201511180UTA,TOR,240.0,38.0,83.0,0.4575,8.75,22.0,0.381,22.75,27.75,0.8095,12.25,32.75,45.0,19.25,9.75,3.75,14.0,20.5,107.5,0.5642499999999999,0.51,0.26475,0.3385,30.275,76.95,54.074999999999996,50.775,10.225,6.625,12.825,100.0,113.875,107.075,48.965625,48.965625,2.20075,0.39525,TOR,240.0,38.0,81.25,0.46925000000000006,10.0,26.5,0.37425,15.5,22.0,0.7015,9.75,28.0,37.75,24.25,7.5,5.5,16.0,23.5,101.5,0.5587500000000001,0.5307499999999999,0.32625,0.27325,23.05,69.725,45.925,62.775,7.9,8.925,14.924999999999999,100.0,107.07499999999999,113.87499999999999,48.975,48.975,2.06875,0.493
201511190CLE,MIL,252.5,36.5,81.5,0.449,8.0,19.0,0.41475,13.75,19.5,0.7344999999999999,9.5,30.25,39.75,20.5,7.25,4.5,16.0,23.25,94.75,0.5297499999999999,0.4995,0.24,0.2445,22.7,72.025,47.2,56.525,7.85,8.55,15.399999999999999,100.0,100.925,112.72500000000001,48.631249999999994,51.481510417500004,1.94975,0.42399999999999993,MIL,252.5,37.75,81.5,0.468,10.25,28.5,0.36975,19.75,27.75,0.72175,12.0,32.25,44.25,23.5,8.75,5.75,14.5,18.25,105.5,0.56575,0.53125,0.34625,0.352,27.975,77.3,52.800000000000004,62.22500000000001,9.5,9.1,13.274999999999999,100.0,112.725,100.92500000000001,48.590624999999996,51.4506510425,2.182,0.48850000000000005
201511190LAC,GSW,246.25,42.5,85.25,0.5,13.0,32.0,0.40325,14.75,19.0,0.8109999999999999,8.25,30.0,38.25,29.5,9.75,7.75,17.0,25.75,112.75,0.60325,0.5760000000000001,0.37525,0.23199999999999998,20.124999999999996,71.075,46.0,69.02499999999999,9.85,11.45,15.399999999999999,100.0,113.67500000000001,103.0,51.5125,52.8764322925,2.18975,0.5725,GSW,246.25,36.25,83.5,0.43074999999999997,3.5,15.0,0.24425000000000002,26.25,31.75,0.8435,12.0,32.5,44.5,19.0,10.25,3.0,16.0,20.5,102.25,0.524,0.4525,0.18225,0.39625,28.925000000000004,79.875,54.025,53.4,10.35,5.6499999999999995,14.25,100.0,103.0,113.675,51.29062499999999,52.678645832499996,1.99175,0.36949999999999994
201511190MIA,SAC,240.0,38.5,82.5,0.47025,8.75,21.0,0.42075,18.25,23.0,0.8,11.0,36.5,47.5,23.5,8.25,2.75,17.75,19.25,104.0,0.56425,0.5237499999999999,0.2545,0.28150000000000003,25.099999999999998,78.025,52.775,61.0,8.4,4.625,16.225,100.0,106.10000000000001,103.25,50.0875,50.0875,2.07725,0.46849999999999997,SAC,240.0,38.0,88.5,0.4295,10.25,28.5,0.3615,15.0,19.75,0.756,10.5,32.0,42.5,20.25,9.75,3.5,14.25,19.75,101.25,0.521,0.48775,0.32225000000000004,0.223,21.975,74.9,47.224999999999994,53.025,9.975,5.45,12.775,100.0,103.25,106.1,50.815625,50.815625,1.9917500000000001,0.398
201511200BOS,BRK,246.25,41.0,90.5,0.45349999999999996,6.0,18.5,0.31875,14.25,18.0,0.776,8.5,35.25,43.75,23.25,9.5,3.75,11.75,18.5,102.25,0.51975,0.48775,0.20575,0.199,18.4,76.85,47.45,56.775000000000006,9.700000000000001,6.5,10.650000000000002,100.0,102.875,106.0,51.15,52.538020832499996,1.9980000000000002,0.45525,BRK,246.25,38.75,86.75,0.44775,11.5,28.75,0.40349999999999997,16.5,21.5,0.78325,10.75,37.5,48.25,26.25,8.0,7.0,15.75,17.0,105.5,0.5487500000000001,0.5145,0.33324999999999994,0.2535,23.15,81.6,52.55,67.625,8.025,9.575,14.225,100.0,106.0,102.87500000000001,50.98125,52.3451822925,2.06475,0.514
201511200CHO,PHI,240.0,33.0,80.0,0.41475000000000006,5.75,21.5,0.27125,13.0,18.75,0.70175,8.25,35.0,43.25,15.25,9.0,5.5,22.0,21.0,84.75,0.48225,0.4505,0.271,0.2335,18.35,74.025,47.125,46.474999999999994,9.05,8.5,19.875,100.0,85.475,100.25,51.328125,51.328125,1.6527500000000002,0.2975,PHI,240.0,36.0,87.5,0.41050000000000003,8.0,23.0,0.34225,19.5,24.0,0.8087499999999999,12.5,36.5,49.0,21.75,12.25,7.5,15.75,17.0,99.5,0.50775,0.456,0.26375,0.2805,25.974999999999998,81.65,52.875,60.25,12.3,12.475000000000001,13.900000000000002,100.0,100.25,85.475,51.075,51.075,1.947,0.4265
201511200DAL,UTA,240.0,35.5,81.0,0.44299999999999995,6.5,21.25,0.3015,16.0,21.75,0.733,10.0,31.0,41.0,18.25,10.0,6.75,15.25,20.5,93.5,0.521,0.48375,0.265,0.26875,24.025,77.975,50.575,51.375,10.725,11.899999999999999,14.524999999999999,100.0,100.97500000000001,102.14999999999999,48.290625,48.290625,1.94275,0.37775000000000003,UTA,240.0,34.75,77.25,0.45025,6.75,20.5,0.32299999999999995,18.5,22.75,0.8140000000000001,8.75,31.75,40.5,18.5,9.0,7.75,16.0,18.25,94.75,0.54325,0.494,0.26575,0.2955,22.025,75.975,49.425000000000004,53.224999999999994,9.700000000000001,12.525,15.425,100.0,102.14999999999999,100.975,47.653125,47.653125,1.98875,0.38975
201511200DEN,PHO,240.0,40.75,87.75,0.46525,11.0,27.75,0.397,17.5,23.25,0.7512500000000001,12.75,36.25,49.0,20.0,9.75,3.5,15.25,16.5,110.0,0.56275,0.5285000000000001,0.31675,0.26575,28.825,78.5,54.575,48.925,10.075000000000001,5.775,13.475000000000001,100.0,112.69999999999999,99.825,50.646874999999994,50.646874999999994,2.176,0.39549999999999996,PHO,240.0,38.0,87.0,0.44149999999999995,8.25,25.0,0.36025,13.0,17.5,0.792,9.75,31.0,40.75,16.5,8.25,3.25,14.75,19.25,97.25,0.5185,0.48975,0.28375,0.20550000000000002,21.5,71.175,45.425,42.9,8.375,5.5,13.575000000000001,100.0,99.825,112.69999999999999,50.15625,50.15625,1.944,0.32975
201511200GSW,CHI,240.0,38.5,87.25,0.442,7.25,18.75,0.381,18.75,25.0,0.7705,11.0,41.5,52.5,26.25,6.5,6.75,13.0,18.0,103.0,0.5257499999999999,0.48325,0.21325,0.2875,23.9,77.125,52.45,68.525,6.675000000000001,9.924999999999999,11.7,100.0,105.22500000000001,96.57499999999999,50.5625,50.5625,2.037,0.519,CHI,240.0,35.75,93.25,0.38449999999999995,9.25,26.5,0.34500000000000003,13.5,20.0,0.69475,12.25,35.25,47.5,18.75,7.75,5.5,10.75,17.25,94.25,0.46375,0.4345,0.28374999999999995,0.21575,22.875,76.1,47.55,52.525000000000006,7.9750000000000005,7.975,9.475,100.0,96.57499999999999,105.225,50.625,50.625,1.8682500000000002,0.371
201511200LAL,TOR,240.0,35.75,80.75,0.443,8.75,22.5,0.374,19.75,24.5,0.806,10.25,30.0,40.25,17.25,10.5,3.0,15.5,20.25,100.0,0.54575,0.49625,0.27675,0.30775,25.625,77.45,50.875,48.275000000000006,11.1,5.6,14.45,100.0,106.1,104.75,48.81875,48.81875,2.04825,0.35375,TOR,240.0,36.75,77.5,0.47575,8.75,24.75,0.35025,16.75,23.25,0.7215,8.75,30.0,38.75,21.0,9.25,5.0,17.5,22.5,99.0,0.56475,0.53225,0.3195,0.301,22.55,74.375,49.125,56.0,9.85,8.525,16.625,100.0,104.75,106.1,48.646875,48.646875,2.03,0.42675
201511200MEM,HOU,246.25,33.25,84.5,0.3955,10.75,34.75,0.30925,22.5,30.25,0.7255,11.75,33.25,45.0,21.5,10.0,6.25,17.75,22.0,99.75,0.51075,0.4585,0.409,0.35875,24.7,74.52499999999999,48.825,64.775,9.875,10.525,15.375000000000002,100.0,98.725,106.875,52.434375,53.900846355,1.903,0.41100000000000003,HOU,246.25,39.75,87.75,0.45275,9.25,28.5,0.3355,19.0,24.75,0.7615,11.5,35.5,47.0,23.5,10.75,5.25,16.75,23.25,107.75,0.5465,0.50525,0.3225,0.28600000000000003,25.474999999999998,75.3,51.175,59.05,10.575,10.65,14.45,100.0,106.875,98.725,52.378125,53.8205078125,2.061,0.451
201511200MIN,DET,240.0,34.5,85.75,0.40549999999999997,7.5,26.75,0.28300000000000003,17.75,25.25,0.6865,12.0,33.25,45.25,16.75,9.0,2.0,13.5,20.75,94.25,0.4885,0.44925,0.314,0.30574999999999997,24.75,82.69999999999999,51.0,48.474999999999994,9.4,3.5500000000000003,12.274999999999999,100.0,98.625,104.125,49.621875,49.621875,1.9015,0.337,DET,240.0,35.75,77.0,0.46399999999999997,8.25,21.75,0.39499999999999996,19.75,27.25,0.71575,7.0,36.5,43.5,22.0,6.5,3.25,15.25,21.75,99.5,0.5595,0.51775,0.28075,0.35575,17.299999999999997,75.25,49.0,62.25,6.8,5.6,14.65,100.0,104.125,98.625,49.096875,49.096875,2.03025,0.44849999999999995
201511200NOP,SAS,240.0,39.75,85.5,0.46599999999999997,7.0,18.0,0.396,15.25,19.0,0.79675,10.5,37.75,48.25,28.0,7.0,8.5,10.0,14.0,101.75,0.54325,0.50725,0.20950000000000002,0.22324999999999998,24.45,81.175,53.825,70.825,7.675,12.85,9.575,100.0,111.07499999999999,98.725,47.0125,47.0125,2.16625,0.597,SAS,240.0,35.25,85.75,0.4115,7.25,19.5,0.3685,12.75,16.25,0.80425,9.25,32.25,41.5,20.25,6.0,3.5,10.5,17.75,90.5,0.488,0.4545,0.231,0.188,18.825,75.55,46.175,56.599999999999994,6.525,5.175000000000001,10.35,100.0,98.725,111.075,47.359375,47.359375,1.9082500000000002,0.4255
201511200OKC,NYK,240.0,36.25,85.5,0.42274999999999996,6.75,21.5,0.31125,14.25,17.0,0.81625,10.25,35.75,46.0,19.0,6.0,4.75,12.25,22.5,93.5,0.5025,0.463,0.254,0.19974999999999998,24.375,82.6,53.625,52.824999999999996,6.575,8.475,11.649999999999999,100.0,102.15,100.025,47.7875,47.7875,1.9547499999999998,0.39699999999999996,NYK,240.0,34.0,78.75,0.4325,6.25,23.0,0.27449999999999997,17.25,25.75,0.6907500000000001,7.75,32.25,40.0,15.5,7.25,4.5,10.5,16.5,91.5,0.50925,0.47225,0.29325,0.32575,17.4,75.625,46.375,45.625,7.925000000000001,6.699999999999999,10.5,100.0,100.02499999999999,102.14999999999999,46.865624999999994,46.865624999999994,1.9525,0.33
201511200POR,LAC,240.0,39.5,85.75,0.46049999999999996,10.25,25.25,0.40149999999999997,18.25,27.75,0.65975,11.25,27.5,38.75,20.5,8.5,2.75,11.75,22.25,107.5,0.54925,0.52025,0.2935,0.32425000000000004,24.3,75.4,46.775,52.3,8.75,5.675,10.7,100.0,112.125,118.65,49.715625,49.715625,2.16475,0.415,LAC,240.0,39.25,76.5,0.5125000000000001,12.25,27.75,0.43775000000000003,23.25,30.5,0.7617499999999999,9.0,35.0,44.0,22.75,7.5,3.0,16.5,23.75,114.0,0.634,0.5922499999999999,0.36325,0.40349999999999997,24.6,75.7,53.224999999999994,57.975,7.824999999999999,4.9750000000000005,15.450000000000001,100.0,118.64999999999999,112.125,49.243750000000006,49.243750000000006,2.3129999999999997,0.45999999999999996
201511210CLE,ATL,240.0,36.0,79.25,0.45549999999999996,8.75,25.25,0.3445,14.25,18.75,0.7595,8.25,31.0,39.25,24.25,7.0,5.0,15.5,15.5,95.0,0.544,0.5107499999999999,0.31775,0.23525000000000001,19.1,71.72500000000001,45.7,67.425,7.524999999999999,7.875,15.15,100.0,102.07500000000002,104.825,47.703125,47.703125,1.9914999999999998,0.5095,ATL,240.0,39.0,87.25,0.45075,8.0,22.5,0.35725,11.5,15.0,0.7625,12.25,34.25,46.5,24.0,9.5,4.5,14.5,17.25,97.5,0.522,0.4962500000000001,0.255,0.17625,28.275000000000002,80.9,54.3,61.5,10.25,8.4,13.475,100.0,104.825,102.07499999999999,48.3125,48.3125,2.0195,0.49525
201511210DET,WAS,240.0,38.0,82.0,0.46950000000000003,9.25,24.75,0.375,20.5,27.5,0.7625,8.25,35.0,43.25,24.5,8.25,4.25,13.75,20.5,105.75,0.5675,0.528,0.3045,0.34624999999999995,19.05,81.075,50.575,64.44999999999999,8.4,6.9,12.8,100.0,108.05000000000001,107.80000000000001,50.28124999999999,50.28124999999999,2.11,0.49,WAS,240.0,39.0,84.25,0.46175000000000005,10.5,23.75,0.436,17.5,23.0,0.7835000000000001,8.0,34.75,42.75,26.25,7.0,2.75,14.25,21.5,106.0,0.55975,0.52425,0.28125,0.27725,18.925,80.95000000000002,49.45,67.1,7.1,5.025,13.225000000000001,100.0,107.8,108.05,50.712500000000006,50.712500000000006,2.087,0.51725
201511210HOU,NYK,240.0,34.0,82.0,0.41524999999999995,8.75,21.25,0.41375000000000006,16.75,21.0,0.8007500000000001,9.0,33.0,42.0,19.75,7.25,4.75,13.25,21.5,93.5,0.5135,0.47050000000000003,0.2625,0.25925,21.35,75.95,48.925000000000004,58.349999999999994,7.925000000000001,8.4,12.75,100.0,102.07499999999999,98.6,48.112500000000004,48.112500000000004,1.9415,0.40974999999999995,NYK,240.0,34.0,80.75,0.42325,5.0,24.5,0.21325,17.25,24.5,0.72375,11.25,32.75,44.0,13.25,6.75,4.25,12.75,19.0,90.25,0.49624999999999997,0.45549999999999996,0.3035,0.305,24.050000000000004,78.65,51.075,39.199999999999996,7.375,6.699999999999999,12.3,100.0,98.6,102.075,46.943749999999994,46.943749999999994,1.923,0.28225
201511210IND,MIL,252.5,38.5,81.5,0.47650000000000003,7.25,16.75,0.42025,14.75,20.25,0.7517499999999999,8.75,26.25,35.0,22.5,6.75,4.5,14.5,26.0,99.0,0.553,0.52175,0.20925000000000002,0.25475000000000003,21.25,68.425,43.72500000000001,59.325,7.3500000000000005,8.725,14.024999999999999,100.0,106.57499999999999,118.225,48.434375,51.2846354175,2.0517499999999997,0.46950000000000003,MIL,252.5,38.25,77.75,0.49825,11.25,27.0,0.42600000000000005,21.75,30.5,0.7112499999999999,11.75,32.0,43.75,25.5,6.75,4.75,15.75,19.75,109.5,0.6052500000000001,0.57075,0.34349999999999997,0.40249999999999997,31.575,78.75,56.275,66.525,7.3,7.2,14.649999999999999,100.0,118.225,106.575,48.11875,50.9787760425,2.29425,0.53825
201511210MIA,PHI,240.0,33.5,78.25,0.42875,6.5,23.75,0.27475,12.0,17.25,0.705,7.5,35.5,43.0,16.5,7.5,5.25,22.0,21.25,85.5,0.49825,0.47,0.30375,0.2215,17.475,79.22500000000001,48.800000000000004,49.55,7.6000000000000005,8.75,20.225,100.0,87.125,104.17500000000001,50.471875,50.471875,1.69675,0.3285,PHI,240.0,36.25,83.5,0.43350000000000005,9.0,23.0,0.38225,20.75,24.25,0.857,9.75,35.75,45.5,23.0,11.75,6.75,15.25,17.5,102.25,0.5435,0.48725,0.27649999999999997,0.29450000000000004,20.775000000000002,82.525,51.2,63.05,11.875,12.5,13.875,100.0,104.175,87.125,50.259375,50.259375,2.03625,0.4585
201511210ORL,SAC,240.0,40.0,85.0,0.47325,9.5,22.75,0.4105,16.5,22.0,0.75,11.5,35.0,46.5,24.75,7.25,3.0,17.75,21.0,106.0,0.56175,0.52925,0.269,0.26,26.425,77.95,52.8,62.0,7.3500000000000005,4.9,15.875,100.0,107.67500000000001,108.925,50.85,50.85,2.0852500000000003,0.48675,SAC,240.0,40.0,88.5,0.452,9.75,26.5,0.36424999999999996,17.5,23.0,0.758,10.0,31.5,41.5,22.5,10.0,4.5,12.0,18.5,107.25,0.5435000000000001,0.50725,0.29974999999999996,0.2595,22.05,73.575,47.2,56.125,10.2,7.025,10.825,100.0,108.92500000000001,107.675,50.71249999999999,50.71249999999999,2.116,0.44400000000000006
201511210SAS,MEM,240.0,37.25,81.5,0.46149999999999997,8.75,18.5,0.48575,25.0,28.0,0.88575,9.5,28.0,37.5,23.0,11.0,3.5,11.0,22.25,108.25,0.5802499999999999,0.5157499999999999,0.22724999999999998,0.34550000000000003,22.025,72.65,47.05,62.0,11.6,6.25,10.600000000000001,100.0,115.0,107.44999999999999,48.15,48.15,2.2465,0.47775,MEM,240.0,35.75,76.5,0.4655,7.25,22.75,0.32525000000000004,22.25,29.5,0.77675,10.0,32.25,42.25,18.5,8.25,6.75,19.0,24.25,101.0,0.565,0.51325,0.3005,0.38975,27.374999999999996,77.97500000000001,52.95,51.9,8.674999999999999,10.45,17.45,100.0,107.44999999999999,115.0,49.75625,49.75625,2.03825,0.373
201511220BRK,BOS,240.0,43.0,88.5,0.487,9.5,28.5,0.3375,12.75,17.75,0.7265,12.25,32.75,45.0,28.25,12.5,3.75,16.75,23.75,108.25,0.5640000000000001,0.5407500000000001,0.32075,0.20074999999999998,28.974999999999998,74.85,52.55,64.975,12.75,6.7,14.825,100.0,110.4,97.225,50.715624999999996,50.715624999999996,2.1347500000000004,0.558,BOS,240.0,34.0,80.75,0.42375,8.0,24.0,0.33875,19.25,27.75,0.68425,11.25,29.5,40.75,20.0,9.25,4.75,19.0,18.75,95.25,0.5137499999999999,0.473,0.29800000000000004,0.351,25.150000000000002,71.025,47.45,59.074999999999996,9.45,7.824999999999999,16.95,100.0,97.22500000000001,110.39999999999999,50.840625,50.840625,1.8755,0.39399999999999996
201511220DEN,GSW,246.25,40.75,82.25,0.499,12.5,30.5,0.411,19.0,24.25,0.7945,9.75,34.5,44.25,28.25,7.5,6.5,17.0,20.75,113.0,0.611,0.57625,0.373,0.3095,24.5,74.325,51.224999999999994,69.275,7.625,9.549999999999999,15.475,100.0,115.325,107.05,50.509375000000006,51.8733072925,2.2392499999999997,0.5565,GSW,246.25,39.25,88.25,0.44599999999999995,7.0,21.75,0.30250000000000005,19.5,25.5,0.77825,11.75,30.25,42.0,20.75,11.25,2.5,13.0,20.5,105.0,0.529,0.48674999999999996,0.248,0.29775,25.675,75.5,48.775000000000006,53.225,11.45,4.725,11.549999999999999,100.0,107.05,115.325,50.80625,52.1942708325,2.06825,0.4095
201511220LAC,TOR,240.0,35.75,81.0,0.4415,10.25,25.5,0.3805,18.75,23.75,0.7909999999999999,10.0,28.5,38.5,17.75,10.25,2.5,14.75,19.25,100.5,0.5489999999999999,0.50425,0.31425,0.297,24.525,77.075,49.425000000000004,49.75,10.875,4.925,13.825000000000001,100.0,107.44999999999999,108.225,48.515625,48.515625,2.07425,0.36774999999999997,TOR,240.0,38.0,76.25,0.49800000000000005,9.0,25.25,0.35425,16.5,22.5,0.73775,8.5,31.0,39.5,22.5,8.75,5.0,17.75,21.5,101.5,0.588,0.5565,0.33075,0.29525,22.925,75.475,50.574999999999996,58.5,9.35,8.975000000000001,17.049999999999997,100.0,108.225,107.44999999999999,48.09375,48.09375,2.1054999999999997,0.4635
201511220LAL,POR,246.25,34.75,85.5,0.4065,7.25,23.75,0.3065,18.0,21.75,0.8322499999999999,11.75,35.25,47.0,17.25,7.0,4.0,14.25,21.75,94.75,0.498,0.44925000000000004,0.277,0.2515,25.15,77.325,51.474999999999994,49.75,7.2250000000000005,7.425,12.975,100.0,99.9,105.2,49.165625000000006,50.608007812500006,1.9265,0.35175,POR,246.25,37.25,87.5,0.42775,9.25,30.5,0.301,15.75,20.75,0.72875,10.5,33.75,44.25,26.0,8.0,7.5,11.75,18.25,99.5,0.5157499999999999,0.48024999999999995,0.347,0.23525000000000001,22.675,74.85000000000001,48.525000000000006,69.75,8.4,12.275,10.675,100.0,105.2,99.9,49.303124999999994,50.769596355000004,2.024,0.5355
201511220NOP,PHO,240.0,39.75,86.75,0.45925,11.25,27.0,0.41925,18.25,24.25,0.75075,13.0,35.0,48.0,20.0,9.0,4.5,15.25,17.25,109.0,0.5609999999999999,0.52525,0.312,0.2815,29.549999999999997,77.025,53.849999999999994,50.175,9.424999999999999,7.25,13.549999999999999,100.0,113.25000000000001,101.975,50.259375,50.259375,2.17375,0.399,PHO,240.0,38.25,87.0,0.44449999999999995,7.25,24.5,0.32575,14.25,17.0,0.85025,10.25,30.75,41.0,18.25,7.0,3.5,14.0,20.5,98.0,0.52325,0.487,0.27825,0.2,22.975,70.45,46.150000000000006,46.9,7.25,6.0,13.025,100.0,101.975,113.25,49.412499999999994,49.412499999999994,1.98875,0.36975
201511220OKC,DAL,240.0,37.25,80.0,0.46549999999999997,7.5,25.0,0.3035,20.5,25.75,0.8124999999999999,7.25,32.0,39.25,21.5,8.75,5.25,13.75,21.25,102.5,0.5615,0.5125,0.3115,0.3305,18.65,71.175,46.525,57.525,9.200000000000001,9.15,13.024999999999999,100.0,107.875,99.64999999999999,49.365625,49.365625,2.08225,0.4385,DAL,240.0,34.75,83.0,0.41975,7.0,25.5,0.275,18.25,24.25,0.74775,13.0,32.0,45.0,18.5,8.5,3.0,17.5,26.0,94.75,0.50625,0.46175,0.30674999999999997,0.29200000000000004,28.825000000000003,81.35,53.475,53.45,8.8,5.35,15.775,100.0,99.65,107.875,49.509375000000006,49.509375000000006,1.92125,0.37274999999999997
201511230CHO,SAC,240.0,37.75,81.75,0.4625,8.5,21.0,0.39625,18.5,23.25,0.7835,10.25,35.5,45.75,24.25,7.25,3.5,17.75,21.0,102.5,0.5582499999999999,0.5147499999999999,0.259,0.2865,24.475,75.875,51.625,64.925,7.525,5.85,16.175,100.0,105.725,105.925,50.146874999999994,50.146874999999994,2.04475,0.48325,SAC,240.0,39.0,89.25,0.43725,10.0,29.0,0.34149999999999997,14.75,19.75,0.743,11.5,31.5,43.0,23.25,10.25,5.25,12.5,19.0,102.75,0.5237499999999999,0.49350000000000005,0.32499999999999996,0.22225,24.125,75.525,48.375,59.625,10.575,8.4,11.299999999999999,100.0,105.92500000000001,105.725,49.815625,49.815625,2.0620000000000003,0.46775
201511230CLE,ORL,246.25,37.25,91.25,0.41100000000000003,8.0,24.25,0.32775,16.5,21.0,0.766,12.75,35.75,48.5,21.5,9.0,6.0,14.5,22.25,99.0,0.497,0.45575,0.2725,0.2405,24.3,78.175,50.075,58.099999999999994,9.125,9.725000000000001,12.825,100.0,100.42500000000001,101.17500000000001,51.4875,52.9064453125,1.923,0.42000000000000004,ORL,246.25,35.0,84.0,0.417,7.75,23.0,0.3265,22.0,27.5,0.7917500000000001,10.0,38.5,48.5,24.25,8.75,7.5,14.0,21.5,99.75,0.51925,0.463,0.27374999999999994,0.32825,21.825,75.7,49.925000000000004,69.375,8.95,10.925,12.674999999999999,100.0,101.17500000000001,100.425,50.53125,51.862630207500004,1.9755,0.48050000000000004
201511230MIA,NYK,240.0,35.25,82.25,0.42975,9.5,20.75,0.4505,19.25,24.25,0.7967500000000001,11.25,30.5,41.75,20.75,6.5,5.75,12.5,20.5,99.25,0.53525,0.48950000000000005,0.25525,0.299,26.575,72.675,49.75,59.25,7.1499999999999995,10.175,11.924999999999999,100.0,110.4,103.775,47.509375000000006,47.509375000000006,2.09675,0.43724999999999997,NYK,240.0,34.5,81.5,0.42550000000000004,6.5,24.5,0.267,17.75,23.75,0.757,12.25,30.0,42.25,14.75,6.75,5.0,12.75,20.75,93.25,0.51025,0.46649999999999997,0.30025,0.29225,27.325000000000003,73.425,50.25,42.949999999999996,7.475,8.05,12.25,100.0,103.775,110.39999999999999,46.640625,46.640625,2.0025,0.31725000000000003
201511230MIL,DET,240.0,36.75,86.5,0.4275,7.0,25.5,0.2785,14.5,20.0,0.7055,9.75,34.5,44.25,17.25,8.0,2.5,12.5,20.0,95.0,0.50075,0.46775,0.2955,0.23500000000000001,21.225,84.575,51.225,47.35,8.275,4.225,11.625,100.0,99.6,99.4,49.375,49.375,1.926,0.35025,DET,240.0,35.0,77.5,0.45099999999999996,6.75,21.0,0.31200000000000006,18.0,26.0,0.681,6.25,35.75,42.0,21.0,7.5,2.75,14.5,20.5,94.75,0.5327500000000001,0.49425,0.26975,0.33775,15.425,78.775,48.775,60.525,7.925,4.3,13.95,100.0,99.39999999999999,99.6,49.05,49.05,1.938,0.4295
201511230MIN,PHI,240.0,33.0,78.25,0.42275000000000007,7.0,26.0,0.2645,14.5,20.5,0.6984999999999999,8.5,35.0,43.5,16.75,7.5,6.5,22.25,23.5,87.5,0.50175,0.467,0.33125000000000004,0.26125,19.775,80.25,50.225,51.074999999999996,7.600000000000001,11.6,20.224999999999998,100.0,89.1,105.10000000000001,50.868750000000006,50.868750000000006,1.7232500000000002,0.331,PHI,240.0,35.5,79.5,0.44525000000000003,9.0,23.5,0.3735,23.25,29.25,0.81925,9.0,34.25,43.25,21.25,11.0,8.5,16.0,20.0,103.25,0.559,0.5005,0.29475,0.384,19.75,80.225,49.775000000000006,58.95,11.075000000000001,16.45,14.725000000000001,100.0,105.10000000000001,89.1,50.196875,50.196875,2.05925,0.42325
201511230SAS,PHO,240.0,39.25,88.25,0.4465,12.75,30.0,0.42275,20.5,26.0,0.77825,13.25,32.0,45.25,19.5,9.5,5.25,14.0,21.25,111.75,0.56225,0.5195,0.3405,0.29575,29.225,75.5,51.550000000000004,49.475,9.875,8.674999999999999,12.375,100.0,115.075,111.17500000000001,50.675000000000004,50.675000000000004,2.2087499999999998,0.38725000000000004,PHO,240.0,39.5,83.75,0.4725,8.5,23.25,0.37474999999999997,20.75,25.0,0.83775,10.5,32.25,42.75,20.75,7.75,3.5,15.0,22.0,108.25,0.5722499999999999,0.5235000000000001,0.27725,0.29725,24.5,70.775,48.45,52.1,7.9,6.275,13.775,100.0,111.175,115.07499999999999,50.0625,50.0625,2.1595,0.41300000000000003
201511230UTA,OKC,240.0,40.25,87.0,0.46375,7.25,23.0,0.33525,20.0,28.0,0.7255,15.75,30.25,46.0,19.5,7.5,5.0,15.75,21.5,107.75,0.544,0.50625,0.26375,0.326,36.349999999999994,76.85,55.7,47.8,7.825,8.1,13.7,100.0,111.75,112.075,50.150000000000006,50.150000000000006,2.145,0.387,OKC,240.0,39.25,83.5,0.47025,10.5,22.0,0.5205,19.0,24.75,0.7865,9.25,27.25,36.5,23.25,9.25,4.25,14.5,21.0,108.0,0.57175,0.5347500000000001,0.2615,0.30375,23.15,63.65,44.3,59.949999999999996,9.65,6.675000000000001,13.425,100.0,112.07499999999999,111.75,50.253125000000004,50.253125000000004,2.1465,0.46275
201511240ATL,BOS,240.0,42.0,88.5,0.47475,10.75,32.0,0.33425000000000005,13.75,18.0,0.7665000000000001,11.75,30.25,42.0,26.75,11.75,2.5,16.5,24.25,108.5,0.5645,0.53625,0.36350000000000005,0.20375,26.2,71.42499999999998,48.474999999999994,62.525000000000006,11.950000000000001,4.1000000000000005,14.625,100.0,110.7,104.17499999999998,50.900000000000006,50.900000000000006,2.13225,0.5257499999999999,BOS,240.0,37.0,81.25,0.45925,7.75,21.5,0.36200000000000004,20.0,28.75,0.683,12.25,32.25,44.5,20.0,9.5,4.25,18.0,18.75,101.75,0.54375,0.50675,0.26425000000000004,0.36125,28.575,73.8,51.52499999999999,54.25,9.7,7.5,16.025,100.0,104.175,110.7,50.328125,50.328125,2.0315000000000003,0.39799999999999996
201511240DEN,LAC,240.0,37.0,81.75,0.45049999999999996,8.5,26.0,0.33175000000000004,14.75,21.5,0.6715,10.5,29.75,40.25,22.25,8.0,5.0,13.75,25.5,97.25,0.531,0.50225,0.3205,0.2645,23.575,70.95,46.325,61.375,8.6,8.925,13.2,100.0,104.45,110.92500000000001,47.60625,47.60625,2.03675,0.46799999999999997,LAC,240.0,34.5,78.75,0.44025000000000003,9.0,24.75,0.34524999999999995,25.25,31.5,0.80075,12.5,34.25,46.75,19.25,7.0,2.25,15.5,19.75,103.25,0.55975,0.4985,0.318,0.40750000000000003,29.05,76.425,53.675,55.224999999999994,7.625,3.7249999999999996,14.375,100.0,110.925,104.44999999999999,48.35625,48.35625,2.1295,0.39475
201511240GSW,LAL,240.0,33.75,79.25,0.42825,7.25,20.5,0.35475,20.75,25.75,0.8152499999999999,9.5,34.25,43.75,18.5,5.0,4.25,14.25,18.0,95.5,0.53,0.4740000000000001,0.26075000000000004,0.327,22.025,73.85,49.2,55.725,5.4,7.25,13.675,100.0,102.675,111.55,48.115625,48.115625,1.9865,0.38375000000000004,LAL,240.0,39.25,88.5,0.44475,10.25,28.75,0.35025,14.75,20.25,0.7125,12.25,32.75,45.0,21.75,8.5,4.75,10.5,18.5,103.5,0.5332499999999999,0.504,0.3285,0.23200000000000004,26.15,77.975,50.8,55.35000000000001,9.15,7.824999999999999,9.8,100.0,111.55,102.675,48.184374999999996,48.184374999999996,2.1555,0.45299999999999996
201511240MEM,DAL,240.0,37.5,78.5,0.47725,8.0,22.75,0.3635,20.5,27.5,0.76475,7.5,29.5,37.0,22.0,9.25,4.5,15.25,20.25,103.5,0.571,0.528,0.29000000000000004,0.35574999999999996,19.775,68.775,45.45,58.35,9.674999999999999,7.125,14.275,100.0,108.2,103.825,49.65625,49.65625,2.0895,0.4455,DAL,240.0,38.5,84.5,0.455,7.0,22.5,0.311,15.5,20.75,0.747,13.5,31.0,44.5,19.25,8.25,3.25,18.5,26.0,99.5,0.5305,0.496,0.26649999999999996,0.24675,31.225,80.225,54.55,49.55,8.5,5.65,16.55,100.0,103.82499999999999,108.2,49.678124999999994,49.678124999999994,2.009,0.386
201511240POR,CHI,240.0,37.0,85.25,0.43474999999999997,6.5,18.0,0.36050000000000004,18.25,25.0,0.74875,11.5,37.25,48.75,24.75,7.75,4.75,12.5,18.0,98.75,0.51475,0.47300000000000003,0.21075,0.29275,24.474999999999998,76.325,50.95,67.175,8.225,7.6,11.5,100.0,104.075,104.2,49.06250000000001,49.06250000000001,2.0127499999999996,0.504,CHI,240.0,36.75,88.0,0.4205,10.5,27.5,0.38125000000000003,14.75,20.25,0.7409999999999999,11.25,35.5,46.75,19.0,8.0,4.75,11.25,17.75,98.75,0.51175,0.48,0.31299999999999994,0.23425,23.675000000000004,75.525,49.05,51.775000000000006,8.450000000000001,7.074999999999999,10.4,100.0,104.19999999999999,104.07499999999999,48.809375,48.809375,2.02575,0.38975000000000004
201511240WAS,IND,240.0,41.25,89.0,0.463,11.5,25.75,0.44325,15.25,22.5,0.682,12.5,32.5,45.0,24.5,11.5,5.75,13.75,15.0,109.25,0.552,0.5275,0.28875,0.25325000000000003,26.974999999999998,77.5,50.925,59.175,11.675,9.675,12.175,100.0,112.02499999999999,95.225,50.46875,50.46875,2.16275,0.48424999999999996,IND,240.0,36.5,81.0,0.451,5.75,19.25,0.311,13.75,20.0,0.71425,9.5,33.75,43.25,18.75,8.0,5.5,18.75,18.75,92.5,0.516,0.48625,0.23975,0.24525,22.5,73.025,49.074999999999996,52.075,8.175,8.524999999999999,17.15,100.0,95.22500000000001,112.025,49.875,49.875,1.8604999999999998,0.37750000000000006
201511250BOS,PHI,240.0,32.5,78.75,0.41350000000000003,8.25,28.25,0.2885,16.5,22.25,0.7305,9.25,33.0,42.25,16.5,7.75,7.0,20.25,22.75,89.75,0.507,0.4655,0.35825,0.28200000000000003,21.15,78.375,49.2,51.025,7.975,11.950000000000001,18.55,100.0,92.625,108.45,50.159375000000004,50.159375000000004,1.7925,0.3305,PHI,240.0,37.0,80.0,0.462,8.0,20.5,0.363,23.25,28.5,0.8425,9.5,34.25,43.75,22.25,10.0,9.75,15.5,20.5,105.25,0.5690000000000001,0.5105,0.25425000000000003,0.37175,21.625,78.85,50.8,59.525000000000006,10.175,19.25,14.3,100.0,108.45,92.625,49.76875,49.76875,2.11475,0.44600000000000006
201511250CHO,WAS,240.0,38.0,78.5,0.486,11.0,25.75,0.43025,19.5,27.75,0.7017500000000001,8.0,35.25,43.25,25.75,8.25,2.5,13.75,19.75,106.5,0.5875,0.556,0.32625,0.361,19.65,83.69999999999999,52.325,67.75,8.649999999999999,4.125,12.975000000000001,100.0,110.99999999999999,104.57500000000002,48.715625,48.715625,2.1905,0.528,WAS,240.0,37.25,79.5,0.4685,10.25,22.75,0.43425,16.0,23.0,0.69625,6.75,32.75,39.5,21.5,6.5,1.75,16.0,21.0,100.75,0.5619999999999999,0.53375,0.28825,0.29075,16.299999999999997,80.35,47.675000000000004,58.349999999999994,6.65,3.3499999999999996,15.175,100.0,104.575,111.0,49.8375,49.8375,2.0175,0.43174999999999997
201511250DET,MIA,240.0,34.75,79.5,0.4365,5.5,21.25,0.26025,24.5,36.0,0.673,11.75,36.5,48.25,19.75,7.25,10.0,13.5,19.75,99.5,0.5209999999999999,0.47074999999999995,0.2675,0.46175,25.125,75.125,50.599999999999994,56.62499999999999,7.675000000000001,16.474999999999998,12.350000000000001,100.0,104.075,99.07499999999999,49.175,49.175,2.02875,0.4015,MIA,240.0,34.5,87.5,0.39575000000000005,7.5,24.75,0.3005,18.75,25.0,0.7425000000000002,12.25,34.75,47.0,16.75,7.25,5.0,13.25,26.5,95.25,0.4855,0.43975,0.28600000000000003,0.28325,24.875,74.875,49.400000000000006,47.875,7.525,8.975,11.95,100.0,99.07499999999999,104.075,50.1875,50.1875,1.8919999999999997,0.33275
201511250HOU,MEM,240.0,35.5,82.25,0.4315,7.0,17.75,0.37074999999999997,24.5,28.0,0.8872500000000001,8.0,31.5,39.5,22.0,13.0,3.5,11.5,24.75,102.5,0.5395,0.47325,0.2125,0.337,17.925,79.05,46.5,61.975,13.450000000000001,7.275,11.0,100.0,105.425,99.75,49.525,49.525,2.063,0.44575000000000004,MEM,240.0,33.25,76.0,0.4365,8.5,27.0,0.32025,21.5,29.5,0.74275,8.0,37.25,45.25,19.75,7.25,6.75,19.5,24.0,96.5,0.5417500000000001,0.49225,0.3555,0.38825,20.974999999999998,82.075,53.5,59.849999999999994,7.5,10.55,17.925,100.0,99.75,105.42500000000001,50.75625,50.75625,1.9060000000000001,0.39075
201511250LAC,UTA,240.0,34.25,75.25,0.45525,6.25,20.5,0.3035,18.25,25.0,0.73575,12.0,30.5,42.5,16.25,7.75,4.25,18.0,19.25,93.0,0.5405,0.49675,0.273,0.33525000000000005,29.925000000000004,79.825,54.775000000000006,47.575,8.525,7.7250000000000005,17.225,100.0,103.375,110.4,46.5625,46.5625,2.003,0.35,UTA,240.0,38.0,79.0,0.48175,8.0,24.25,0.32675,15.5,17.5,0.88575,7.75,27.25,35.0,21.5,10.25,6.0,13.25,20.75,99.5,0.57475,0.5325,0.30674999999999997,0.222,20.175,70.075,45.224999999999994,56.35,11.350000000000001,10.975,13.225,100.0,110.4,103.37499999999999,46.40625,46.40625,2.1435000000000004,0.46424999999999994
201511250MIL,SAC,246.25,41.0,88.75,0.45925,8.0,22.5,0.36075,16.25,21.25,0.74175,10.0,36.75,46.75,27.0,7.75,4.25,18.0,23.75,106.25,0.541,0.5045,0.25125000000000003,0.246,22.725,75.9,50.4,66.525,7.550000000000001,6.525,15.5,100.0,103.57499999999999,106.375,53.421875,55.03125,1.989,0.50275,SAC,246.25,41.75,92.0,0.453,8.5,28.5,0.298,17.25,22.75,0.75675,11.75,34.25,46.0,24.75,9.5,6.75,13.5,18.75,109.25,0.53325,0.49925,0.31,0.24825,24.1,77.275,49.6,60.025,9.325,10.3,11.524999999999999,100.0,106.375,103.57499999999999,52.278125,53.858203125,2.0885,0.47825000000000006
201511250MIN,ATL,240.0,37.0,82.75,0.44899999999999995,11.0,27.75,0.40175,17.25,21.25,0.8019999999999999,9.5,33.0,42.5,25.0,8.5,6.0,15.75,19.25,102.25,0.557,0.51625,0.33625000000000005,0.255,21.475,75.175,48.925,67.325,8.899999999999999,9.525,14.675,100.0,106.75,102.92500000000001,49.546875,49.546875,2.0575,0.5025000000000001,ATL,240.0,37.5,84.25,0.44475,8.5,21.5,0.39275,14.75,19.0,0.7595000000000001,10.75,34.25,45.0,24.5,9.75,3.5,15.25,19.25,98.25,0.53025,0.4955,0.25525,0.22625,24.825,78.525,51.075,65.35,10.225,6.375000000000001,14.025,100.0,102.925,106.75,48.8875,48.8875,2.0107500000000003,0.501
201511250OKC,BRK,240.0,39.0,85.75,0.45575,6.75,17.25,0.38425000000000004,17.0,23.0,0.7130000000000001,10.5,33.0,43.5,20.5,10.0,2.75,13.25,17.5,101.75,0.5307499999999999,0.49525,0.20149999999999998,0.27125,24.05,79.57499999999999,50.775000000000006,52.475,10.475,5.65,12.024999999999999,100.0,105.22500000000001,109.475,49.712500000000006,49.712500000000006,2.0515,0.4135,BRK,240.0,39.5,81.25,0.48374999999999996,11.75,30.0,0.39425,15.5,20.25,0.7685000000000001,8.5,33.75,42.25,26.75,7.75,5.25,17.0,20.0,106.25,0.5875,0.55625,0.36975,0.25125000000000003,20.425,75.94999999999999,49.224999999999994,66.675,8.025,7.550000000000001,15.925,100.0,109.47500000000001,105.225,49.684375,49.684375,2.133,0.5367500000000001
201511250ORL,NYK,240.0,32.75,82.0,0.40225000000000005,9.5,22.25,0.43675,20.0,24.75,0.81375,12.5,31.25,43.75,19.25,6.25,5.75,13.0,21.25,95.0,0.51325,0.462,0.273,0.30525,27.45,67.525,48.125,58.12500000000001,6.949999999999999,9.8,12.375,100.0,106.65,107.02499999999999,47.128125,47.128125,2.0214999999999996,0.408,NYK,240.0,34.25,84.0,0.40850000000000003,6.25,24.0,0.26125,20.5,28.0,0.72775,15.25,32.0,47.25,15.25,7.5,5.5,10.5,20.0,95.25,0.49575,0.44675,0.28500000000000003,0.33625,32.475,72.55,51.875,44.974999999999994,8.4,9.05,9.75,100.0,107.025,106.64999999999999,46.275,46.275,2.0612500000000002,0.331
201511250PHO,NOP,240.0,40.75,87.75,0.46525000000000005,8.5,26.75,0.32125,16.75,19.25,0.8959999999999999,8.75,35.0,43.75,23.75,6.5,5.25,10.75,21.25,106.75,0.5545,0.51375,0.30425,0.22299999999999998,20.125,75.7,48.65,58.45,6.6,9.0,9.975,100.0,110.75,112.19999999999999,49.446875000000006,49.446875000000006,2.15775,0.48375,NOP,240.0,38.0,86.0,0.4425,12.0,25.0,0.47824999999999995,19.75,25.5,0.7839999999999999,10.75,34.75,45.5,21.25,5.5,5.5,12.5,19.25,107.75,0.55475,0.5117499999999999,0.28874999999999995,0.29525,24.3,79.875,51.35,55.824999999999996,5.7,8.924999999999999,11.3,100.0,112.2,110.75,49.93125,49.93125,2.16075,0.432
201511250SAS,DAL,240.0,37.5,78.75,0.476,9.0,25.25,0.3715,20.5,27.0,0.7797499999999999,7.0,32.25,39.25,23.5,7.25,5.5,15.25,20.75,104.5,0.5762499999999999,0.5329999999999999,0.3215,0.348,18.825,71.1,47.3,63.349999999999994,7.674999999999999,8.5,14.25,100.0,108.69999999999999,109.19999999999999,49.9125,49.9125,2.0997500000000002,0.4725,DAL,240.0,39.25,87.0,0.45075,7.5,22.25,0.3375,19.5,25.0,0.7805000000000001,12.75,30.75,43.5,20.25,9.0,3.25,14.0,24.75,105.5,0.53825,0.49375,0.25525,0.2885,28.9,81.17500000000001,52.7,51.3,9.175,6.050000000000001,12.525,100.0,109.20000000000002,108.7,50.0625,50.0625,2.1087499999999997,0.40249999999999997
201511250TOR,CLE,240.0,40.5,79.25,0.51275,12.75,30.25,0.421,16.25,22.75,0.7082499999999999,8.75,35.0,43.75,27.75,5.0,3.75,13.75,21.5,110.0,0.61725,0.5935,0.381,0.29225,25.775,78.975,55.075,68.2,5.375,6.3,13.325000000000001,100.0,119.775,109.675,47.528125,47.528125,2.3245,0.58825,CLE,240.0,36.5,81.0,0.454,7.75,19.75,0.389,20.25,25.75,0.7782500000000001,9.5,27.25,36.75,22.25,8.75,3.25,11.5,21.25,101.0,0.5489999999999999,0.50075,0.2395,0.31875,21.025,74.225,44.95,61.2,9.424999999999999,6.625,11.05,100.0,109.675,119.775,47.615624999999994,47.615624999999994,2.1252500000000003,0.46950000000000003
201511270BOS,WAS,240.0,36.0,79.5,0.4575,10.5,26.5,0.40499999999999997,18.75,25.75,0.7370000000000001,9.0,32.25,41.25,22.25,10.0,2.0,14.5,19.0,101.25,0.559,0.524,0.33099999999999996,0.3345,21.05,81.05000000000001,50.449999999999996,61.25,10.524999999999999,3.7,13.6,100.0,106.44999999999999,105.89999999999999,48.615625,48.615625,2.0885,0.458,WAS,240.0,37.5,78.5,0.47675,11.25,24.75,0.45575,15.0,20.75,0.7482499999999999,7.5,33.5,41.0,22.25,6.0,2.75,17.75,19.75,101.25,0.5762499999999999,0.54825,0.31475,0.267,18.950000000000003,78.95,49.550000000000004,59.95,6.2,5.15,16.8,100.0,105.9,106.44999999999999,49.303125,49.303125,2.0475,0.4505
201511270CHO,CLE,240.0,40.0,79.75,0.50375,13.5,29.25,0.4585,16.5,21.75,0.7614999999999998,10.25,34.0,44.25,28.0,4.0,3.75,12.75,20.25,110.0,0.617,0.5885,0.36624999999999996,0.2785,29.125,80.85,56.5,69.65,4.45,6.425,12.450000000000001,100.0,122.275,112.025,46.290625000000006,46.290625000000006,2.37825,0.6052500000000001,CLE,240.0,37.5,79.75,0.47325,8.75,20.75,0.41575,17.0,23.5,0.7130000000000001,8.25,26.5,34.75,20.75,8.0,4.25,10.5,21.25,100.75,0.5609999999999999,0.52725,0.256,0.29600000000000004,19.15,70.875,43.525,56.05,8.875,8.45,10.425,100.0,112.02499999999999,122.275,46.58125,46.58125,2.1660000000000004,0.446
201511270DEN,SAS,240.0,35.75,79.75,0.449,8.25,21.5,0.39949999999999997,12.25,16.75,0.7057500000000001,8.75,34.5,43.25,21.5,9.0,5.25,14.5,17.25,92.0,0.5289999999999999,0.50075,0.271,0.21325,20.625,80.875,50.474999999999994,60.8,9.725,8.375,14.200000000000001,100.0,100.0,95.775,46.728125000000006,46.728125000000006,1.9685000000000001,0.4605,SAS,240.0,35.0,79.5,0.44075,5.5,18.0,0.279,12.75,14.0,0.8977499999999999,8.0,34.75,42.75,22.25,9.0,2.25,16.5,19.5,88.25,0.51525,0.47475,0.22425,0.17625000000000002,19.125,79.375,49.525,63.45,9.85,3.775,16.1,100.0,95.775,100.0,47.324999999999996,47.324999999999996,1.86225,0.46875000000000006
201511270HOU,PHI,240.0,31.5,80.5,0.3915,8.75,28.75,0.30325,16.75,22.0,0.7575000000000001,9.25,34.75,44.0,16.0,8.25,8.5,17.5,23.75,88.5,0.4905,0.44625,0.35725,0.27449999999999997,20.175,80.975,49.4,50.7,8.525,14.525,16.25,100.0,91.875,102.125,49.6,49.6,1.7855,0.3235,PHI,240.0,34.25,79.75,0.433,7.25,21.0,0.3295,22.5,28.0,0.823,8.25,37.0,45.25,19.75,7.25,9.25,15.0,19.25,98.25,0.53625,0.47750000000000004,0.26075000000000004,0.367,19.025,79.825,50.6,57.375,7.525,18.0,13.975,100.0,102.125,91.875,49.9,49.9,1.9755,0.39675000000000005
201511270IND,CHI,240.0,36.0,85.75,0.42074999999999996,7.25,18.5,0.39525,17.25,23.0,0.77275,10.5,35.0,45.5,22.75,8.25,4.0,12.25,18.5,96.5,0.50525,0.46299999999999997,0.2155,0.26725,22.375,72.94999999999999,48.075,63.325,8.725000000000001,6.3,11.325,100.0,101.7,101.825,49.212500000000006,49.212500000000006,1.962,0.463,CHI,240.0,35.5,86.25,0.41375000000000006,8.25,24.75,0.33575,17.25,24.0,0.718,13.0,36.25,49.25,18.25,7.0,6.0,13.25,17.75,96.5,0.501,0.462,0.28874999999999995,0.2795,27.050000000000004,77.625,51.925,51.724999999999994,7.3999999999999995,8.899999999999999,12.075,100.0,101.82499999999999,101.69999999999999,48.95,48.95,1.9745,0.37324999999999997
201511270LAC,NOP,240.0,41.0,87.25,0.47150000000000003,9.25,26.5,0.359,21.0,25.0,0.88275,8.0,38.0,46.0,22.5,6.5,4.75,12.0,22.75,112.25,0.57125,0.52475,0.303,0.29474999999999996,18.425,77.625,50.0,55.1,6.449999999999999,7.525,10.825,100.0,112.5,107.69999999999999,51.5625,51.5625,2.17375,0.438,NOP,240.0,37.75,88.75,0.42475,10.75,24.0,0.4495,21.25,27.25,0.7917500000000001,10.75,35.0,45.75,20.75,6.25,5.25,11.75,22.0,107.5,0.53225,0.48475,0.26825,0.309,22.375,81.575,50.00000000000001,55.025,6.25,8.549999999999999,10.35,100.0,107.7,112.5,51.346875000000004,51.346875000000004,2.0892500000000003,0.40650000000000003
201511270MEM,ATL,240.0,36.5,84.25,0.43500000000000005,10.0,28.25,0.36275,21.0,26.5,0.8019999999999999,11.25,33.5,44.75,23.0,9.25,6.0,14.25,20.0,104.0,0.545,0.49475,0.33525000000000005,0.31575000000000003,23.900000000000002,76.275,49.949999999999996,61.95,9.625,9.675,12.925,100.0,107.57499999999999,104.25,49.91875,49.91875,2.07925,0.45799999999999996,ATL,240.0,36.75,83.75,0.4385,8.5,21.75,0.3875,18.5,23.0,0.8147500000000001,10.25,35.0,45.25,24.5,8.5,3.75,15.25,21.5,100.5,0.53525,0.4895,0.25975,0.27599999999999997,23.724999999999998,76.10000000000001,50.05,66.65,8.75,6.7250000000000005,13.9,100.0,104.25,107.57499999999999,49.837500000000006,49.837500000000006,2.0185,0.492
201511270NYK,MIA,240.0,33.75,79.5,0.42375,5.75,20.25,0.28325,23.75,32.5,0.7282500000000001,11.75,34.5,46.25,20.0,7.0,8.75,11.25,16.75,97.0,0.5155,0.45975,0.25475000000000003,0.41750000000000004,25.45,73.0,49.525000000000006,59.125,7.525000000000001,15.125,10.8,100.0,105.2,103.89999999999999,47.21875,47.21875,2.0484999999999998,0.42374999999999996,MIA,240.0,35.75,87.75,0.4075,10.5,27.25,0.382,13.5,18.0,0.764,13.0,34.0,47.0,19.25,5.75,5.5,13.0,24.0,95.5,0.4995,0.46675,0.31100000000000005,0.21075,27.0,74.55,50.47500000000001,52.775,6.324999999999999,9.675,11.925,100.0,103.9,105.2,48.150000000000006,48.150000000000006,1.9847499999999998,0.39975000000000005
201511270OKC,DET,240.0,37.0,88.75,0.41875,9.0,28.25,0.313,12.75,16.25,0.79325,14.0,32.25,46.25,19.0,6.75,4.25,12.75,18.5,95.75,0.50075,0.4685,0.31875000000000003,0.1875,28.45,77.4,51.925,51.974999999999994,7.3500000000000005,6.8500000000000005,11.675,100.0,105.675,102.875,47.609375,47.609375,2.017,0.40225,DET,240.0,36.5,79.25,0.45975000000000005,6.25,16.25,0.39775,14.0,19.5,0.7229999999999999,9.25,33.25,42.5,22.5,7.75,3.75,13.25,18.75,93.25,0.53025,0.49875,0.20575000000000002,0.24725000000000003,22.6,71.55,48.075,61.199999999999996,8.5,5.875,13.049999999999999,100.0,102.875,105.675,46.256249999999994,46.256249999999994,2.023,0.49
201511270ORL,MIL,240.0,39.25,80.75,0.4865,7.5,17.25,0.445,17.25,22.25,0.7735000000000001,10.25,26.5,36.75,25.25,9.0,4.5,14.25,23.25,103.25,0.56925,0.5315000000000001,0.2085,0.27725,25.0,66.95,44.9,63.75,9.725,7.95,13.475000000000001,100.0,111.75000000000001,122.525,47.659375,47.659375,2.1702500000000002,0.5307499999999999,MIL,240.0,40.5,82.5,0.49774999999999997,10.5,26.25,0.40175,22.25,28.5,0.77,13.25,30.5,43.75,24.75,8.5,4.25,14.0,18.5,113.75,0.60375,0.5625,0.31875,0.35524999999999995,33.05,75.0,55.099999999999994,61.425,8.975,6.95,12.799999999999999,100.0,122.525,111.75,48.393750000000004,48.393750000000004,2.357,0.51375
201511270PHO,GSW,240.0,42.25,83.25,0.508,13.5,30.75,0.44299999999999995,16.75,22.0,0.7257500000000001,10.5,36.25,46.75,29.5,8.75,6.0,15.75,18.25,114.75,0.619,0.5900000000000001,0.371,0.27649999999999997,26.1,76.6,53.37500000000001,69.625,8.95,9.225,14.375000000000002,100.0,118.5,101.25,49.475,49.475,2.31925,0.594,GSW,240.0,36.75,86.25,0.42524999999999996,6.75,21.75,0.29400000000000004,18.0,24.5,0.73175,11.25,29.75,41.0,20.5,9.75,2.25,13.75,18.5,98.25,0.50475,0.46424999999999994,0.25175000000000003,0.2835,23.400000000000002,73.9,46.62500000000001,56.1,10.1,4.3,12.35,100.0,101.25,118.5,50.193749999999994,50.193749999999994,1.9545000000000001,0.40775
201511270SAC,MIN,246.25,34.75,80.5,0.4325,4.75,16.0,0.283,22.25,27.75,0.7995000000000001,8.0,37.75,45.75,20.0,7.0,7.0,14.75,22.5,96.5,0.52025,0.4615,0.19774999999999998,0.3445,18.775,74.35,48.6,57.525000000000006,7.199999999999999,11.025,13.75,100.0,98.975,99.92500000000001,50.215625,51.54700520750001,1.9215,0.39825000000000005,MIN,246.25,36.0,89.25,0.40525,8.25,27.75,0.306,17.25,24.0,0.72,13.5,34.75,48.25,15.5,10.25,5.5,14.0,22.5,97.5,0.4925,0.45225,0.322,0.27825,25.65,81.225,51.4,43.349999999999994,10.5,8.6,12.55,100.0,99.92500000000001,98.975,50.574999999999996,51.993945312499996,1.9284999999999999,0.305
201511280CLE,BRK,240.0,40.5,88.25,0.46,5.25,15.5,0.3295,17.75,22.75,0.7867500000000001,11.0,32.75,43.75,20.0,9.0,2.75,14.75,18.75,104.0,0.53,0.49,0.1765,0.26449999999999996,24.65,81.6,51.2,49.225,9.100000000000001,5.449999999999999,12.950000000000001,100.0,104.825,112.30000000000001,51.403124999999996,51.403124999999996,2.0315,0.38875000000000004,BRK,240.0,41.5,81.75,0.5067499999999999,11.25,28.75,0.395,17.5,22.0,0.80425,7.5,34.25,41.75,27.75,8.75,5.25,16.75,18.5,111.75,0.611,0.5755,0.35125,0.2725,18.4,75.35,48.8,65.85,8.8,6.975,15.5,100.0,112.3,104.82499999999999,50.724999999999994,50.724999999999994,2.20225,0.54675
201511280DAL,DEN,240.0,35.0,82.75,0.4215,6.0,21.0,0.28625,20.5,25.75,0.8035,10.75,30.25,41.0,20.0,7.0,2.25,16.0,22.0,96.5,0.5117499999999999,0.45825,0.2555,0.30925,23.825,76.52499999999999,48.525000000000006,56.775000000000006,7.2250000000000005,4.125,14.625,100.0,99.69999999999999,112.125,50.115625,50.115625,1.9220000000000002,0.39799999999999996,DEN,240.0,40.0,80.5,0.4955,11.5,24.5,0.45924999999999994,17.0,24.75,0.71375,9.25,34.0,43.25,25.75,10.75,7.5,16.25,23.25,108.5,0.5935,0.56625,0.3035,0.311,23.474999999999998,76.175,51.474999999999994,63.875,11.075,12.325,15.075,100.0,112.125,99.69999999999999,49.628125,49.628125,2.18275,0.51625
201511280GSW,SAC,246.25,41.0,87.0,0.471,8.25,24.0,0.35175,19.5,24.75,0.7415,9.25,33.5,42.75,25.25,8.5,5.75,14.25,20.25,109.75,0.56075,0.51925,0.27499999999999997,0.298,21.4,74.575,48.625,62.175,8.425,9.475000000000001,12.5,100.0,109.72500000000001,109.125,51.878125,53.4875,2.12775,0.48224999999999996,SAC,246.25,41.5,88.75,0.46775,10.0,29.0,0.34475,16.25,20.0,0.811,11.25,34.0,45.25,25.25,7.25,6.0,16.0,21.5,109.25,0.55975,0.5245000000000001,0.3275,0.2265,25.425,78.6,51.37499999999999,61.4,7.125,9.700000000000001,14.1,100.0,109.125,109.72500000000001,51.5,53.080078125,2.12275,0.494
201511280POR,LAL,240.0,33.75,81.25,0.41824999999999996,6.5,21.0,0.3115,16.5,20.0,0.81675,9.75,33.75,43.5,16.5,5.75,3.5,13.75,17.0,90.5,0.5055000000000001,0.45875,0.26075000000000004,0.24525000000000002,22.3,73.6,48.800000000000004,49.275,6.275,6.325,13.35,100.0,98.42500000000001,119.45,47.375,47.375,1.9120000000000001,0.34950000000000003,LAL,240.0,41.75,87.5,0.47575,11.5,30.75,0.37125,15.0,20.25,0.7292500000000001,12.25,33.25,45.5,25.75,9.0,5.75,10.0,15.5,110.0,0.5704999999999999,0.54225,0.35325,0.23375,26.4,77.69999999999999,51.2,61.7,9.75,9.35,9.450000000000001,100.0,119.45,98.425,47.434374999999996,47.434374999999996,2.31875,0.54225
201511280SAS,ATL,240.0,35.75,80.75,0.445,11.25,30.5,0.3775,24.5,29.5,0.8367500000000001,9.75,33.75,43.5,23.5,8.0,5.25,14.0,21.5,107.25,0.57525,0.51525,0.381,0.36825,21.974999999999998,80.15,51.325,64.67500000000001,8.399999999999999,9.025,12.924999999999999,100.0,112.1,106.30000000000001,49.506249999999994,49.506249999999994,2.16475,0.47225,ATL,240.0,36.0,82.25,0.4375,10.25,25.25,0.40925000000000006,19.25,23.75,0.8187500000000001,8.25,33.25,41.5,23.0,7.5,3.75,13.5,22.25,101.5,0.54775,0.49999999999999994,0.307,0.2895,19.849999999999998,78.025,48.675,63.825,7.75,7.000000000000001,12.674999999999999,100.0,106.3,112.1,49.390625,49.390625,2.0564999999999998,0.46599999999999997
201511280UTA,NOP,240.0,38.75,87.0,0.44875,8.5,23.5,0.359,23.0,28.5,0.8175,9.25,39.25,48.5,22.25,6.5,4.0,12.25,22.25,109.0,0.54925,0.498,0.272,0.33224999999999993,19.1,83.19999999999999,51.525000000000006,57.599999999999994,6.3999999999999995,6.45,10.899999999999999,100.0,108.4,107.025,51.768750000000004,51.768750000000004,2.10175,0.43125,NOP,240.0,38.25,88.25,0.4335,10.75,24.5,0.4385,20.5,24.75,0.8230000000000001,8.0,37.5,45.5,22.75,6.25,6.0,11.5,23.0,107.75,0.5425,0.49375,0.27549999999999997,0.2815,16.8,80.89999999999999,48.475,59.4,6.2,9.35,10.325000000000001,100.0,107.025,108.4,51.753125000000004,51.753125000000004,2.0772500000000003,0.4415
201511280WAS,TOR,240.0,34.25,78.75,0.43474999999999997,8.75,23.75,0.345,19.0,23.75,0.79025,10.25,30.75,41.0,16.0,8.25,3.0,12.25,16.5,96.25,0.5399999999999999,0.49025,0.30175,0.302,23.849999999999998,77.02499999999999,49.625,47.425,9.3,5.8,12.024999999999999,100.0,108.55,102.225,46.015625,46.015625,2.0940000000000003,0.34900000000000003,TOR,240.0,33.75,76.25,0.44300000000000006,9.0,27.0,0.33499999999999996,14.25,18.75,0.7637499999999999,9.25,32.25,41.5,19.75,7.5,5.0,15.25,22.0,90.75,0.5367500000000001,0.501,0.35424999999999995,0.248,22.975,76.15,50.375,59.1,8.475000000000001,8.925,15.275,100.0,102.225,108.55000000000001,45.578125,45.578125,1.9907499999999998,0.43375
201511290BRK,DET,240.0,34.75,89.5,0.38975000000000004,9.75,28.5,0.337,14.25,18.0,0.8009999999999999,15.25,29.25,44.5,20.0,6.25,3.25,11.25,18.0,93.5,0.48125,0.4435,0.31875000000000003,0.20575,29.2,72.8,48.6,57.55,6.95,5.3500000000000005,10.275,100.0,104.475,108.57499999999999,47.025000000000006,47.025000000000006,1.99325,0.42674999999999996,DET,240.0,37.5,79.75,0.4695,7.25,19.0,0.413,15.25,19.75,0.7645,10.75,36.25,47.0,23.0,6.5,5.0,13.5,18.75,97.5,0.55025,0.515,0.2395,0.24825000000000003,27.2,70.8,51.400000000000006,61.175,7.25,7.875,13.15,100.0,108.575,104.47500000000001,45.940625,45.940625,2.1215,0.5025
201511290CHO,MIL,240.0,37.5,81.0,0.461,8.75,21.75,0.42825,17.0,21.25,0.7987500000000001,10.25,30.5,40.75,24.75,9.0,4.5,16.75,21.0,100.75,0.55575,0.5145,0.26875,0.2625,24.675,73.15,48.474999999999994,65.4,9.450000000000001,7.775,15.625000000000002,100.0,105.72500000000001,118.25,48.796875,48.796875,2.06925,0.5095000000000001,MIL,240.0,41.25,85.25,0.488,10.75,27.0,0.39825,20.25,26.5,0.7517499999999999,12.0,31.25,43.25,25.0,10.0,5.0,14.25,17.0,113.5,0.5885,0.5517500000000001,0.3165,0.3165,26.85,75.325,51.525000000000006,60.75,10.374999999999998,8.775,12.7,100.0,118.25,105.72500000000001,50.043749999999996,50.043749999999996,2.269,0.49775
201511290LAC,MIN,240.0,35.0,78.5,0.44675,6.0,17.75,0.3175,20.5,25.0,0.8280000000000001,8.25,34.75,43.0,19.75,7.0,4.5,15.5,21.5,96.5,0.53975,0.48450000000000004,0.22599999999999998,0.31799999999999995,21.0,75.4,49.775,56.475,7.324999999999999,8.55,14.775,100.0,102.075,99.5,48.8125,48.8125,1.98225,0.40525000000000005,MIN,240.0,35.0,83.25,0.4195,8.0,28.0,0.28975,16.25,22.5,0.71525,11.5,32.25,43.75,15.75,8.75,5.25,15.5,21.25,94.25,0.50625,0.46799999999999997,0.33825000000000005,0.27399999999999997,24.599999999999998,79.0,50.225,45.349999999999994,9.15,8.55,14.275,100.0,99.5,102.07499999999999,48.96875,48.96875,1.9244999999999999,0.3225
201511290LAL,IND,240.0,42.5,87.5,0.48700000000000004,13.5,27.75,0.49024999999999996,17.0,23.75,0.716,10.5,35.0,45.5,24.75,13.0,4.25,16.25,16.5,115.5,0.59175,0.56525,0.3175,0.27275,23.475,78.14999999999999,51.175000000000004,57.925,12.850000000000001,7.475,14.274999999999999,100.0,113.825,90.75,52.265625,52.265625,2.2104999999999997,0.474,IND,240.0,34.75,82.5,0.42425,8.5,25.25,0.32775000000000004,14.25,19.75,0.71675,9.75,33.5,43.25,20.25,8.5,5.25,22.0,19.25,92.25,0.5065,0.47474999999999995,0.30625,0.2395,21.849999999999998,76.525,48.824999999999996,58.15,8.375,8.575,19.5,100.0,90.75,113.82499999999999,52.065625,52.065625,1.772,0.389
201511290MEM,PHI,240.0,33.5,81.5,0.41075,10.75,31.0,0.3405,17.25,23.0,0.74875,9.0,32.75,41.75,16.75,11.5,8.25,16.25,25.25,95.0,0.5175,0.47675,0.3805,0.28325,19.425,77.125,46.8,49.3,11.775,14.2,15.05,100.0,97.67500000000001,101.85,49.837500000000006,49.837500000000006,1.90775,0.3365,PHI,240.0,33.75,77.75,0.43975,7.0,19.75,0.34700000000000003,24.5,31.75,0.7802499999999999,9.5,37.75,47.25,18.75,6.75,8.25,17.75,19.25,99.0,0.543,0.48450000000000004,0.252,0.42574999999999996,22.875,80.575,53.2,55.575,6.950000000000001,16.4,16.225,100.0,101.85,97.67500000000001,50.540625,50.540625,1.9612500000000002,0.37074999999999997
201511290NYK,HOU,240.0,32.75,74.75,0.4385,9.75,27.75,0.37000000000000005,23.5,32.25,0.7362499999999998,10.25,34.0,44.25,18.25,9.0,6.5,19.0,23.0,98.75,0.55575,0.5035,0.37275,0.43325,25.325,75.4,51.625,55.9,9.5,11.375,17.525,100.0,105.35,111.7,49.409375,49.409375,2.00825,0.371,HOU,240.0,37.25,82.0,0.45475,9.75,25.0,0.3645,20.5,25.5,0.8102500000000001,11.0,30.5,41.5,22.75,11.5,5.0,12.75,24.75,104.75,0.56175,0.5137499999999999,0.30424999999999996,0.3125,24.6,74.69999999999999,48.375,61.2,11.899999999999999,10.375,12.024999999999999,100.0,111.70000000000002,105.35,47.931250000000006,47.931250000000006,2.191,0.47450000000000003
201511290ORL,BOS,240.0,35.5,88.0,0.404,11.0,30.0,0.37025,16.25,21.0,0.7725000000000001,12.5,32.5,45.0,22.0,10.25,4.25,16.0,18.5,98.25,0.506,0.46675,0.3415,0.24175000000000002,25.099999999999998,76.1,48.199999999999996,61.675000000000004,10.450000000000001,7.0,14.174999999999999,100.0,100.425,99.775,50.7375,50.7375,1.93925,0.43375,BOS,240.0,35.75,81.5,0.44075,7.25,21.0,0.3425,18.75,23.0,0.81225,10.0,37.0,47.0,19.75,9.25,7.25,18.5,21.25,97.5,0.5325,0.48575,0.25725,0.28400000000000003,23.9,74.9,51.8,54.075,9.475,12.325,16.725,100.0,99.775,100.425,50.4625,50.4625,1.9380000000000002,0.3895
201511290TOR,PHO,240.0,39.5,87.75,0.4505,11.0,26.75,0.40249999999999997,17.5,21.5,0.81875,9.5,29.75,39.25,21.5,10.0,3.5,16.75,24.5,107.5,0.5525000000000001,0.5125,0.3035,0.2405,21.05,76.0,46.25,54.925,9.875,6.325,15.0,100.0,105.19999999999999,116.30000000000001,52.60625,52.60625,2.036,0.41125,PHO,240.0,42.25,82.25,0.5145000000000001,13.0,27.5,0.46275,21.25,28.75,0.69175,9.25,36.25,45.5,24.0,10.0,6.0,17.75,23.75,118.75,0.625,0.59375,0.3345,0.349,24.0,78.95,53.75000000000001,56.55,10.025,9.725,15.775,100.0,116.3,105.2,52.203125,52.203125,2.26825,0.45899999999999996
201511300ATL,OKC,240.0,41.75,81.0,0.51525,9.25,24.25,0.38125,17.5,20.75,0.8425,9.0,35.25,44.25,23.0,8.25,8.0,17.25,21.0,110.25,0.6124999999999999,0.573,0.30175,0.258,23.65,75.1,52.175,55.1,8.424999999999999,12.825,16.1,100.0,113.55000000000001,99.99999999999999,49.553125,49.553125,2.2255000000000003,0.46299999999999997,OKC,240.0,36.5,85.0,0.42874999999999996,6.75,20.0,0.3325,17.5,25.0,0.726,11.5,28.5,40.0,19.5,9.5,2.75,15.75,18.75,97.25,0.507,0.46875,0.23725000000000002,0.30874999999999997,24.9,76.35,47.824999999999996,53.5,9.8,4.825,14.0,100.0,100.0,113.55000000000001,50.5625,50.5625,1.9200000000000002,0.38425
201511300CHI,SAS,240.0,37.75,80.75,0.4675,8.5,21.75,0.40725,12.25,15.75,0.7432500000000001,10.0,35.25,45.25,22.75,11.5,5.75,16.75,15.75,96.25,0.5489999999999999,0.52025,0.27075,0.19474999999999998,23.825,78.575,52.575,60.824999999999996,12.3,9.825,16.075,100.0,103.19999999999999,89.9,47.490624999999994,47.490624999999994,2.02425,0.47925,SAS,240.0,34.0,80.0,0.426,6.5,21.75,0.3055,9.25,12.0,0.7777499999999999,9.5,31.25,40.75,22.25,9.25,2.75,19.25,18.5,83.75,0.493,0.46699999999999997,0.271,0.15000000000000002,21.424999999999997,76.175,47.425,64.975,9.9,4.475,18.4,100.0,89.9,103.19999999999999,47.725,47.725,1.75475,0.46449999999999997
201511300DET,HOU,246.25,36.5,80.0,0.45725,10.0,26.75,0.38825000000000004,23.75,32.0,0.74725,12.25,29.5,41.75,18.5,10.25,4.75,15.25,22.0,106.75,0.57025,0.521,0.3405,0.403,28.35,74.95,50.775,51.8,10.725,8.5,14.125,100.0,113.15,115.22500000000001,49.099999999999994,50.4424479175,2.173,0.3775,HOU,246.25,39.5,80.25,0.493,9.25,23.5,0.3645,20.25,25.0,0.8202500000000001,10.25,30.25,40.5,21.75,8.75,5.75,15.25,23.25,108.5,0.5955,0.54975,0.2915,0.311,25.05,71.65,49.224999999999994,55.375,9.100000000000001,10.65,14.325,100.0,115.225,113.15,48.5625,49.8916015625,2.2399999999999998,0.44825000000000004
201511300LAC,POR,240.0,37.5,85.75,0.43875000000000003,8.5,25.5,0.32825,17.75,23.5,0.7562500000000001,13.0,36.75,49.75,21.25,6.25,5.5,13.5,18.0,101.25,0.5295,0.48924999999999996,0.3,0.2755,27.85,80.375,54.05,56.55,6.65,8.2,12.325000000000001,100.0,107.75,99.15,48.706250000000004,48.706250000000004,2.0812500000000003,0.43725,POR,240.0,34.75,85.5,0.40725,6.75,20.75,0.3295,17.0,22.25,0.74025,9.25,33.25,42.5,20.0,6.5,4.0,10.5,18.25,93.25,0.49,0.44675,0.24325,0.26,19.625,72.15,45.95,57.375,6.9,6.5249999999999995,9.924999999999999,100.0,99.15,107.75,48.659375000000004,48.659375000000004,1.9175,0.41150000000000003
201511300MIA,BOS,240.0,35.75,89.5,0.3995,8.75,27.5,0.322,15.5,20.75,0.7450000000000001,12.25,32.5,44.75,24.25,9.75,5.25,14.5,15.5,95.75,0.48525,0.44825,0.3055,0.23450000000000001,24.450000000000003,74.95,47.425,67.55,9.925,8.425,12.8,100.0,97.725,99.47500000000001,50.803124999999994,50.803124999999994,1.88625,0.4785,BOS,240.0,37.0,85.0,0.43524999999999997,8.25,23.5,0.34925,15.0,18.75,0.78725,10.75,37.5,48.25,21.25,8.0,8.0,18.25,21.25,97.25,0.52175,0.48424999999999996,0.27699999999999997,0.2225,25.05,75.55000000000001,52.575,56.150000000000006,8.15,12.975,16.35,100.0,99.475,97.72500000000001,50.703125,50.703125,1.921,0.41875
201511300MIL,DEN,240.0,32.25,79.0,0.4075,6.75,21.25,0.31425,18.75,23.5,0.8025,9.75,33.0,42.75,18.25,7.25,2.5,18.25,22.0,90.0,0.50275,0.45075000000000004,0.272,0.29375,22.175,78.325,49.575,56.325,7.625,4.65,17.05,100.0,94.14999999999999,107.75,49.33125,49.33125,1.81875,0.3685,DEN,240.0,38.25,80.0,0.47625,9.5,24.25,0.38749999999999996,17.0,25.25,0.69975,9.25,34.0,43.25,24.75,12.25,6.5,14.75,20.25,103.0,0.56475,0.5345,0.3025,0.31975000000000003,21.675,77.825,50.425,63.75,12.85,11.175,13.925,100.0,107.75,94.15,48.746875,48.746875,2.1075,0.503
201511300SAC,DAL,240.0,35.25,80.0,0.43975000000000003,8.5,25.25,0.348,17.25,23.75,0.7295,8.0,35.0,43.0,21.75,8.0,3.5,15.5,19.25,96.25,0.53075,0.49275,0.3185,0.29925,18.85,76.85000000000001,48.824999999999996,62.175,8.549999999999999,5.75,14.55,100.0,100.45000000000002,102.95,49.390625,49.390625,1.9455,0.4395,DAL,240.0,36.75,83.0,0.43975,8.0,24.0,0.337,17.5,22.75,0.766,10.25,34.75,45.0,21.25,8.75,4.75,14.5,20.25,99.0,0.5295,0.48825,0.29175,0.273,23.15,81.14999999999999,51.175,58.425,9.1,8.775000000000002,13.575,100.0,102.95,100.45,49.028124999999996,49.028124999999996,2.01175,0.43475
201511300UTA,GSW,240.0,44.25,85.5,0.51825,16.25,33.0,0.49300000000000005,16.25,22.5,0.7020000000000001,11.75,37.0,48.75,32.75,9.75,7.5,16.5,20.75,121.0,0.635,0.6145,0.38749999999999996,0.27,29.025,76.3,54.6,74.32499999999999,9.775,10.975,14.55,100.0,121.525,99.85000000000001,50.46875,50.46875,2.3977500000000003,0.6505,GSW,240.0,38.0,90.25,0.4205,6.75,21.75,0.29875,17.0,22.25,0.771,11.75,29.25,41.0,20.5,9.75,3.5,15.25,20.0,99.75,0.49699999999999994,0.45699999999999996,0.24,0.25,23.700000000000003,70.975,45.4,54.225,9.75,6.8,13.25,100.0,99.85,121.525,52.159375,52.159375,1.9040000000000001,0.39175
201512010BRK,PHO,240.0,40.75,88.75,0.45975,9.5,24.5,0.38625,14.25,18.25,0.7989999999999999,10.0,30.25,40.25,23.25,9.5,4.75,15.25,21.0,105.25,0.5437500000000001,0.51275,0.27525,0.20199999999999999,22.325000000000003,77.1,47.60000000000001,57.775,9.5,8.45,13.875,100.0,105.65,114.0,51.334375,51.334375,2.045,0.45425,PHO,240.0,42.0,82.5,0.51025,13.25,27.25,0.4745,16.5,23.0,0.6915,8.75,35.25,44.0,23.0,8.75,6.25,17.0,21.5,113.75,0.61275,0.5907499999999999,0.3305,0.28075,22.9,77.675,52.4,54.3,8.975,9.55,15.4,100.0,114.0,105.64999999999999,50.837500000000006,50.837500000000006,2.22875,0.45025000000000004
201512010CLE,WAS,240.0,30.75,84.0,0.366,8.75,26.5,0.32225,18.0,22.75,0.79575,11.0,31.25,42.25,19.5,10.0,3.0,17.75,18.25,88.25,0.46924999999999994,0.41825,0.315,0.27175,21.925,76.42500000000001,46.224999999999994,63.224999999999994,10.275,5.375,15.8,100.0,89.975,106.65,50.778125,50.778125,1.736,0.3825,WAS,240.0,39.0,83.0,0.47100000000000003,12.5,27.25,0.46525,14.25,17.75,0.8177500000000001,10.25,39.25,49.5,23.0,8.75,5.0,19.0,17.75,104.75,0.5775,0.54725,0.32775,0.21475,23.575,78.075,53.77499999999999,58.675,8.9,8.35,17.55,100.0,106.65,89.97500000000001,50.090625,50.090625,2.0837499999999998,0.45699999999999996
201512010MIN,ORL,240.0,40.5,85.5,0.47425,9.0,22.5,0.393,16.75,22.75,0.7195,12.25,33.25,45.5,24.75,5.75,6.25,12.0,20.0,106.75,0.56075,0.5275000000000001,0.264,0.26775000000000004,27.975,79.3,53.150000000000006,61.099999999999994,6.075000000000001,11.85,11.1,100.0,114.675,104.875,48.028125,48.028125,2.2220000000000004,0.514,ORL,240.0,35.25,81.5,0.433,10.0,28.75,0.335,16.75,22.25,0.75,8.75,31.25,40.0,24.5,5.5,5.25,13.25,18.5,97.25,0.53425,0.49525,0.35375,0.27425,20.7,72.025,46.875,68.25,5.825,7.95,12.675,100.0,104.875,114.675,48.284375,48.284375,2.0205,0.5085
201512010NOP,MEM,240.0,36.25,81.75,0.444,6.5,20.0,0.30725,22.25,27.0,0.83575,8.5,33.75,42.25,20.0,8.5,3.75,16.25,22.5,101.25,0.54125,0.4835,0.24475000000000002,0.3285,19.2,84.9,50.45,55.224999999999994,8.55,9.325000000000001,14.649999999999999,100.0,103.2,99.45,51.1625,51.1625,1.9809999999999999,0.392,MEM,240.0,31.25,75.0,0.4175,11.75,35.75,0.3275,23.0,26.75,0.8460000000000001,6.0,35.5,41.5,22.25,10.0,6.25,18.25,24.25,97.25,0.559,0.4955,0.47725,0.358,15.100000000000001,80.825,49.55,71.175,10.2,9.825,17.225,100.0,99.44999999999999,103.19999999999999,49.978125000000006,49.978125000000006,1.9529999999999998,0.44575000000000004
201512010PHI,LAL,240.0,34.25,88.0,0.39,6.75,23.75,0.27825,17.0,22.0,0.7669999999999999,11.0,34.75,45.75,17.5,7.0,3.75,10.75,18.25,92.25,0.47224999999999995,0.42775,0.26775000000000004,0.2505,22.35,77.425,49.099999999999994,51.25,7.4,6.575,9.975,100.0,96.825,113.9,49.1,49.1,1.87725,0.35725,LAL,240.0,40.0,85.0,0.47,10.25,29.25,0.34900000000000003,18.0,23.75,0.73625,10.0,36.75,46.75,25.0,6.25,5.25,12.25,16.25,108.25,0.568,0.5305,0.34425,0.28425,22.599999999999998,77.65,50.9,61.775000000000006,6.6,8.025,11.35,100.0,113.9,96.825,49.265625,49.265625,2.2032499999999997,0.513
201512010POR,DAL,240.0,33.25,80.25,0.4145,8.25,29.75,0.27725,17.5,22.25,0.78,8.0,36.0,44.0,20.75,8.0,3.25,15.25,22.5,92.25,0.512,0.46575,0.37124999999999997,0.28049999999999997,17.95,79.75,49.325,62.675,8.575,5.85,14.425,100.0,96.82499999999999,102.15,49.034375,49.034375,1.8820000000000001,0.42325,DAL,240.0,34.0,80.25,0.42325,8.0,26.25,0.30725,21.75,29.25,0.74775,9.0,36.25,45.25,20.5,7.0,3.5,13.25,19.0,97.75,0.5225,0.4735,0.32875,0.36225,20.25,82.05,50.675,60.400000000000006,7.325,6.95,12.6,100.0,102.15,96.825,49.196875,49.196875,1.9794999999999998,0.4185
201512020ATL,TOR,240.0,34.5,78.75,0.43775,9.5,23.75,0.38675,16.5,21.0,0.7725000000000001,8.5,35.75,44.25,16.25,7.5,4.75,14.0,18.0,95.0,0.54025,0.498,0.301,0.26675,20.2,76.375,50.150000000000006,47.875,8.225,7.925000000000001,13.75,100.0,103.95,100.45,47.1125,47.1125,2.01675,0.34425,TOR,240.0,33.0,83.0,0.3965,9.75,27.75,0.35325,16.25,20.75,0.78525,11.0,33.0,44.0,21.75,7.0,5.75,13.0,20.25,92.0,0.499,0.45475,0.33824999999999994,0.25175000000000003,23.625,79.8,49.85000000000001,66.9,7.675,10.15,12.475,100.0,100.45000000000002,103.94999999999999,47.428124999999994,47.428124999999994,1.94075,0.45925
201512020CHI,DEN,240.0,30.0,76.25,0.39325000000000004,7.25,22.25,0.3265,15.0,18.75,0.79725,9.0,34.25,43.25,17.25,6.5,2.75,19.0,23.25,82.25,0.486,0.44075000000000003,0.29174999999999995,0.24525,21.65,80.5,51.074999999999996,57.75000000000001,7.1,5.1000000000000005,18.375,100.0,89.275,104.725,47.578125,47.578125,1.7265000000000001,0.36324999999999996,DEN,240.0,35.25,77.0,0.458,7.25,21.5,0.3415,18.75,27.5,0.7085,8.5,32.75,41.25,22.25,11.0,7.5,12.75,18.75,96.5,0.54175,0.505,0.2795,0.35475,19.5,78.35,48.925,62.975,12.0,13.7,12.649999999999999,100.0,104.725,89.275,47.15625,47.15625,2.044,0.47175000000000006
201512020CHO,GSW,240.0,42.5,83.75,0.50825,16.0,33.0,0.48450000000000004,17.0,23.0,0.7290000000000001,12.5,36.0,48.5,29.25,6.5,6.75,15.0,19.25,118.0,0.6287499999999999,0.6047499999999999,0.39449999999999996,0.27925,30.950000000000003,76.975,55.45,68.82499999999999,6.7,9.925,13.65,100.0,122.55000000000001,103.15,48.5875,48.5875,2.42475,0.6005,GSW,240.0,38.75,91.0,0.42525,7.25,22.75,0.31100000000000005,14.5,19.0,0.7715,11.0,28.5,39.5,19.25,9.75,3.25,12.5,20.25,99.25,0.49799999999999994,0.4645,0.24975,0.21,23.025000000000002,69.05,44.575,49.925000000000004,10.075,6.5,11.175,100.0,103.15,122.55000000000001,50.7625,50.7625,1.94925,0.37825000000000003
201512020DET,PHO,240.0,40.5,89.25,0.45325,10.25,26.75,0.3835,15.75,21.25,0.7445,8.75,32.0,40.75,22.5,8.5,4.75,12.25,20.0,107.0,0.54225,0.511,0.3035,0.241,18.575000000000003,80.5,47.300000000000004,56.025,8.4,8.3,11.2,100.0,107.025,112.425,51.421875,51.421875,2.078,0.438,PHO,240.0,41.75,83.0,0.50425,12.0,25.5,0.439,17.25,23.5,0.7332500000000001,7.5,37.5,45.0,23.5,6.75,6.5,15.75,21.25,112.75,0.6025,0.577,0.30825,0.286,19.5,81.425,52.699999999999996,55.824999999999996,6.799999999999999,10.275,14.299999999999999,100.0,112.425,107.02499999999999,51.20625,51.20625,2.19325,0.45699999999999996
201512020HOU,NOP,240.0,35.0,81.25,0.43325,7.25,21.5,0.333,23.0,30.0,0.7655000000000001,8.25,32.75,41.0,21.0,5.75,5.5,12.5,21.5,100.25,0.5325,0.47825,0.266,0.37675000000000003,17.1,76.25,46.0,60.825,5.949999999999999,7.575,11.75,100.0,103.675,113.67500000000001,49.875,49.875,2.007,0.42275,NOP,240.0,41.25,87.75,0.47025,7.0,18.25,0.36325,20.25,24.25,0.831,10.25,37.5,47.75,22.75,7.0,6.25,11.0,23.5,109.75,0.55775,0.51025,0.20775,0.27849999999999997,23.75,82.89999999999999,54.0,55.125,7.250000000000001,10.674999999999999,10.075000000000001,100.0,113.67500000000001,103.675,50.009375000000006,50.009375000000006,2.197,0.4525
201512020LAC,IND,240.0,40.5,85.25,0.47525,12.75,27.75,0.46249999999999997,20.5,28.0,0.71875,8.75,37.25,46.0,22.0,9.5,3.5,15.5,16.75,114.25,0.5875,0.55075,0.3255,0.33,20.475,75.925,50.025,53.75,9.424999999999999,5.449999999999999,13.75,100.0,112.85000000000001,95.35000000000001,52.65,52.65,2.1715,0.4185,IND,240.0,35.5,88.25,0.405,10.0,27.25,0.36100000000000004,15.75,21.25,0.7422500000000001,11.75,34.25,46.0,21.0,7.75,4.5,17.25,21.75,96.75,0.497,0.46125,0.30725,0.24225,24.075,79.54999999999998,49.975,59.324999999999996,7.65,7.725,15.125,100.0,95.35,112.85,51.921875,51.921875,1.8624999999999998,0.40425
201512020NYK,PHI,240.0,34.5,80.5,0.42825,12.25,32.5,0.37175,14.0,20.0,0.70675,8.25,34.5,42.75,21.75,13.25,9.0,17.5,23.0,95.25,0.532,0.50475,0.40499999999999997,0.24824999999999997,18.175,73.825,46.1,62.775000000000006,13.4,14.925,16.325000000000003,100.0,97.25,97.6,49.625,49.625,1.92525,0.44075000000000003,PHI,240.0,34.0,83.5,0.41325,8.0,24.0,0.35075,19.75,26.5,0.73875,12.0,37.5,49.5,18.25,6.75,5.25,18.75,17.5,95.75,0.5067499999999999,0.46149999999999997,0.28375,0.327,26.2,81.825,53.9,53.7,6.8500000000000005,11.149999999999999,16.375,100.0,97.6,97.25,51.41875,51.41875,1.86375,0.3545
201512020SAS,MIL,240.0,35.25,80.25,0.43825000000000003,8.75,25.75,0.3365,16.25,21.25,0.7462499999999999,9.25,30.5,39.75,25.0,8.5,5.75,14.75,21.25,95.5,0.53125,0.49224999999999997,0.3195,0.26525,20.9,79.225,48.375,70.775,9.25,10.775,14.175,100.0,103.0,108.42500000000001,47.921875,47.921875,1.98675,0.5225,MIL,240.0,35.5,76.0,0.46349999999999997,10.75,25.0,0.41975,19.25,24.25,0.78325,8.0,34.25,42.25,23.0,7.5,5.5,15.25,18.25,101.0,0.5775,0.5349999999999999,0.33099999999999996,0.31900000000000006,20.775,79.1,51.62499999999999,66.025,8.025,10.149999999999999,14.85,100.0,108.425,103.0,47.384375000000006,47.384375000000006,2.12525,0.483
201512020WAS,LAL,240.0,34.5,88.25,0.39175,7.25,27.75,0.25375000000000003,15.5,21.25,0.7309999999999999,10.25,34.25,44.5,17.0,7.5,2.75,11.0,20.0,91.75,0.47000000000000003,0.43224999999999997,0.31200000000000006,0.24125000000000002,21.125,75.825,47.9,49.35,7.95,5.2250000000000005,10.174999999999999,100.0,96.225,112.75,49.546875,49.546875,1.8497499999999998,0.34400000000000003,LAL,240.0,38.5,83.0,0.46349999999999997,11.75,31.0,0.3785,18.5,25.25,0.708,10.75,37.0,47.75,25.25,6.0,5.25,13.5,16.25,107.25,0.571,0.53475,0.37374999999999997,0.30824999999999997,24.2,78.875,52.1,65.0,6.324999999999999,8.8,12.55,100.0,112.75000000000001,96.22500000000001,48.871874999999996,48.871874999999996,2.20025,0.5227499999999999
201512030MEM,SAS,240.0,37.5,85.0,0.44325,6.5,18.5,0.34225,14.25,18.0,0.7895,10.0,38.0,48.0,23.0,9.5,7.25,13.5,15.0,95.75,0.518,0.48225,0.2205,0.21099999999999997,22.125,80.0,52.400000000000006,61.324999999999996,10.1,11.725000000000001,12.799999999999999,100.0,101.95,88.025,48.525,48.525,1.9722499999999998,0.47375000000000006,SAS,240.0,32.75,82.0,0.39775,5.5,19.0,0.2925,11.5,16.0,0.7235,9.5,34.25,43.75,21.75,7.0,4.75,15.5,19.25,82.5,0.46275,0.4315,0.23099999999999998,0.1955,20.0,77.875,47.6,65.875,7.425,6.95,14.850000000000001,100.0,88.025,101.95,47.800000000000004,47.800000000000004,1.7275,0.45424999999999993
201512030MIA,OKC,240.0,39.25,81.75,0.48425000000000007,8.75,23.5,0.371,18.75,21.75,0.8639999999999999,8.75,37.25,46.0,21.5,8.25,8.5,16.0,20.0,106.0,0.585,0.53875,0.29175,0.26725,21.625,74.19999999999999,51.0,54.65,8.475,13.7,15.024999999999999,100.0,110.15,98.9,49.665625,49.665625,2.1365000000000003,0.4325,OKC,240.0,35.25,86.75,0.40449999999999997,6.75,22.25,0.29025,18.0,23.0,0.8082499999999999,12.75,31.0,43.75,18.75,9.75,3.75,14.5,18.25,95.25,0.49150000000000005,0.4435,0.25775,0.28,25.799999999999997,78.375,49.0,53.474999999999994,10.125,6.05,12.925,100.0,98.9,110.15,49.7125,49.7125,1.917,0.37749999999999995
201512030POR,IND,240.0,36.75,81.5,0.4515,10.75,25.25,0.42499999999999993,25.0,32.0,0.7717499999999999,8.25,39.0,47.25,19.0,7.5,3.75,15.5,20.0,109.25,0.57375,0.51775,0.30874999999999997,0.395,19.549999999999997,78.1,51.175,51.35,7.425,6.3,13.975,100.0,108.25,97.05000000000001,51.974999999999994,51.974999999999994,2.10275,0.3655,IND,240.0,34.5,88.25,0.39249999999999996,10.25,29.75,0.343,18.75,26.25,0.7315,11.0,34.25,45.25,21.0,6.5,3.75,15.25,24.75,98.0,0.49224999999999997,0.45025,0.339,0.3055,21.9,80.475,48.825,61.175,6.4,6.575,13.3,100.0,97.05,108.25,52.484375,52.484375,1.8675,0.4
201512030SAC,BOS,240.0,36.75,89.0,0.4145,8.5,27.25,0.31475,15.75,20.5,0.76275,12.75,33.75,46.5,24.25,10.0,5.5,14.25,16.0,97.75,0.49974999999999997,0.46199999999999997,0.304,0.23349999999999999,26.825,73.075,49.39999999999999,65.775,10.525,8.825,12.7,100.0,102.15,95.1,50.11875,50.11875,1.95625,0.48524999999999996,BOS,240.0,34.75,83.75,0.4145,6.5,21.75,0.29774999999999996,14.75,19.25,0.7587499999999999,12.0,35.0,47.0,18.25,8.25,7.75,17.75,19.75,90.75,0.49174999999999996,0.45299999999999996,0.25875,0.23375,26.925,73.17500000000001,50.599999999999994,52.400000000000006,8.6,12.6,16.15,100.0,95.1,102.15,49.321875,49.321875,1.85025,0.37325
201512030TOR,DEN,240.0,31.25,80.0,0.39075000000000004,6.5,19.75,0.32975,12.25,17.0,0.738,10.25,33.25,43.5,19.75,7.75,4.75,16.75,20.75,81.25,0.46599999999999997,0.432,0.25175,0.2115,22.075,78.55,48.925,62.900000000000006,8.399999999999999,7.875,16.225,100.0,87.975,101.3,47.2875,47.2875,1.71725,0.41650000000000004,DEN,240.0,35.0,79.5,0.442,6.75,20.75,0.32975,16.75,22.5,0.74875,9.5,36.5,46.0,21.75,9.25,8.0,14.5,16.75,93.5,0.52525,0.48475,0.264,0.28175,21.45,77.925,51.075,62.025,10.15,13.125,14.05,100.0,101.3,87.975,47.59375,47.59375,1.96475,0.4575
201512030UTA,ORL,240.0,40.0,86.75,0.46125,7.75,21.25,0.35275,17.25,22.5,0.75225,12.75,34.0,46.75,23.25,6.0,6.0,12.75,22.25,105.0,0.5445,0.50625,0.2455,0.26125000000000004,28.725,77.89999999999999,53.175000000000004,57.974999999999994,6.300000000000001,10.75,11.625,100.0,112.075,97.6,48.71875,48.71875,2.15425,0.47550000000000003,ORL,240.0,31.75,80.5,0.3945,6.5,24.75,0.25925000000000004,21.25,26.25,0.8062500000000001,9.75,31.5,41.25,19.5,6.0,7.25,14.0,19.75,91.25,0.497,0.43549999999999994,0.3075,0.32975,22.1,71.275,46.824999999999996,60.55,6.324999999999999,10.650000000000002,13.25,100.0,97.6,112.075,48.609375,48.609375,1.8785,0.3995
201512040ATL,LAL,240.0,37.0,91.5,0.40525,8.5,28.75,0.298,17.0,22.25,0.7685,12.25,32.25,44.5,17.25,10.0,3.0,11.5,21.75,99.5,0.49175,0.4515,0.31375,0.245,24.75,76.55000000000001,48.875,46.825,10.175,5.65,10.100000000000001,100.0,101.9,108.37499999999999,50.659375,50.659375,1.963,0.34175,LAL,240.0,36.5,79.75,0.45825,10.5,27.5,0.376,22.0,29.25,0.7435,9.75,36.25,46.0,23.25,6.5,4.25,17.25,16.75,105.5,0.5705,0.5245,0.34525,0.3655,23.474999999999998,75.25,51.125,63.45,6.6,7.074999999999999,15.65,100.0,108.375,101.89999999999999,50.571875,50.571875,2.0949999999999998,0.46475
201512040DAL,HOU,246.25,38.0,85.75,0.4465,9.25,24.75,0.38325000000000004,26.0,35.0,0.7495,13.0,30.75,43.75,19.0,10.25,5.5,14.0,22.5,111.25,0.5535000000000001,0.50125,0.28850000000000003,0.41300000000000003,27.8,74.80000000000001,49.949999999999996,50.60000000000001,10.325,9.55,12.275000000000002,100.0,112.05,111.4,51.68750000000001,53.0299479175,2.15325,0.36725,HOU,246.25,41.5,83.5,0.49924999999999997,9.25,25.25,0.35450000000000004,18.25,26.25,0.7349999999999999,10.75,33.75,44.5,22.0,9.0,6.5,16.75,24.75,110.5,0.5840000000000001,0.5544999999999999,0.302,0.3125,25.2,72.2,50.050000000000004,53.35,9.125,10.625,14.924999999999999,100.0,111.39999999999999,112.05,50.984375,52.3134765625,2.1725,0.4325
201512040DET,MIL,240.0,31.25,77.75,0.40225,6.25,21.5,0.28525,14.75,19.0,0.76,8.25,33.25,41.5,21.75,8.5,5.5,16.0,20.75,83.5,0.48525,0.44275,0.27625,0.24625,18.4,78.775,47.9,69.275,9.25,9.7,15.625,100.0,90.525,99.64999999999999,47.2625,47.2625,1.76975,0.46325000000000005,MIL,240.0,33.75,79.25,0.4235,10.0,24.5,0.39425,15.0,20.0,0.74875,9.0,36.25,45.25,23.5,8.0,6.0,16.0,16.5,92.5,0.525,0.4885,0.3145,0.25425000000000003,21.225,81.6,52.099999999999994,69.85,8.55,10.6,15.375,100.0,99.65,90.52499999999999,47.875,47.875,1.928,0.48850000000000005
201512040NOP,CLE,240.0,33.25,83.25,0.3995,10.0,27.75,0.35900000000000004,15.75,20.25,0.7725,10.75,36.25,47.0,18.5,6.0,4.5,15.75,19.75,92.25,0.501,0.45975,0.33349999999999996,0.244,23.525,86.525,53.575,55.45,6.225,7.5,14.45,100.0,97.70000000000002,100.02499999999999,48.934375,48.934375,1.89425,0.38075,CLE,240.0,36.25,80.75,0.449,6.75,23.75,0.28125,15.25,21.75,0.70125,5.75,35.0,40.75,19.5,7.75,5.25,12.0,20.25,94.5,0.524,0.491,0.294,0.27,13.475,76.475,46.425,54.55,8.175,9.5,11.675,100.0,100.025,97.69999999999999,48.665625000000006,48.665625000000006,1.9465000000000001,0.39875
201512040NYK,BRK,240.0,38.0,85.0,0.446,3.75,13.75,0.27675,12.25,16.0,0.7657499999999999,8.0,38.0,46.0,19.75,9.25,5.5,16.75,18.0,92.0,0.5,0.4685,0.16275,0.19124999999999998,18.175,81.325,50.50000000000001,52.275,9.325,8.775,15.425,100.0,92.775,94.17499999999998,50.675,50.675,1.81525,0.38999999999999996,BRK,240.0,35.75,85.25,0.42625,8.75,25.75,0.33925,13.25,20.25,0.65375,9.75,35.5,45.25,21.25,10.0,5.5,17.0,14.5,93.5,0.5047499999999999,0.47925000000000006,0.30725,0.24125000000000002,18.675,81.825,49.5,59.25,10.049999999999999,7.849999999999999,15.449999999999998,100.0,94.17500000000001,92.775,51.059374999999996,51.059374999999996,1.83325,0.4165
201512040WAS,PHO,246.25,41.25,89.5,0.45999999999999996,11.25,28.5,0.39325,15.25,20.0,0.7777499999999999,8.5,30.25,38.75,23.25,8.25,4.25,13.5,21.75,109.0,0.5535,0.52275,0.32075,0.22775,18.175,75.47500000000001,44.975,56.725,8.075,7.425,12.175,100.0,107.65,112.775,52.0,53.4208984375,2.0915000000000004,0.44675,PHO,246.25,42.25,84.5,0.501,12.5,26.75,0.43624999999999997,17.5,26.0,0.6955,9.5,37.5,47.0,24.5,8.25,5.25,16.75,20.5,114.5,0.5955,0.57575,0.31775,0.3075,24.525,81.825,55.025,57.55,8.175,8.525,14.75,100.0,112.775,107.64999999999999,52.05,53.5200520825,2.1905,0.469
201512050CHI,CHO,240.0,33.5,81.75,0.41025,9.25,28.25,0.3205,18.0,23.0,0.81125,9.0,34.25,43.25,20.25,7.0,6.5,12.75,17.75,94.25,0.51675,0.46875,0.34975,0.28175,19.950000000000003,74.15,47.62499999999999,61.349999999999994,7.475,11.875,12.299999999999999,100.0,100.875,101.475,48.2125,48.2125,1.95625,0.42174999999999996,CHO,240.0,36.0,84.5,0.42525,10.5,29.75,0.34750000000000003,12.5,17.0,0.7227499999999999,11.75,35.75,47.5,22.0,6.75,4.25,15.5,22.25,95.0,0.516,0.487,0.351,0.203,25.85,80.05000000000001,52.37500000000001,60.4,7.3,7.5,14.400000000000002,100.0,101.475,100.875,48.16250000000001,48.16250000000001,1.96775,0.458
201512050HOU,SAC,240.0,35.25,85.5,0.41325,8.5,24.75,0.34675,21.25,28.75,0.738,12.25,30.75,43.0,21.5,5.5,3.75,14.75,19.5,100.25,0.511,0.46299999999999997,0.29275,0.35325,26.175,75.075,49.65,61.675000000000004,5.675,7.425,13.075000000000001,100.0,104.17500000000001,112.525,50.828125,50.828125,1.97275,0.4235,SAC,240.0,38.0,81.25,0.46849999999999997,12.0,31.25,0.39,20.25,24.0,0.8480000000000001,10.0,33.5,43.5,27.0,8.5,4.5,15.75,25.0,108.25,0.58975,0.54225,0.38325,0.29575,24.924999999999997,73.82499999999999,50.349999999999994,70.57499999999999,8.675,7.300000000000001,14.675,100.0,112.525,104.17500000000001,49.2,49.2,2.20525,0.5467500000000001
201512050LAC,ORL,240.0,41.5,87.5,0.47475,8.5,23.0,0.36150000000000004,14.25,18.25,0.79125,11.25,33.5,44.75,23.0,8.75,5.25,13.5,22.0,105.75,0.55425,0.5237499999999999,0.2635,0.21050000000000002,26.450000000000003,81.1,53.199999999999996,55.15,9.2,10.2,12.375,100.0,111.35000000000001,97.0,49.209375,49.209375,2.148,0.46599999999999997,ORL,240.0,31.75,77.75,0.40900000000000003,7.75,26.25,0.28200000000000003,20.75,26.0,0.79375,8.0,31.25,39.25,20.0,6.5,6.75,16.0,18.0,92.0,0.51825,0.46049999999999996,0.34075,0.33775,18.9,73.55,46.8,62.175,6.824999999999999,10.100000000000001,15.3,100.0,97.0,111.35,49.05,49.05,1.87625,0.40675
201512050MIA,CLE,246.25,34.0,85.0,0.39925,9.0,28.75,0.314,17.5,22.25,0.7775000000000001,11.5,35.75,47.25,17.5,7.0,4.25,16.75,21.25,94.5,0.4975,0.45225,0.33775,0.26275000000000004,24.674999999999997,83.825,52.85000000000001,51.724999999999994,7.1,7.0,15.0,100.0,97.07499999999999,99.775,50.409375,51.7427083325,1.87525,0.34724999999999995,CLE,246.25,36.75,82.25,0.446,6.25,23.75,0.26125,17.5,24.0,0.7342500000000001,7.0,35.25,42.25,22.25,8.25,4.5,13.5,22.75,97.25,0.52325,0.48375,0.2885,0.29175,16.174999999999997,75.325,47.150000000000006,60.675,8.425,8.05,12.675,100.0,99.775,97.07499999999999,50.075,51.4255859375,1.939,0.4435
201512050MIL,NYK,246.25,38.5,84.5,0.45825,6.25,19.5,0.3005,15.75,18.75,0.8340000000000001,7.0,37.0,44.0,20.5,6.25,6.75,15.25,19.75,99.0,0.53575,0.49524999999999997,0.23049999999999998,0.22125,18.1,77.075,50.525000000000006,53.25,6.45,10.525,14.049999999999999,100.0,101.375,100.55,50.828125,52.1572265625,1.944,0.40275,NYK,246.25,36.75,87.0,0.422,6.5,20.75,0.31625000000000003,17.75,25.75,0.6864999999999999,11.25,31.75,43.0,14.5,9.25,5.0,11.5,16.0,97.75,0.497,0.4595,0.23925,0.29775,22.925,81.9,49.474999999999994,39.65,9.375,7.499999999999999,10.600000000000001,100.0,100.55,101.375,49.740624999999994,51.083072917500004,1.9667500000000002,0.293
201512050MIN,POR,246.25,39.0,87.5,0.4485,12.5,32.25,0.373,17.0,22.5,0.7735,13.25,36.25,49.5,23.0,7.0,2.0,16.0,24.25,107.5,0.55525,0.52025,0.36825,0.262,29.85,74.7,53.025,58.825,7.275,3.2750000000000004,14.15,100.0,111.225,109.15,50.46875,51.902018229999996,2.14675,0.4595,POR,246.25,37.5,87.25,0.429,9.25,25.25,0.367,21.75,31.75,0.74725,12.75,31.75,44.5,21.75,7.5,3.75,10.75,18.75,106.0,0.52475,0.48200000000000004,0.2885,0.36675,25.325,70.14999999999999,46.975,58.825,7.75,6.6,9.625,100.0,109.15,111.225,50.16562499999999,51.538020832499996,2.114,0.432
201512050PHI,DEN,240.0,33.0,81.0,0.40725,7.75,21.5,0.35325,14.0,18.25,0.7765,9.75,35.0,44.75,23.0,6.25,5.25,15.0,20.75,87.75,0.494,0.45575,0.27,0.22475,21.8,77.225,50.2,68.92500000000001,6.775,8.475000000000001,14.5,100.0,94.875,104.925,47.459375,47.459375,1.8485,0.48400000000000004,DEN,240.0,35.75,83.75,0.428,6.75,22.0,0.31275000000000003,18.75,24.5,0.76825,10.5,34.75,45.25,21.5,8.75,7.0,11.0,16.5,97.0,0.514,0.46825,0.264,0.29474999999999996,22.775,78.2,49.8,60.2,9.575,11.450000000000001,10.45,100.0,104.925,94.875,47.94375,47.94375,2.02275,0.449
201512050SAS,BOS,240.0,39.0,87.25,0.44825,9.75,28.25,0.34325,17.5,22.0,0.7905,11.5,31.5,43.0,28.25,11.75,5.25,14.25,21.0,105.25,0.5442499999999999,0.5045000000000001,0.3225,0.2555,25.225,71.35,48.05,72.5,12.2,8.375,12.85,100.0,109.025,98.825,50.224999999999994,50.224999999999994,2.09525,0.5605,BOS,240.0,34.25,82.25,0.4155,6.5,20.25,0.31625,20.0,25.75,0.7705,12.5,33.5,46.0,20.5,7.5,5.25,18.0,19.5,95.0,0.50775,0.45449999999999996,0.24575,0.3215,28.65,74.775,51.95,60.825,7.800000000000001,8.9,16.15,100.0,98.82500000000002,109.025,49.990625,49.990625,1.91025,0.41250000000000003
201512050TOR,GSW,240.0,42.75,82.75,0.51675,17.0,32.75,0.5165000000000001,16.75,22.0,0.7607499999999999,12.25,37.5,49.75,29.0,4.75,7.5,17.5,21.75,119.25,0.64425,0.6197499999999999,0.396,0.26975,31.875,75.625,56.65,67.9,4.8,11.075,15.825,100.0,122.35,107.69999999999999,49.224999999999994,49.224999999999994,2.42,0.587,GSW,240.0,39.75,93.75,0.42500000000000004,8.75,25.25,0.34775,16.5,22.5,0.75075,12.25,26.25,38.5,20.0,10.25,4.5,11.0,19.75,104.75,0.5065,0.4715,0.269,0.24150000000000002,24.375,68.125,43.375,50.6,10.475,8.875,9.525,100.0,107.69999999999999,122.35,51.59375,51.59375,2.03025,0.3875
201512050UTA,IND,240.0,35.25,83.5,0.422,9.25,26.25,0.3505,26.5,32.25,0.827,10.25,37.0,47.25,17.25,5.75,4.5,13.5,19.75,106.25,0.544,0.47700000000000004,0.31275000000000003,0.39125,22.650000000000002,74.625,50.05,49.0,5.8,7.824999999999999,12.15,100.0,108.19999999999999,104.42500000000001,51.034375,51.034375,2.0867500000000003,0.3385,IND,240.0,36.0,88.75,0.4075,11.5,30.5,0.36950000000000005,18.75,25.25,0.767,12.25,35.0,47.25,20.75,7.0,4.25,13.75,25.25,102.25,0.51475,0.47224999999999995,0.3455,0.292,25.375,77.4,49.95,58.175,7.175,7.4,12.175,100.0,104.425,108.19999999999999,51.121875,51.121875,2.0155,0.40950000000000003
201512060BRK,GSW,240.0,40.0,80.75,0.49450000000000005,15.5,30.75,0.505,18.0,23.25,0.772,11.5,35.75,47.25,26.5,3.5,6.5,14.75,21.25,113.5,0.6234999999999999,0.591,0.3815,0.29725,29.5,73.225,53.949999999999996,66.225,3.7,9.425,13.9,100.0,120.9,109.925,47.521874999999994,47.521874999999994,2.3884999999999996,0.5555,GSW,240.0,38.5,93.5,0.41274999999999995,8.25,23.75,0.35150000000000003,17.75,23.25,0.77875,13.25,27.25,40.5,20.0,9.25,4.75,9.0,20.0,103.0,0.4975,0.45675,0.25325,0.2505,26.775000000000002,70.5,46.075,52.050000000000004,9.875,9.45,7.875,100.0,109.92500000000001,120.9,50.146874999999994,50.146874999999994,2.05675,0.39875
201512060DET,LAL,240.0,36.0,92.5,0.38849999999999996,10.0,29.75,0.34225000000000005,15.25,19.75,0.776,14.5,32.25,46.75,17.0,9.5,4.25,13.25,20.5,97.25,0.48000000000000004,0.44299999999999995,0.32225000000000004,0.21275,28.65,78.0,50.775,47.775,9.725,8.25,11.6,100.0,100.17499999999998,107.02499999999999,50.315625000000004,50.315625000000004,1.92925,0.33949999999999997,LAL,240.0,36.25,78.75,0.46149999999999997,10.0,26.5,0.37225,21.0,27.75,0.75125,9.0,36.25,45.25,23.25,8.0,6.0,17.5,15.5,103.5,0.5705,0.5255,0.33675,0.34975,22.025,71.35000000000001,49.225,63.87500000000001,8.325000000000001,10.05,16.099999999999998,100.0,107.025,100.175,50.215624999999996,50.215624999999996,2.0692500000000003,0.46875
201512060MEM,PHO,246.25,40.75,87.5,0.46575,11.25,27.75,0.40575,13.75,18.25,0.76,9.75,30.25,40.0,23.25,7.0,4.75,15.0,21.0,106.5,0.5569999999999999,0.5297499999999999,0.3185,0.21275,22.5,73.7,47.475,57.25,7.1000000000000005,8.025,13.65,100.0,107.94999999999999,109.4,50.709374999999994,52.130273437499994,2.096,0.45674999999999993,PHO,246.25,40.75,84.75,0.481,9.5,23.75,0.38775,17.0,24.5,0.71625,10.5,33.5,44.0,21.25,8.75,3.5,16.25,19.25,108.0,0.56375,0.537,0.27975,0.288,26.299999999999997,77.5,52.525,52.025,8.875,5.95,14.45,100.0,109.4,107.94999999999999,51.06875,52.5388020825,2.10975,0.4155
201512060OKC,SAC,240.0,37.5,88.5,0.42299999999999993,9.0,25.75,0.35200000000000004,21.75,28.25,0.7995,12.5,33.25,45.75,25.0,7.5,4.75,14.25,22.25,105.75,0.5245,0.47375,0.29500000000000004,0.34299999999999997,27.2,76.475,51.724999999999994,66.5,7.6,9.95,12.375,100.0,107.375,114.7,51.834375,51.834375,2.04175,0.48225000000000007,SAC,240.0,37.75,81.5,0.46375,13.75,33.5,0.41774999999999995,23.75,30.0,0.79725,10.25,32.5,42.75,28.25,9.75,5.0,15.75,24.75,113.0,0.5965,0.5485,0.411,0.37175,23.525,72.8,48.275,74.4,9.825,7.850000000000001,14.25,100.0,114.69999999999999,107.375,50.625,50.625,2.23625,0.5589999999999999
201512060WAS,DAL,246.25,37.25,84.0,0.443,8.25,30.25,0.2745,17.5,23.25,0.7525,10.5,32.75,43.25,21.5,9.0,4.0,14.5,19.5,100.25,0.5315000000000001,0.49175,0.36124999999999996,0.27875,23.725,73.775,48.724999999999994,57.825,9.475,7.3,13.400000000000002,100.0,103.95,104.85,49.521874999999994,50.8942708325,2.0215,0.43374999999999997,DAL,246.25,36.5,84.5,0.4325,11.0,30.5,0.36175,17.25,24.0,0.727,11.75,33.75,45.5,20.75,7.0,3.0,16.0,21.25,101.25,0.53125,0.49675,0.35875,0.29200000000000004,26.225,76.27499999999999,51.275000000000006,56.900000000000006,7.4,5.75,14.549999999999999,100.0,104.85,103.95,50.075,51.50826823,2.01675,0.41300000000000003
201512070CHI,PHO,246.25,39.75,84.5,0.46900000000000003,10.75,28.75,0.3765,12.75,17.5,0.7365,9.25,30.0,39.25,22.25,8.0,3.75,17.25,23.25,103.0,0.5569999999999999,0.53225,0.34125000000000005,0.21124999999999997,22.275000000000002,70.80000000000001,46.65,56.15,8.175,5.749999999999999,15.8,100.0,104.475,107.75,50.40624999999999,51.82714843749999,2.0372500000000002,0.43925,PHO,246.25,40.25,85.75,0.47050000000000003,7.75,20.25,0.3675,18.0,26.25,0.6977500000000001,12.25,32.5,44.75,22.25,9.25,3.0,16.5,19.0,106.25,0.54525,0.516,0.23725000000000002,0.30525,29.200000000000003,77.725,53.35,55.5,9.425,5.8,14.5,100.0,107.75,104.475,51.234375,52.704427082500004,2.06725,0.4345
201512070CHO,DET,246.25,41.0,86.75,0.47275000000000006,9.0,24.25,0.36775,23.0,36.5,0.64025,13.0,37.75,50.75,21.0,9.25,3.5,13.5,17.75,114.0,0.55375,0.52425,0.27975,0.42425,29.325000000000003,77.725,54.25,51.275000000000006,9.25,5.525,11.475000000000001,100.0,113.82499999999999,102.97500000000001,52.29375,53.76380208250001,2.1790000000000003,0.40125,DET,246.25,38.25,88.0,0.43274999999999997,8.5,24.0,0.33275,18.25,21.5,0.8695,10.75,32.0,42.75,20.0,7.5,5.0,15.0,28.5,103.25,0.52825,0.47975,0.26975,0.24925,22.275,70.67500000000001,45.75,51.3,7.5,8.075,13.35,100.0,102.97500000000001,113.82499999999999,51.23125,52.6521484375,2.01025,0.388
201512070MIA,WAS,240.0,39.5,83.25,0.4745,8.0,25.5,0.316,16.5,23.25,0.70575,7.75,30.25,38.0,22.0,9.0,2.25,15.5,20.25,103.5,0.5537500000000001,0.52275,0.30574999999999997,0.28150000000000003,19.549999999999997,73.75,46.3,55.95,9.15,3.875,13.974999999999998,100.0,105.42500000000001,105.65,51.021874999999994,51.021874999999994,2.0315000000000003,0.43075,WAS,240.0,37.5,84.75,0.444,10.75,27.25,0.39275,18.0,21.5,0.821,11.0,33.25,44.25,19.5,9.75,3.5,17.5,20.0,103.75,0.55325,0.50925,0.32575,0.2575,26.25,80.45,53.7,52.425,9.775000000000002,6.074999999999999,15.7,100.0,105.65,105.425,50.731249999999996,50.731249999999996,2.048,0.386
201512070MIL,POR,246.25,39.25,87.25,0.45325,12.0,29.75,0.398,17.25,23.5,0.7562500000000001,12.25,35.75,48.0,22.75,7.5,2.25,15.5,25.5,107.75,0.55525,0.522,0.337,0.27625,27.15,71.225,50.25,57.775,7.775,3.525,13.7,100.0,110.8,110.42499999999998,50.83125,52.26451823,2.135,0.4505,POR,246.25,38.0,87.5,0.43375,8.75,23.25,0.37425,23.0,32.5,0.774,14.5,33.0,47.5,22.75,5.25,4.25,12.0,20.0,107.75,0.53075,0.4835,0.26375,0.375,28.8,72.85,49.75,60.725,5.3,7.300000000000001,10.625,100.0,110.42500000000001,110.80000000000001,50.21875,51.591145832500004,2.1479999999999997,0.45225
201512070MIN,LAC,240.0,34.75,80.25,0.43475,8.5,24.75,0.3485,22.75,38.25,0.6142500000000001,11.25,33.5,44.75,23.5,4.75,3.5,13.0,22.25,100.75,0.5225,0.4875,0.30925,0.4745,22.725,75.75,48.35,67.80000000000001,4.8999999999999995,5.475,11.925,100.0,104.32500000000002,101.05,50.084374999999994,50.084374999999994,2.01575,0.47025000000000006,LAC,240.0,35.5,83.75,0.42375,6.5,19.75,0.34175,20.0,26.25,0.7642500000000001,11.0,36.75,47.75,19.25,7.0,4.25,14.5,28.0,97.5,0.513,0.46325,0.236,0.31975000000000003,24.25,77.275,51.65,54.075,7.25,8.0,13.175,100.0,101.05,104.32500000000002,49.85937500000001,49.85937500000001,1.96075,0.3875
201512070NOP,BOS,240.0,38.25,84.5,0.45325,9.75,27.25,0.35574999999999996,17.5,22.75,0.76375,9.5,28.75,38.25,26.75,11.25,4.25,14.0,22.75,103.75,0.54975,0.5115000000000001,0.32175,0.2705,21.950000000000003,70.55,45.425,69.925,11.775,6.85,12.925,100.0,108.42500000000001,107.375,49.903124999999996,49.903124999999996,2.07925,0.5337500000000001,BOS,240.0,38.5,82.0,0.46775,6.5,20.0,0.32025,19.0,25.75,0.725,12.0,34.25,46.25,23.0,6.5,5.0,16.0,20.25,102.5,0.5495,0.50675,0.2435,0.32225000000000004,29.45,78.05000000000001,54.575,60.775,6.800000000000001,8.65,14.674999999999999,100.0,107.375,108.42500000000001,49.115625,49.115625,2.0932500000000003,0.4700000000000001
201512070NYK,DAL,246.25,38.5,83.75,0.46075,10.5,31.5,0.33625,18.75,23.25,0.7987500000000001,9.5,35.75,45.25,23.25,7.0,4.25,15.25,20.25,106.25,0.5670000000000001,0.5245,0.37875,0.27975,23.025,76.725,52.075,60.650000000000006,7.174999999999999,7.425,14.049999999999999,100.0,108.65,109.47500000000001,50.271875,51.6442708325,2.1129999999999995,0.46325,DAL,246.25,39.5,88.0,0.4505,11.0,31.0,0.35575,17.0,25.0,0.6785,10.75,31.25,42.0,22.0,7.0,1.75,12.5,21.25,107.0,0.54075,0.51275,0.35125,0.29425,23.275,76.975,47.925,55.825,7.25,3.3,11.125,100.0,109.475,108.64999999999999,50.81250000000001,52.24576823,2.107,0.433
201512070PHI,SAS,240.0,39.5,85.75,0.463,6.0,17.5,0.3315,13.75,19.5,0.7065,11.0,38.0,49.0,24.5,6.75,6.0,12.25,18.0,98.75,0.526,0.49874999999999997,0.20475,0.228,25.099999999999998,79.94999999999999,53.575,62.074999999999996,7.2250000000000005,9.399999999999999,11.525,100.0,105.80000000000001,93.75,48.13125,48.13125,2.05375,0.5095000000000001,SAS,240.0,33.0,82.5,0.39775,5.75,18.75,0.282,15.75,21.25,0.7387499999999999,9.5,33.25,42.75,20.75,6.5,5.25,12.75,20.0,87.5,0.47425000000000006,0.43225,0.22549999999999998,0.25825,20.049999999999997,74.89999999999999,46.425,63.175,6.925000000000001,7.7,12.2,100.0,93.75,105.80000000000001,47.921875,47.921875,1.8245,0.4335
201512070TOR,LAL,240.0,34.5,87.75,0.39249999999999996,8.5,26.0,0.3285,16.75,21.5,0.784,12.75,30.25,43.0,15.75,9.5,4.0,14.5,19.0,94.25,0.48424999999999996,0.441,0.29525,0.248,25.800000000000004,73.82499999999999,47.55,45.975,9.75,7.4750000000000005,12.975,100.0,97.77499999999999,108.67500000000001,49.85625,49.85625,1.88775,0.3175,LAL,240.0,38.0,81.25,0.46925,10.0,25.75,0.38275000000000003,18.5,25.0,0.74075,11.0,37.0,48.0,24.0,9.75,5.0,17.75,16.25,104.5,0.5685,0.53175,0.32,0.30825,26.174999999999997,74.2,52.45,63.575,10.125,8.55,16.15,100.0,108.67500000000001,97.77499999999999,49.9375,49.9375,2.099,0.48475
201512080BRK,HOU,240.0,36.5,84.25,0.4345,11.75,28.5,0.409,23.5,32.0,0.71875,13.25,30.5,43.75,21.0,10.25,6.0,15.25,22.5,108.25,0.551,0.505,0.34075,0.38275000000000003,28.0,69.425,47.974999999999994,57.650000000000006,10.5,9.725,13.475,100.0,110.35,108.64999999999999,50.725,50.725,2.13425,0.41425,HOU,240.0,41.0,88.0,0.46599999999999997,8.25,25.75,0.32225000000000004,16.25,23.75,0.728,13.5,34.25,47.75,25.0,8.25,6.5,16.0,23.75,106.5,0.5407500000000001,0.51275,0.2945,0.27475,30.575000000000003,72.0,52.025000000000006,60.699999999999996,8.475,11.9,13.925,100.0,108.65,110.35,50.890625,50.890625,2.09475,0.4912500000000001
201512080CLE,POR,246.25,39.25,86.75,0.4555,12.75,32.25,0.40425,16.75,21.25,0.8025,12.75,33.25,46.0,23.5,8.5,3.5,15.25,22.25,108.0,0.56375,0.5287499999999999,0.368,0.25175000000000003,28.15,72.75,50.5,60.05,9.0,5.7,13.725,100.0,113.15,109.6,49.671875,51.10514323,2.1805,0.47475,POR,246.25,37.25,84.5,0.4395,7.75,21.75,0.34600000000000003,22.5,26.75,0.8459999999999999,12.5,32.5,45.0,21.75,5.5,4.75,13.5,19.25,104.75,0.543,0.48425,0.25225,0.32325000000000004,27.275,71.85,49.5,59.35,5.725,8.725,12.4,100.0,109.6,113.15,49.10312499999999,50.475520832499996,2.1310000000000002,0.443
201512080DEN,ORL,240.0,40.75,89.5,0.45475,7.0,21.25,0.32549999999999996,14.0,17.25,0.81775,13.0,34.25,47.25,21.0,8.5,5.5,12.25,22.75,102.5,0.52775,0.49375,0.23675000000000002,0.1935,28.950000000000003,79.52499999999999,53.5,51.45,9.025,10.55,11.2,100.0,109.075,101.32499999999999,48.471875000000004,48.471875000000004,2.1147500000000004,0.4335,ORL,240.0,33.25,79.75,0.41700000000000004,8.75,27.5,0.30175,20.0,26.75,0.7364999999999999,9.0,32.0,41.0,21.25,5.75,6.75,14.25,16.75,95.25,0.52225,0.47325,0.34750000000000003,0.33975,20.475,71.05,46.5,62.95,6.125,9.925,13.55,100.0,101.32499999999999,109.075,48.853125,48.853125,1.95,0.434
201512080IND,GSW,240.0,41.25,82.25,0.5005000000000001,15.0,31.5,0.47775,14.5,21.25,0.69275,10.75,36.0,46.75,24.75,3.75,7.0,14.25,21.0,112.0,0.6114999999999999,0.5922499999999999,0.38375000000000004,0.267,27.3,76.175,53.949999999999996,59.900000000000006,3.9,10.225,13.425,100.0,118.4,108.35,47.921875,47.921875,2.338,0.5145,GSW,240.0,38.5,90.75,0.42474999999999996,7.0,21.75,0.325,18.25,25.25,0.7250000000000001,11.25,28.75,40.0,19.75,9.0,3.5,8.75,18.5,102.25,0.5025,0.46325,0.2385,0.2775,23.825000000000003,72.69999999999999,46.075,51.400000000000006,9.55,6.9,7.875,100.0,108.35,118.4,50.121874999999996,50.121874999999996,2.043,0.39399999999999996
201512080MEM,OKC,240.0,36.0,84.25,0.42900000000000005,6.0,20.25,0.29574999999999996,21.0,25.75,0.82375,13.25,39.75,53.0,17.75,5.75,6.0,16.25,19.5,99.0,0.5195000000000001,0.4645,0.24175000000000002,0.3075,30.625,77.9,56.2,49.275,6.0,9.65,14.5,100.0,104.275,101.275,49.740624999999994,49.740624999999994,1.9915,0.3565,OKC,240.0,36.25,87.25,0.41725,7.25,23.5,0.2975,16.5,23.5,0.7207500000000001,11.5,29.75,41.25,21.25,9.75,4.25,10.75,17.5,96.25,0.49375,0.45825,0.26649999999999996,0.27025,22.1,69.375,43.8,58.35,10.25,6.300000000000001,9.850000000000001,100.0,101.275,104.275,48.83125,48.83125,1.97225,0.43574999999999997
201512080SAC,UTA,246.25,38.0,83.75,0.4525,9.25,23.25,0.397,19.75,26.0,0.7605000000000001,11.5,32.75,44.25,18.75,7.75,5.5,14.25,21.75,105.0,0.55175,0.51,0.28525,0.3095,25.875,76.975,51.65,49.825,8.2,9.475000000000001,13.125,100.0,109.95,108.725,49.425000000000004,50.79967448000001,2.1205,0.379,UTA,246.25,37.25,83.25,0.44675,9.75,24.5,0.38475,19.5,23.5,0.8485,9.75,31.25,41.0,19.0,8.25,3.75,14.0,23.0,103.75,0.55425,0.50475,0.2925,0.28825,23.025,74.125,48.375,52.0,8.55,6.6499999999999995,13.125,100.0,108.725,109.95,49.33125,50.7915364575,2.1055,0.38975
201512090BOS,CHI,240.0,37.75,88.5,0.4265,6.75,19.75,0.3435,14.75,21.0,0.6960000000000001,13.75,39.5,53.25,26.0,5.75,7.25,14.5,19.0,97.0,0.49624999999999997,0.4645,0.22275,0.23725000000000002,28.55,76.625,53.35,68.85,5.875,10.125,12.825,100.0,100.75,99.65,49.612500000000004,49.612500000000004,1.9555,0.5242500000000001,CHI,240.0,37.75,91.0,0.415,6.0,20.0,0.2955,14.5,20.5,0.7142499999999999,12.0,34.5,46.5,21.75,8.75,4.75,10.75,18.5,96.0,0.48000000000000004,0.44799999999999995,0.22100000000000003,0.22575,23.375,71.45,46.65,58.1,9.025,6.825,9.600000000000001,100.0,99.65,100.75,49.74375,49.74375,1.9304999999999999,0.44025
201512090CHO,MIA,240.0,38.5,73.25,0.528,5.0,15.5,0.319,16.5,24.75,0.67025,6.0,31.0,37.0,23.0,7.25,6.0,14.5,19.0,98.5,0.5882499999999999,0.56275,0.2135,0.34025,16.825,73.625,48.525,59.65,7.875,9.675,14.725,100.0,106.675,107.85,46.753125000000004,46.753125000000004,2.108,0.49224999999999997,MIA,240.0,37.5,84.0,0.44575,6.75,20.5,0.34099999999999997,17.75,22.5,0.78675,11.0,28.25,39.25,18.75,8.75,1.75,13.5,21.0,99.5,0.53,0.48550000000000004,0.2445,0.271,26.375,83.175,51.475,49.650000000000006,9.525,3.0999999999999996,12.6,100.0,107.85,106.675,48.59375,48.59375,2.0497500000000004,0.38675000000000004
201512090DAL,ATL,240.0,36.5,85.25,0.43125,8.5,26.75,0.31725000000000003,13.5,17.25,0.7662500000000001,12.0,33.0,45.0,24.25,9.25,7.25,14.75,15.75,95.0,0.5145000000000001,0.482,0.31525,0.20475000000000002,25.425,73.6,48.75,66.575,9.925,11.625,13.774999999999999,100.0,101.75,104.42500000000001,48.096875000000004,48.096875000000004,1.979,0.50425,ATL,240.0,36.25,85.75,0.42425,8.75,22.0,0.40449999999999997,16.5,19.75,0.83325,12.0,35.25,47.25,18.75,9.75,7.25,13.75,16.25,97.75,0.51825,0.47525,0.2585,0.23175,26.4,74.575,51.25,51.65,10.425,12.55,12.749999999999998,100.0,104.42500000000001,101.75,48.440625000000004,48.440625000000004,2.01625,0.38625
201512090DET,MEM,240.0,35.5,85.25,0.415,3.0,13.75,0.21800000000000003,20.75,24.25,0.8539999999999999,12.0,29.25,41.25,19.25,5.75,4.75,11.0,18.25,94.75,0.49249999999999994,0.43274999999999997,0.16275,0.28525,25.900000000000002,74.075,47.95,54.599999999999994,6.2250000000000005,8.45,10.325000000000001,100.0,102.65,115.15,47.884375000000006,47.884375000000006,1.97825,0.40125,MEM,240.0,39.5,81.75,0.48275,10.25,25.5,0.41975,17.0,22.75,0.74225,10.0,34.5,44.5,25.75,7.5,6.75,13.25,20.75,106.25,0.5785,0.5455,0.3115,0.27825,25.95,74.1,52.05,65.125,8.125,9.375,12.575,100.0,115.14999999999999,102.65,47.903125,47.903125,2.21775,0.538
201512090MIL,LAC,240.0,34.5,83.0,0.41525,8.5,25.5,0.3375,24.0,37.25,0.6795,12.75,33.0,45.75,22.75,6.5,4.5,14.0,23.5,101.5,0.51225,0.46625,0.30875,0.44875,25.025,73.525,47.925,66.25,6.574999999999999,7.1,12.425,100.0,103.325,101.175,50.971875,50.971875,1.99225,0.44725,LAC,240.0,35.25,83.75,0.42075,6.25,20.25,0.314,22.5,29.75,0.7545,12.0,37.5,49.5,18.5,7.75,4.25,15.75,28.5,99.25,0.51325,0.45875,0.24225,0.3625,26.475,74.97500000000001,52.074999999999996,52.375,7.875,7.8,13.95,100.0,101.175,103.32500000000002,50.815625000000004,50.815625000000004,1.9572500000000002,0.3655
201512090MIN,LAL,240.0,34.75,86.25,0.40224999999999994,8.25,22.25,0.36175,17.0,20.5,0.832,13.25,30.0,43.25,15.5,9.5,4.5,15.5,20.0,94.75,0.49675,0.45,0.257,0.24075,27.625,74.625,49.0,44.900000000000006,9.825000000000001,8.45,14.0,100.0,100.15,110.45,49.118750000000006,49.118750000000006,1.9272500000000001,0.31675,LAL,240.0,37.25,80.0,0.467,8.75,24.0,0.36324999999999996,21.0,27.25,0.773,10.5,35.25,45.75,21.5,10.0,3.5,15.75,15.0,104.25,0.5687500000000001,0.5225,0.30325,0.3435,25.375,72.375,51.0,57.87500000000001,10.525,5.700000000000001,14.4,100.0,110.45,100.15,49.096875,49.096875,2.13475,0.43925
201512090PHO,ORL,240.0,39.0,88.25,0.44175,5.0,19.0,0.25125,13.25,15.75,0.84575,11.25,36.0,47.25,18.5,9.25,5.75,14.0,22.5,96.25,0.50525,0.47025,0.21500000000000002,0.17900000000000002,24.15,79.8,51.525,47.325,9.700000000000001,11.0,12.774999999999999,100.0,101.17500000000001,95.725,49.240625,49.240625,1.9592500000000002,0.37750000000000006,ORL,240.0,31.25,78.75,0.398,9.25,26.75,0.3285,19.25,26.75,0.6990000000000001,9.25,35.0,44.25,19.0,6.75,7.0,15.75,16.75,91.0,0.5045,0.4575,0.34225000000000005,0.34249999999999997,20.2,75.85,48.475,60.475,7.025,10.149999999999999,14.875,100.0,95.725,101.17500000000001,48.978125,48.978125,1.861,0.38775000000000004
201512090TOR,SAS,240.0,42.0,82.25,0.51475,6.5,16.75,0.38675000000000004,15.75,21.25,0.736,9.75,39.25,49.0,27.5,6.5,5.25,11.75,18.0,106.25,0.5835,0.5545,0.202,0.26025,24.699999999999996,83.07499999999999,56.650000000000006,65.57499999999999,7.0,8.475,11.275,100.0,115.4,88.025,47.171875,47.171875,2.265,0.58675,SAS,240.0,30.25,79.75,0.377,5.25,20.75,0.22999999999999998,15.75,21.5,0.7314999999999999,8.0,29.75,37.75,18.0,6.25,4.0,13.5,21.0,81.5,0.45400000000000007,0.40925,0.259,0.27,16.924999999999997,75.3,43.349999999999994,59.725,6.675000000000001,6.1,13.175,100.0,88.025,115.4,47.731249999999996,47.731249999999996,1.70225,0.37575
201512090UTA,NYK,240.0,37.25,83.75,0.44425,7.75,24.0,0.31375000000000003,16.5,20.0,0.8400000000000001,6.25,35.75,42.0,22.75,5.25,5.75,14.5,19.0,98.75,0.5335000000000001,0.49075,0.28825,0.2415,14.7,78.15,47.724999999999994,61.349999999999994,5.375,9.025,13.525,100.0,101.475,99.9,50.75000000000001,50.75000000000001,1.9465,0.45025,NYK,240.0,38.0,87.0,0.4365,6.75,19.0,0.373,14.25,20.75,0.69175,10.0,35.75,45.75,18.0,7.25,5.0,12.0,17.0,97.0,0.50525,0.47625,0.22324999999999998,0.23950000000000002,21.85,85.30000000000001,52.3,46.625,7.45,8.424999999999999,11.05,100.0,99.9,101.47500000000001,49.428125,49.428125,1.96875,0.3665
201512090WAS,HOU,240.0,37.5,82.75,0.454,12.75,30.5,0.4145,20.5,29.25,0.6809999999999999,11.75,29.75,41.5,22.75,12.5,5.0,17.0,19.5,108.25,0.567,0.53175,0.37075,0.35500000000000004,25.924999999999997,69.67500000000001,47.14999999999999,60.75,12.65,8.1,15.125,100.0,109.475,106.2,50.946875,50.946875,2.1252500000000003,0.4465,HOU,240.0,41.0,87.0,0.47275,8.0,24.5,0.3325,15.0,18.5,0.80975,13.0,33.75,46.75,26.25,9.75,6.25,19.25,23.25,105.0,0.5537500000000001,0.5185,0.28225,0.2155,30.325000000000003,74.075,52.849999999999994,63.475,9.9,12.35,16.825,100.0,106.2,109.475,51.018750000000004,51.018750000000004,2.0589999999999997,0.515
201512100BRK,PHI,240.0,33.0,78.5,0.42174999999999996,10.5,29.25,0.34725,14.25,23.5,0.60525,7.5,32.5,40.0,18.75,7.0,6.0,15.25,22.5,90.75,0.5115000000000001,0.48874999999999996,0.37325,0.30025,16.775,76.675,45.474999999999994,55.85,7.175,10.525,14.674999999999999,100.0,94.62499999999999,109.65,48.70625,48.70625,1.8615,0.3875,PHI,240.0,38.75,83.5,0.46950000000000003,6.75,23.75,0.29125,20.0,27.25,0.75425,10.0,37.5,47.5,22.75,5.25,4.0,13.0,18.5,104.25,0.55025,0.51025,0.2815,0.3295,23.325000000000003,83.225,54.525000000000006,57.8,5.475,7.925000000000001,11.725,100.0,109.65,94.625,49.721875000000004,49.721875000000004,2.1195,0.46725
201512100CHI,LAC,240.0,35.75,82.0,0.4355,9.5,27.75,0.3395,22.25,32.25,0.70025,11.25,33.5,44.75,23.0,6.5,5.25,15.0,22.0,103.25,0.5367500000000001,0.49324999999999997,0.33924999999999994,0.39499999999999996,24.075,76.22500000000001,49.3,64.32499999999999,6.624999999999999,7.65,13.475,100.0,105.89999999999999,103.9,50.534375,50.534375,2.0445,0.4565,LAC,240.0,37.5,84.5,0.44275,5.5,17.0,0.30974999999999997,20.75,26.0,0.79375,10.5,35.5,46.0,20.5,8.0,4.0,14.0,26.25,101.25,0.528,0.47625,0.20400000000000001,0.31825,23.775,75.925,50.699999999999996,54.225,8.175,7.525,12.7,100.0,103.9,105.9,50.175000000000004,50.175000000000004,2.0187500000000003,0.41025
201512100OKC,ATL,240.0,37.0,83.75,0.44525000000000003,8.5,25.25,0.3345,15.0,18.5,0.807,10.5,35.5,46.0,23.75,8.75,7.75,13.75,16.25,97.5,0.5335000000000001,0.49675,0.30225,0.223,23.35,72.375,49.075,64.325,9.450000000000001,12.3,13.1,100.0,104.825,101.525,47.893750000000004,47.893750000000004,2.0375,0.49624999999999997,ATL,240.0,35.25,89.5,0.39649999999999996,8.25,25.5,0.32875,15.75,19.5,0.80625,14.0,33.75,47.75,17.0,8.75,5.75,12.0,16.5,94.5,0.48375,0.443,0.28600000000000003,0.2205,27.625,76.65,50.925000000000004,48.525,9.425,10.075000000000001,11.025,100.0,101.525,104.825,48.38125,48.38125,1.9525,0.351
201512100SAC,NYK,240.0,35.5,81.25,0.4355,8.75,24.5,0.35625,15.5,21.25,0.763,6.0,32.5,38.5,23.0,6.5,4.25,12.75,20.75,95.25,0.525,0.4892500000000001,0.3015,0.26549999999999996,13.625,75.8,44.5,64.975,6.8500000000000005,6.275,12.325,100.0,100.27499999999999,107.35,49.046875,49.046875,1.93875,0.46825,NYK,240.0,39.75,85.5,0.4655,6.75,16.75,0.40525,15.5,20.5,0.7525000000000001,10.5,37.5,48.0,21.75,6.75,3.75,12.25,18.75,101.75,0.53975,0.5062500000000001,0.20174999999999998,0.24175000000000002,24.200000000000003,86.375,55.525000000000006,54.7,7.125,6.775,11.425,100.0,107.35000000000001,100.275,48.49375,48.49375,2.1005,0.44875000000000004
201512110BOS,GSW,240.0,44.25,85.5,0.51525,15.5,33.0,0.47125,14.25,21.25,0.6759999999999999,9.75,37.25,47.0,26.75,5.75,7.25,14.25,21.0,118.25,0.62325,0.607,0.38725,0.26075,24.9,74.575,52.65,60.72500000000001,5.699999999999999,10.7,13.025,100.0,119.85000000000001,108.75,50.046875,50.046875,2.3615,0.53325,GSW,240.0,39.5,93.5,0.4225,9.0,25.25,0.352,19.25,26.25,0.7337500000000001,12.75,29.5,42.25,21.0,8.75,3.75,10.75,19.0,107.25,0.51,0.47,0.26775000000000004,0.28075,25.425,75.1,47.35,53.224999999999994,8.95,7.2,9.15,100.0,108.75,119.85000000000001,51.984375,51.984375,2.062,0.40399999999999997
201512110DEN,MIN,246.25,37.25,83.75,0.44225000000000003,5.75,17.75,0.32525000000000004,26.0,32.5,0.80175,12.5,33.5,46.0,21.5,6.0,5.5,14.75,23.25,106.25,0.5405,0.47625,0.213,0.39175,28.375,76.775,52.425,56.675,6.125,8.375,13.075000000000001,100.0,108.47500000000001,111.625,50.71875,52.12141927,2.0912499999999996,0.42200000000000004,MIN,246.25,40.75,85.5,0.4765,8.0,21.25,0.37625000000000003,19.75,26.5,0.74425,10.25,31.5,41.75,20.5,8.25,4.5,13.25,25.0,109.25,0.5622499999999999,0.5237499999999999,0.249,0.3125,23.225,71.625,47.575,50.975,8.375,7.125,12.025,100.0,111.625,108.47500000000001,50.543749999999996,51.921679687499996,2.15925,0.40675
201512110IND,MIA,240.0,36.75,73.25,0.50475,5.25,16.5,0.317,16.25,24.75,0.6597500000000001,5.0,33.25,38.25,22.0,5.75,6.5,14.25,17.75,95.0,0.56775,0.54125,0.22675,0.34025,13.749999999999998,79.39999999999999,49.3,59.725,6.2,10.875,14.525,100.0,102.1,105.3,47.128125,47.128125,2.0195,0.468,MIA,240.0,38.0,84.25,0.4505,7.5,22.25,0.34275,14.5,20.5,0.6945,8.75,30.5,39.25,19.75,7.25,2.25,12.25,21.0,98.0,0.5255,0.49475,0.26525,0.24525000000000002,20.6,86.25,50.699999999999996,51.400000000000006,7.800000000000001,4.125,11.6,100.0,105.30000000000001,102.1,48.74375,48.74375,2.01175,0.406
201512110MEM,CHO,240.0,37.0,87.0,0.42774999999999996,9.5,29.5,0.32475,17.5,26.75,0.6360000000000001,10.75,36.25,47.0,22.5,8.5,5.0,10.25,18.0,101.0,0.5135000000000001,0.4825,0.33875,0.30674999999999997,21.25,79.35,49.75,60.575,8.85,9.1,9.425,100.0,104.54999999999998,97.475,49.603125,49.603125,2.0380000000000003,0.4555,CHO,240.0,36.0,84.75,0.4235,10.25,28.5,0.35275,12.0,19.0,0.6435,9.25,38.0,47.25,23.5,5.25,6.0,15.25,19.0,94.25,0.50625,0.48300000000000004,0.3345,0.22775,20.650000000000002,78.75,50.25,64.375,5.3999999999999995,10.399999999999999,14.1,100.0,97.475,104.55,49.8875,49.8875,1.8887499999999997,0.471
201512110NOP,WAS,240.0,41.75,88.0,0.4745,8.0,24.0,0.34525,16.0,21.75,0.73225,11.0,28.0,39.0,21.0,8.25,1.75,13.75,21.75,107.5,0.55125,0.52025,0.27425,0.249,25.875,80.225,49.275,50.3,8.5,3.2750000000000004,12.15,100.0,110.94999999999999,111.725,50.540625,50.540625,2.132,0.4165,WAS,240.0,40.5,78.0,0.522,10.75,25.75,0.40700000000000003,16.75,22.5,0.73025,7.0,33.25,40.25,23.5,6.5,4.5,17.75,20.25,108.5,0.6192500000000001,0.5900000000000001,0.32799999999999996,0.29125,19.775000000000002,74.125,50.724999999999994,58.275,6.625,7.0,16.775,100.0,111.725,110.95,49.71875,49.71875,2.18775,0.47525
201512110ORL,CLE,246.25,34.5,84.0,0.4115,8.5,28.0,0.3115,18.0,22.75,0.7925,9.75,29.25,39.0,16.25,8.5,2.25,13.5,22.0,95.5,0.509,0.46224999999999994,0.33175,0.2705,22.0,82.15,48.825,47.5,8.975,4.1499999999999995,12.425,100.0,100.65,107.82500000000002,49.278125,50.61145833250001,1.9467499999999998,0.3315,CLE,246.25,39.5,78.75,0.5035000000000001,8.5,23.75,0.36775,15.0,23.0,0.6527499999999999,6.5,34.0,40.5,22.5,6.25,4.5,15.0,24.5,102.5,0.57775,0.55775,0.29874999999999996,0.29675,17.85,78.025,51.175,56.95,6.475,8.05,14.5,100.0,107.825,100.65,49.087500000000006,50.438085937500006,2.0877499999999998,0.45775
201512110PHI,DET,240.0,36.0,87.25,0.41225,8.5,27.5,0.31225,16.75,25.5,0.64575,11.25,36.5,47.75,18.0,9.75,3.25,12.25,17.0,97.25,0.4925,0.46049999999999996,0.3155,0.29525,22.85,75.375,48.75,50.175,10.075,4.75,11.0,100.0,100.5,99.025,50.18125,50.18125,1.9379999999999997,0.35875,DET,240.0,37.0,84.75,0.43575,5.25,19.25,0.26875000000000004,16.5,22.75,0.728,11.75,38.25,50.0,19.25,5.25,4.75,15.0,22.25,95.75,0.505,0.46675,0.228,0.27225,24.625,77.15,51.25,51.425,5.4,8.075000000000001,13.674999999999999,100.0,99.02499999999999,100.5,49.403125,49.403125,1.93825,0.391
201512110PHO,POR,240.0,39.0,81.5,0.4795,11.75,28.75,0.41625,15.25,21.0,0.72275,12.0,30.5,42.5,22.75,7.75,3.75,16.0,22.75,105.0,0.57875,0.5515,0.35025,0.26,29.0,74.19999999999999,51.5,58.55,8.4,6.175,15.0,100.0,114.22500000000001,111.35000000000001,47.7375,47.7375,2.2002500000000005,0.47675,POR,240.0,36.5,80.75,0.45175,7.75,19.75,0.37575000000000003,21.5,25.75,0.83775,11.0,29.25,40.25,20.5,6.25,4.5,12.5,19.5,102.25,0.5549999999999999,0.49874999999999997,0.2415,0.32275,25.849999999999998,71.0,48.5,57.225,6.85,8.525,11.924999999999999,100.0,111.35,114.225,47.240624999999994,47.240624999999994,2.1654999999999998,0.43350000000000005
201512110SAS,LAL,246.25,36.5,85.5,0.4245,8.5,21.75,0.3795,16.75,22.25,0.7645,11.5,30.5,42.0,16.0,7.25,4.0,13.75,20.25,98.25,0.5135,0.474,0.25375000000000003,0.26125,24.799999999999997,72.25,47.425,44.425000000000004,7.624999999999999,7.499999999999999,12.674999999999999,100.0,103.45,114.97500000000001,49.159375,50.5373046875,1.992,0.32599999999999996,LAL,246.25,39.5,83.5,0.47375,8.75,23.5,0.372,21.25,27.25,0.781,12.0,35.25,47.25,23.0,8.25,4.0,13.5,16.25,109.0,0.57275,0.52725,0.28775,0.32875,27.75,75.19999999999999,52.575,57.95,8.825,6.425000000000001,12.325000000000001,100.0,114.97500000000001,103.45,48.971875,50.37454427,2.2275,0.46825000000000006
201512110TOR,MIL,240.0,38.75,84.75,0.455,3.0,11.25,0.3075,16.0,20.75,0.7835000000000001,9.75,36.5,46.25,23.5,6.5,5.0,13.5,25.75,96.5,0.5137499999999999,0.47324999999999995,0.13524999999999998,0.254,22.049999999999997,78.25,50.775,61.45,6.799999999999999,9.35,12.625,100.0,100.69999999999999,101.625,49.178124999999994,49.178124999999994,1.96125,0.47775,MIL,240.0,34.25,81.0,0.42325,8.25,27.25,0.30375,20.75,30.25,0.70075,10.25,34.75,45.0,22.0,7.25,5.75,13.75,19.0,97.5,0.5165,0.474,0.33575,0.375,21.75,77.95,49.225,64.1,7.6,8.05,12.725,100.0,101.625,100.69999999999999,49.434375,49.434375,1.97,0.4455
201512110UTA,OKC,240.0,39.0,82.25,0.47450000000000003,8.0,20.25,0.388,20.25,26.0,0.78425,12.0,39.0,51.0,22.0,7.5,3.0,15.5,18.25,106.25,0.56775,0.52275,0.2455,0.31575000000000003,30.25,82.05,58.650000000000006,55.45,7.975,4.85,14.075,100.0,113.0,99.275,49.050000000000004,49.050000000000004,2.16975,0.44975,OKC,240.0,35.75,82.0,0.437,5.75,19.75,0.27349999999999997,16.25,24.75,0.664,8.75,27.0,35.75,20.0,9.0,4.75,11.75,17.5,93.5,0.50425,0.47224999999999995,0.24125,0.301,17.95,69.775,41.349999999999994,55.5,9.55,7.65,11.149999999999999,100.0,99.275,113.0,48.378125000000004,48.378125000000004,1.93525,0.414
201512120ATL,SAS,240.0,42.25,79.25,0.533,5.5,16.75,0.34175,17.5,24.0,0.7284999999999999,10.5,34.0,44.5,26.75,6.5,3.0,12.75,17.75,107.5,0.5990000000000001,0.56775,0.21250000000000002,0.30375,27.3,82.275,55.825,63.475,7.125,5.125,12.299999999999999,100.0,117.375,97.125,46.45,46.45,2.31975,0.578,SAS,240.0,34.5,78.25,0.44675,7.0,22.0,0.31025,13.25,18.75,0.6905,7.5,27.5,35.0,19.75,7.25,2.75,15.5,23.0,89.25,0.5205000000000001,0.4895,0.27425,0.2485,17.725,72.69999999999999,44.175000000000004,57.0,7.875,4.325,15.375,100.0,97.12500000000001,117.375,47.578125,47.578125,1.8745000000000003,0.415
201512120BRK,LAC,240.0,35.75,84.25,0.42575,10.5,26.5,0.39775000000000005,18.5,25.5,0.7482500000000001,12.5,35.25,47.75,23.75,6.5,5.75,14.5,18.0,100.5,0.52575,0.4882500000000001,0.31625000000000003,0.3055,25.575,75.5,50.074999999999996,66.825,6.725,8.325,13.149999999999999,100.0,104.85,100.60000000000001,49.18125,49.18125,2.037,0.48375,LAC,240.0,37.25,87.25,0.4265,5.5,17.75,0.29825,16.25,20.25,0.80725,11.5,36.25,47.75,21.5,8.25,4.0,13.25,22.75,96.25,0.5,0.45875,0.20425,0.236,24.5,74.425,49.925,57.85,8.625,6.925000000000001,12.05,100.0,100.60000000000001,104.85,49.309374999999996,49.309374999999996,1.9495,0.43775
201512120CHI,NOP,246.25,38.5,85.5,0.452,9.0,22.5,0.38525,17.75,23.0,0.778,11.75,35.0,46.75,21.75,8.0,3.5,17.0,23.0,103.75,0.5447500000000001,0.506,0.266,0.26925,26.500000000000004,79.175,53.275,56.425,8.225,6.225,15.025,100.0,106.10000000000001,110.475,50.8375,52.1880859375,2.043,0.42825,NOP,246.25,38.75,84.25,0.4615,10.5,28.75,0.368,20.0,27.0,0.7404999999999999,9.25,31.75,41.0,22.25,8.75,4.25,12.75,21.0,108.0,0.5635,0.5242499999999999,0.34125000000000005,0.31925000000000003,20.825,73.5,46.724999999999994,57.325,8.975000000000001,6.2749999999999995,11.725,100.0,110.47500000000001,106.1,50.28750000000001,51.6208333325,2.15125,0.44625
201512120CHO,BOS,252.5,41.5,93.25,0.4475,10.25,28.25,0.356,16.75,22.5,0.7235,11.25,34.0,45.25,25.0,8.5,6.0,14.5,23.0,110.0,0.5375,0.50325,0.3055,0.249,23.225,70.9,46.74999999999999,59.9,8.399999999999999,8.1,12.45,100.0,107.275,103.14999999999999,53.59375,56.864583332500004,2.06325,0.46424999999999994,BOS,252.5,40.5,92.75,0.44075000000000003,6.0,20.5,0.2945,19.25,25.5,0.7515000000000001,14.0,38.0,52.0,24.25,7.0,6.25,15.5,19.75,106.25,0.5127499999999999,0.47250000000000003,0.21749999999999997,0.27049999999999996,29.099999999999998,76.775,53.25,59.75,6.675,9.35,13.0,100.0,103.14999999999999,107.275,53.181250000000006,56.476171875000006,2.00275,0.45775000000000005
201512120DAL,WAS,240.0,41.75,87.5,0.4775,8.5,24.25,0.36,14.5,20.75,0.6970000000000001,8.75,28.25,37.0,23.0,8.5,1.5,11.0,20.75,106.5,0.55175,0.52675,0.2795,0.23850000000000002,19.75,82.975,46.949999999999996,55.3,8.850000000000001,2.9250000000000003,10.075000000000001,100.0,110.85000000000001,112.94999999999999,49.803124999999994,49.803124999999994,2.145,0.46525,WAS,240.0,39.5,76.75,0.5175000000000001,12.25,26.75,0.4465,17.5,23.0,0.7545000000000001,5.75,36.0,41.75,23.5,6.75,3.5,16.75,19.0,108.75,0.62775,0.5960000000000001,0.345,0.30075,17.025000000000002,80.25,53.05,59.525,6.975,5.225,16.15,100.0,112.95000000000002,110.85,49.3375,49.3375,2.2095000000000002,0.4785
201512120DET,IND,246.25,39.5,91.75,0.43024999999999997,11.25,30.0,0.37124999999999997,22.0,26.0,0.85475,12.5,31.0,43.5,20.0,8.75,3.5,13.75,20.5,112.25,0.543,0.491,0.32725000000000004,0.28300000000000003,25.875,70.60000000000001,47.475,50.825,8.725,5.949999999999999,11.724999999999998,100.0,112.2,114.69999999999999,52.675,54.1352864575,2.1312499999999996,0.38075,IND,246.25,43.5,88.25,0.491,11.75,28.5,0.38875,16.0,21.25,0.73875,13.0,35.25,48.25,22.5,8.5,5.0,16.0,21.25,114.75,0.58575,0.5575,0.3222499999999999,0.23875000000000002,29.4,74.15,52.525,50.925,8.55,8.175,14.225,100.0,114.7,112.19999999999999,50.671875,52.04654948,2.26275,0.4435
201512120HOU,LAL,246.25,37.5,86.0,0.43375,7.5,21.25,0.34924999999999995,15.75,21.5,0.7222500000000001,10.0,30.5,40.5,16.25,6.5,3.5,13.5,22.0,98.25,0.51275,0.477,0.24625000000000002,0.252,21.924999999999997,71.275,45.675000000000004,43.475,6.674999999999999,5.7,12.45,100.0,102.05000000000001,115.72500000000001,49.85625,51.2341796875,1.9657499999999999,0.32525,LAL,246.25,41.25,85.5,0.483,7.75,20.5,0.383,21.0,28.5,0.731,12.5,36.25,48.75,23.5,7.75,3.25,12.5,16.75,111.25,0.5682499999999999,0.5285,0.24275000000000002,0.33749999999999997,28.725,78.075,54.324999999999996,56.49999999999999,8.125,4.975,11.150000000000002,100.0,115.72500000000001,102.05000000000001,49.51875,50.92141927,2.2495,0.4725
201512120MIL,GSW,252.5,43.25,90.25,0.48275,13.75,32.25,0.42600000000000005,20.0,28.25,0.693,11.25,39.25,50.5,26.0,7.75,7.75,14.25,20.75,120.25,0.59175,0.56225,0.36324999999999996,0.3205,25.299999999999997,75.975,52.75,60.55,7.249999999999999,10.525,12.149999999999999,100.0,115.925,108.125,53.334374999999994,56.629296874999994,2.2727500000000003,0.4892500000000001,GSW,252.5,43.0,98.5,0.437,9.75,25.75,0.37049999999999994,16.5,22.75,0.7077499999999999,12.25,32.5,44.75,24.25,8.0,4.25,12.5,23.25,112.25,0.5175000000000001,0.4855,0.2575,0.23600000000000002,24.025,74.69999999999999,47.25,55.974999999999994,7.8500000000000005,6.9,10.175,100.0,108.125,115.925,54.778125,58.0489583325,2.05625,0.4395
201512120POR,NYK,240.0,34.0,80.25,0.42300000000000004,8.0,25.0,0.32275,16.5,23.0,0.7452500000000001,7.25,33.75,41.0,21.0,6.75,4.25,14.0,22.75,92.5,0.512,0.47300000000000003,0.31125,0.2895,16.0,77.525,46.449999999999996,61.825,7.074999999999999,6.3500000000000005,13.325,100.0,96.94999999999999,108.9,48.9625,48.9625,1.8880000000000001,0.42975,NYK,240.0,40.5,86.0,0.47125,6.75,18.0,0.384,16.0,20.75,0.77325,9.75,37.0,46.75,24.0,6.0,3.5,12.0,20.5,103.75,0.547,0.512,0.2145,0.2435,22.475,84.0,53.575,59.349999999999994,6.324999999999999,6.5,11.149999999999999,100.0,108.9,96.95,49.053124999999994,49.053124999999994,2.11925,0.48925
201512130MIA,MEM,240.0,35.5,84.75,0.41824999999999996,4.75,16.0,0.29100000000000004,18.0,24.0,0.72725,13.25,29.75,43.0,19.75,6.5,4.5,14.0,18.0,93.75,0.49175,0.44675,0.19,0.2875,27.999999999999996,74.3,48.974999999999994,55.449999999999996,6.975,8.950000000000001,12.85,100.0,100.375,115.9,48.45,48.45,1.9345,0.40700000000000003,MEM,240.0,39.75,82.75,0.481,12.0,30.75,0.388,16.75,21.25,0.764,10.25,34.0,44.25,22.75,8.25,4.75,13.75,20.25,108.25,0.58725,0.5542499999999999,0.37375,0.2595,25.725,72.0,51.025,56.625,8.875,6.925,12.975000000000001,100.0,115.9,100.375,48.171875,48.171875,2.24375,0.47124999999999995
201512130OKC,UTA,246.25,38.25,85.5,0.44775000000000004,10.0,27.0,0.37,19.5,26.5,0.733,14.5,32.5,47.0,21.75,6.75,2.25,13.0,23.5,106.0,0.5449999999999999,0.506,0.31575,0.30925,30.85,76.375,53.125,56.875,7.249999999999999,3.675,11.8,100.0,112.95,109.89999999999999,48.293749999999996,49.66842448,2.1887499999999998,0.4505,UTA,246.25,37.75,81.75,0.46325,9.0,23.75,0.37625,18.5,25.25,0.74375,9.75,31.5,41.25,20.0,7.5,2.25,13.25,23.75,103.0,0.55525,0.51825,0.29,0.30675,23.625,69.15,46.875,53.05,7.9,3.9,12.475,100.0,109.9,112.95,48.621875,50.08216145749999,2.11775,0.41475
201512130PHO,MIN,252.5,39.5,86.25,0.45725,6.5,17.75,0.36449999999999994,24.5,30.25,0.81325,11.5,33.75,45.25,23.5,5.5,4.75,14.0,25.0,110.0,0.55175,0.49475,0.20575,0.3515,25.700000000000003,78.225,51.2,59.075,5.5,7.8500000000000005,12.3,100.0,110.22500000000001,113.3,51.559375,54.300260415,2.1327499999999997,0.45599999999999996,MIN,252.5,40.75,85.5,0.4765,9.5,24.0,0.401,22.0,29.75,0.7384999999999999,9.5,33.75,43.25,21.0,8.25,3.5,13.0,23.75,113.0,0.57375,0.5325,0.281,0.35025,21.775,74.30000000000001,48.8,52.3,8.225000000000001,5.35,11.674999999999999,100.0,113.3,110.22500000000001,51.565625000000004,54.319531250000004,2.19225,0.4085
201512130TOR,PHI,240.0,33.25,79.0,0.422,7.25,26.0,0.27825,16.0,23.25,0.6895,9.75,28.5,38.25,18.75,8.25,5.0,16.0,22.75,89.75,0.5035000000000001,0.469,0.32999999999999996,0.29600000000000004,21.825,71.975,45.1,56.1,8.75,8.775,15.15,100.0,95.575,116.425,48.146875,48.146875,1.8577499999999998,0.38749999999999996,PHI,240.0,41.0,81.0,0.5092500000000001,7.75,20.75,0.37950000000000006,18.75,26.5,0.7184999999999999,11.5,34.75,46.25,24.25,6.5,3.75,14.25,19.75,108.5,0.5885,0.5567500000000001,0.25175000000000003,0.33375,28.025,78.175,54.89999999999999,59.275,6.9,6.9,13.150000000000002,100.0,116.42500000000001,95.57499999999999,48.16875,48.16875,2.26575,0.509
201512140ATL,MIA,240.0,35.5,75.5,0.4735,5.75,19.75,0.29175,15.0,20.5,0.7190000000000001,6.5,32.75,39.25,18.5,5.75,5.75,15.5,15.75,91.75,0.54525,0.5115000000000001,0.26125,0.27449999999999997,16.775,83.15,50.3,52.05,6.25,9.600000000000001,15.45,100.0,99.025,109.30000000000001,47.11875,47.11875,1.956,0.39525,MIA,240.0,40.5,84.0,0.483,8.25,23.0,0.37224999999999997,12.25,17.0,0.7125,6.75,32.0,38.75,23.75,9.75,4.0,11.25,18.5,101.5,0.55525,0.53225,0.27549999999999997,0.2025,16.85,83.225,49.7,59.025,10.475000000000001,7.1000000000000005,11.0,100.0,109.30000000000001,99.025,48.287499999999994,48.287499999999994,2.10325,0.49274999999999997
201512140BRK,ORL,240.0,36.5,83.75,0.43399999999999994,6.25,20.75,0.27899999999999997,12.25,16.0,0.77075,9.0,32.75,41.75,20.0,9.0,4.5,17.0,22.5,91.5,0.50275,0.472,0.251,0.195,19.7,75.9,47.175,54.724999999999994,9.325000000000001,8.200000000000001,15.825,100.0,94.975,102.99999999999999,49.675,49.675,1.84075,0.40225,ORL,240.0,36.75,79.5,0.4665,9.0,25.0,0.36325,16.25,24.75,0.65025,10.0,35.25,45.25,23.75,9.25,3.75,16.75,16.5,98.75,0.54925,0.52375,0.314,0.314,24.099999999999998,80.3,52.825,64.975,9.625,5.65,15.675,100.0,103.0,94.975,49.003125,49.003125,2.0220000000000002,0.48675
201512140CHI,PHI,240.0,31.0,81.5,0.38025,6.0,25.25,0.2465,14.5,20.25,0.7142499999999999,11.75,29.5,41.25,17.75,5.75,5.25,16.5,20.75,82.5,0.45525,0.417,0.3085,0.25,25.375,74.6,47.575,57.3,6.25,8.8,15.3,100.0,89.675,115.225,47.934375,47.934375,1.7185000000000001,0.369,PHI,240.0,39.75,80.25,0.4975,6.75,18.5,0.37024999999999997,19.25,25.5,0.7509999999999999,10.25,34.5,44.75,21.5,7.25,5.0,12.0,18.25,105.5,0.57925,0.53925,0.22649999999999998,0.32549999999999996,25.4,74.65,52.425,53.324999999999996,7.875,8.600000000000001,11.425,100.0,115.225,89.67500000000001,47.056250000000006,47.056250000000006,2.2515,0.462
201512140DAL,PHO,240.0,39.25,85.5,0.46025,9.0,26.5,0.34149999999999997,16.0,21.5,0.7429999999999999,10.25,30.25,40.5,22.5,11.25,6.25,14.75,17.0,103.5,0.5455,0.513,0.313,0.254,24.95,73.975,49.35,57.525,11.5,10.475,13.3,100.0,106.15,105.80000000000001,50.106249999999996,50.106249999999996,2.069,0.4515,PHO,240.0,39.75,86.0,0.46199999999999997,9.5,24.75,0.385,14.0,18.75,0.70925,11.0,31.25,42.25,25.25,9.0,4.0,18.0,21.25,103.0,0.5475,0.517,0.28525,0.23175,26.025000000000002,75.05,50.65,64.025,9.175,6.45,16.0,100.0,105.80000000000001,106.14999999999999,50.953125,50.953125,2.024,0.4955
201512140DEN,HOU,240.0,40.5,83.25,0.4855,14.5,33.75,0.42974999999999997,19.5,28.25,0.68425,11.0,32.25,43.25,26.5,13.25,4.75,18.75,17.75,115.0,0.6004999999999999,0.57275,0.40700000000000003,0.3425,25.275,72.975,49.425,65.425,13.075000000000001,7.625,16.4,100.0,113.4,104.35000000000001,52.209375,52.209375,2.20425,0.508,HOU,240.0,41.25,89.0,0.46525000000000005,8.0,25.25,0.32175,15.25,18.25,0.8355,11.75,32.25,44.0,25.75,11.25,5.25,18.5,23.0,105.75,0.5469999999999999,0.51,0.28300000000000003,0.207,27.025,74.725,50.575,61.849999999999994,11.125,10.95,16.05,100.0,104.35000000000001,113.4,52.209375,52.209375,2.02825,0.49475
201512140DET,LAC,240.0,37.25,85.25,0.438,9.5,24.75,0.38425,17.0,23.75,0.7309999999999999,11.75,34.75,46.5,24.5,8.25,5.25,14.0,19.5,101.0,0.527,0.4940000000000001,0.2915,0.28150000000000003,24.424999999999997,76.325,49.975,66.19999999999999,8.525,7.6000000000000005,12.7,100.0,105.075,100.05000000000001,49.390625,49.390625,2.0380000000000003,0.49674999999999997,LAC,240.0,36.0,84.5,0.42625,5.25,17.5,0.28900000000000003,18.75,23.25,0.80725,10.75,35.75,46.5,20.25,7.5,3.0,14.0,23.0,96.0,0.5065000000000001,0.45799999999999996,0.209,0.281,23.675,75.57499999999999,50.025,56.25,7.825,4.775,12.825,100.0,100.05000000000001,105.075,49.396874999999994,49.396874999999994,1.94075,0.41125
201512140IND,TOR,240.0,34.25,71.5,0.48324999999999996,6.5,19.25,0.33199999999999996,21.25,27.75,0.76925,6.75,31.25,38.0,17.75,9.25,5.25,12.75,18.75,96.25,0.5787500000000001,0.52825,0.2655,0.38525,17.9,70.75,46.875,51.5,10.375,8.675,13.3,100.0,108.025,97.175,45.340625,45.340625,2.12475,0.3925,TOR,240.0,32.25,80.75,0.40075,7.0,20.75,0.34225,15.0,18.5,0.80475,13.0,30.5,43.5,18.5,6.0,4.75,17.25,20.25,86.5,0.48700000000000004,0.444,0.25725000000000003,0.23099999999999998,29.275,82.1,53.125,57.675,6.800000000000001,9.0,16.174999999999997,100.0,97.175,108.025,46.89375,46.89375,1.8490000000000002,0.39525
201512140MEM,WAS,240.0,42.25,86.5,0.489,10.0,24.75,0.40674999999999994,14.5,19.25,0.7542499999999999,8.25,30.75,39.0,25.75,7.75,3.0,12.75,20.75,109.0,0.575,0.5475,0.28900000000000003,0.22349999999999998,19.325,81.85,48.85,60.95,8.025,5.6,11.725,100.0,112.725,110.97500000000001,50.071875000000006,50.071875000000006,2.18325,0.51725,WAS,240.0,39.5,80.0,0.49925,11.75,27.25,0.4235,16.75,22.25,0.751,7.0,33.75,40.75,23.0,6.75,3.25,15.75,17.75,107.5,0.602,0.57125,0.33575,0.2795,18.150000000000002,80.67500000000001,51.150000000000006,58.2,6.949999999999999,4.95,15.0,100.0,110.975,112.725,49.659375,49.659375,2.16975,0.46549999999999997
201512140POR,NOP,246.25,39.5,85.75,0.462,8.75,20.25,0.409,14.25,19.5,0.73975,9.0,34.0,43.0,23.25,9.0,3.5,13.75,20.5,102.0,0.5425,0.5145,0.24,0.22924999999999998,21.050000000000004,79.7,50.525,58.775,9.35,6.300000000000001,12.700000000000001,100.0,105.95,109.625,49.881249999999994,51.231835937499994,2.04425,0.46575,NOP,246.25,38.0,82.0,0.46375,10.5,27.0,0.394,19.0,24.5,0.768,8.75,33.75,42.5,21.5,8.0,4.0,13.5,17.75,105.5,0.5690000000000001,0.5277499999999999,0.32775,0.30025,20.299999999999997,78.94999999999999,49.474999999999994,56.3,8.325,5.549999999999999,12.65,100.0,109.625,105.95000000000002,49.19375000000001,50.5270833325,2.1454999999999997,0.43949999999999995
201512140SAS,UTA,246.25,37.25,86.0,0.43475,10.0,26.75,0.374,15.5,22.25,0.69375,13.75,30.75,44.5,20.0,6.5,2.0,12.0,22.0,100.0,0.5235,0.4925,0.31174999999999997,0.262,29.525,77.2,52.150000000000006,53.65,7.2,3.35,11.175,100.0,110.35,109.625,47.409375,48.6919270825,2.1085,0.422,UTA,246.25,36.5,78.25,0.4665,7.75,21.75,0.356,18.5,24.25,0.77025,8.75,32.0,40.75,20.25,6.75,5.0,12.0,19.75,99.25,0.5585,0.51625,0.2785,0.31024999999999997,22.8,70.475,47.85,55.275000000000006,7.4,7.700000000000001,11.875,100.0,109.625,110.35000000000001,46.509375000000006,47.749609375000006,2.1332500000000003,0.4335
201512150BOS,CLE,246.25,37.75,81.25,0.4695,9.0,25.75,0.3675,17.5,23.75,0.7417499999999999,9.5,29.0,38.5,19.5,9.5,1.5,13.5,22.25,102.0,0.5605,0.5257499999999999,0.3145,0.295,23.499999999999996,79.85,50.15,51.175,10.2,2.775,12.8,100.0,109.19999999999999,103.82500000000002,48.265625,49.5989583325,2.12125,0.40725,CLE,246.25,36.75,76.0,0.48325,8.25,22.25,0.37350000000000005,15.5,24.0,0.64025,7.5,30.75,38.25,20.75,6.5,4.0,16.75,24.75,97.25,0.5605,0.5375,0.291,0.318,20.15,76.525,49.85,56.475,6.875,7.175000000000001,16.3,100.0,103.825,109.2,48.325,49.6755859375,2.0077499999999997,0.42824999999999996
201512150LAL,MIL,240.0,37.25,83.25,0.445,4.0,12.0,0.32525000000000004,15.5,19.75,0.7822499999999999,8.75,33.5,42.25,24.5,9.0,4.0,14.5,22.75,94.0,0.51025,0.469,0.14575,0.24624999999999997,20.599999999999998,73.75,47.85,65.825,9.5,7.475,13.649999999999999,100.0,99.0,100.775,49.190625,49.190625,1.90675,0.49474999999999997,MIL,240.0,35.25,81.25,0.43674999999999997,8.25,27.0,0.31074999999999997,16.75,25.5,0.67325,12.25,34.0,46.25,21.75,8.75,7.75,15.75,21.0,95.5,0.5185,0.48800000000000004,0.33075,0.3165,26.25,79.4,52.150000000000006,61.425000000000004,9.3,10.95,14.625,100.0,100.775,99.0,48.43125,48.43125,1.9717500000000001,0.44675
201512150MIN,DEN,246.25,36.25,83.25,0.436,9.25,27.0,0.34,20.0,29.0,0.6905,11.5,37.5,49.0,22.75,8.5,4.25,16.0,19.25,101.75,0.52925,0.49175,0.325,0.349,26.775000000000002,83.425,55.25,63.175,8.65,7.7749999999999995,14.3,100.0,103.675,103.35000000000001,50.7625,52.1384765625,2.0060000000000002,0.44925000000000004,DEN,246.25,38.5,84.0,0.45999999999999996,10.25,26.5,0.34125,14.25,19.0,0.751,7.5,33.25,40.75,21.0,9.75,6.25,15.25,24.0,101.5,0.5507500000000001,0.52275,0.31975,0.231,16.575000000000003,73.225,44.75,54.4,10.0,11.225,14.149999999999999,100.0,103.35,103.675,50.3875,51.72571614499999,2.0175,0.41825
201512150SAC,HOU,240.0,41.75,85.5,0.48775,15.0,35.25,0.4245,13.5,20.25,0.6799999999999999,9.0,30.0,39.0,26.75,14.5,3.75,17.25,18.75,112.0,0.59275,0.5755,0.41300000000000003,0.23625,21.325000000000003,70.1,45.8,63.925000000000004,14.525000000000002,6.3500000000000005,15.350000000000001,100.0,111.9,106.175,51.684375,51.684375,2.1682499999999996,0.51825,HOU,240.0,40.25,85.0,0.476,7.5,25.0,0.3055,18.0,21.25,0.844,12.25,33.0,45.25,23.5,10.25,4.75,19.75,20.0,106.0,0.564,0.52025,0.29300000000000004,0.25,29.9,78.675,54.2,58.3,10.225000000000001,9.625,17.325000000000003,100.0,106.175,111.9,51.296875,51.296875,2.0745,0.4610000000000001
201512160ATL,PHI,240.0,34.0,85.75,0.39675,7.75,27.0,0.2935,13.75,18.25,0.7444999999999999,12.5,30.0,42.5,19.0,6.5,7.0,16.0,18.75,89.5,0.477,0.44199999999999995,0.31275,0.21525,26.45,73.325,47.75,56.349999999999994,6.95,11.600000000000001,14.475000000000001,100.0,95.0,110.95,48.959375,48.959375,1.8279999999999998,0.38775,PHI,240.0,38.75,82.5,0.4695,7.75,21.25,0.37024999999999997,19.25,25.75,0.7429999999999999,11.0,35.25,46.25,20.5,8.0,6.75,13.5,17.75,104.5,0.55725,0.51625,0.255,0.31975,26.674999999999997,73.575,52.25,52.574999999999996,8.525,11.375,12.55,100.0,110.95,95.0,48.61562500000001,48.61562500000001,2.1475,0.41950000000000004
201512160BRK,MIA,240.0,35.25,80.5,0.43725,6.25,19.75,0.323,14.25,18.75,0.754,9.25,35.0,44.25,18.75,6.0,5.5,15.25,15.25,91.0,0.51225,0.47625000000000006,0.24825000000000003,0.23700000000000002,21.65,86.5,53.150000000000006,53.05,6.5,10.025,14.625000000000002,100.0,97.675,101.775,47.703125,47.703125,1.9129999999999998,0.39375000000000004,MIA,240.0,37.25,82.0,0.45625000000000004,8.0,26.75,0.30774999999999997,12.5,16.5,0.7545000000000001,5.5,33.25,38.75,24.25,9.75,4.5,12.25,19.0,95.0,0.5335,0.505,0.32475,0.201,13.5,78.35,46.85,65.475,10.425,7.525,12.075,100.0,101.775,97.675,48.29375,48.29375,1.9705000000000001,0.503
201512160CHI,MEM,240.0,39.25,80.75,0.48724999999999996,7.0,17.25,0.4129999999999999,14.75,19.75,0.7354999999999999,9.5,31.75,41.25,22.75,7.5,4.25,14.75,19.5,100.25,0.56375,0.5315,0.21475,0.24625000000000002,23.3,77.825,51.275000000000006,58.025,8.149999999999999,8.174999999999999,14.174999999999999,100.0,108.325,110.75,47.690625,47.690625,2.1025,0.47775,MEM,240.0,37.5,82.0,0.45899999999999996,10.5,28.0,0.36375,17.0,22.0,0.74825,9.25,29.5,38.75,20.0,8.0,3.75,12.25,17.0,102.5,0.5599999999999999,0.52375,0.34299999999999997,0.27225,22.175,76.725,48.725,53.25,8.7,5.75,11.775,100.0,110.75,108.32499999999999,47.725,47.725,2.1475,0.41775
201512160DET,BOS,252.5,38.75,97.25,0.3955,8.75,28.25,0.3055,13.5,17.0,0.79425,9.75,35.0,44.75,24.5,7.0,6.0,10.5,19.0,99.75,0.474,0.43999999999999995,0.29174999999999995,0.17725,18.625,76.5,45.599999999999994,63.125,6.949999999999999,9.45,8.925,100.0,97.9,99.775,53.037499999999994,56.3083333325,1.874,0.45775,BOS,252.5,38.25,91.0,0.42324999999999996,8.5,27.5,0.3095,16.5,20.5,0.84775,11.25,42.5,53.75,21.0,5.75,7.0,14.75,17.25,101.5,0.509,0.47050000000000003,0.3035,0.21475,23.5,81.4,54.4,54.375,5.499999999999999,10.125,12.875,100.0,99.775,97.89999999999999,52.118750000000006,55.413671875000006,1.9465000000000001,0.399
201512160GSW,PHO,240.0,37.25,82.5,0.452,9.5,28.5,0.3285,17.25,24.0,0.7129999999999999,10.75,31.5,42.25,22.75,10.5,6.5,14.25,18.5,101.25,0.544,0.50925,0.345,0.29225,25.25,79.55,51.325,60.949999999999996,10.924999999999999,11.8,13.175,100.0,105.425,108.2,48.699999999999996,48.699999999999996,2.078,0.46625000000000005,PHO,240.0,39.0,82.75,0.4715,11.0,27.5,0.40725,14.75,19.5,0.7192500000000001,8.25,32.25,40.5,22.5,9.25,2.25,17.0,22.0,103.75,0.5692499999999999,0.5375000000000001,0.331,0.25,20.45,74.75,48.675,58.125,9.625,4.225,15.65,100.0,108.2,105.425,50.381249999999994,50.381249999999994,2.06225,0.44575
201512160IND,DAL,240.0,37.25,87.0,0.433,11.5,31.75,0.361,17.5,21.0,0.83225,10.75,34.5,45.25,19.75,7.75,2.5,11.5,15.75,103.5,0.5427500000000001,0.5005,0.36875,0.24425000000000002,21.574999999999996,85.2,51.625,53.0,8.15,4.300000000000001,10.775,100.0,108.3,105.35000000000001,48.8625,48.8625,2.11875,0.40425,DAL,240.0,39.0,82.5,0.47200000000000003,9.5,24.75,0.3757499999999999,13.25,17.25,0.7927500000000001,6.25,36.25,42.5,25.75,6.5,5.5,14.0,21.25,100.75,0.559,0.5295,0.29974999999999996,0.21075,14.8,78.42500000000001,48.4,65.45,6.824999999999999,9.924999999999999,13.425,100.0,105.35,108.3,49.221875,49.221875,2.045,0.52175
201512160LAC,MIL,240.0,39.75,86.25,0.45999999999999996,4.0,12.0,0.32525,11.75,16.5,0.72275,9.25,31.25,40.5,24.75,8.75,4.0,13.25,23.0,95.25,0.5082500000000001,0.483,0.1395,0.192,21.025,71.02499999999999,46.025000000000006,61.875,9.225,6.925,12.399999999999999,100.0,100.375,107.6,49.04375,49.04375,1.9395,0.5015000000000001,MIL,240.0,37.25,82.25,0.45499999999999996,8.75,25.5,0.34275,18.5,27.25,0.6887500000000001,13.0,34.75,47.75,23.0,8.0,6.75,15.0,19.25,101.75,0.54125,0.5085000000000001,0.3095,0.33375,28.975,78.97500000000001,53.974999999999994,61.375,8.475,9.075,13.825,100.0,107.6,100.375,48.596875,48.596875,2.0945,0.471
201512160NYK,MIN,252.5,38.25,82.5,0.463,6.5,16.75,0.38925000000000004,25.0,31.25,0.801,10.25,29.5,39.75,23.75,5.5,5.5,14.25,24.25,108.0,0.5609999999999999,0.5025000000000001,0.20299999999999999,0.38375,24.6,74.60000000000001,48.625,62.025000000000006,5.75,9.350000000000001,12.775,100.0,111.2,116.95,50.671875,53.412760414999994,2.1325,0.46749999999999997,MIN,252.5,41.5,84.75,0.49200000000000005,10.0,24.75,0.41825,20.25,27.75,0.73275,9.75,32.0,41.75,23.0,10.25,4.0,12.25,25.0,113.25,0.5870000000000001,0.55175,0.29125,0.32999999999999996,25.400000000000002,75.4,51.375,56.3,10.6,6.675,11.325,100.0,116.95,111.2,50.215624999999996,52.969531249999996,2.263,0.462
201512160OKC,POR,240.0,40.25,86.25,0.46699999999999997,10.5,28.25,0.367,14.25,20.25,0.663,12.0,32.0,44.0,21.75,5.25,2.5,13.0,20.5,105.25,0.554,0.52825,0.3285,0.24,28.9,82.625,54.7,55.05,5.675,4.625,12.075,100.0,114.69999999999999,112.92500000000001,48.434374999999996,48.434374999999996,2.1734999999999998,0.44775,POR,240.0,37.75,79.75,0.47475,9.75,25.5,0.38725000000000004,18.25,23.25,0.7705000000000001,6.5,29.75,36.25,17.75,7.5,5.75,9.25,17.75,103.5,0.5762499999999999,0.53575,0.31825,0.293,17.4,71.1,45.3,47.150000000000006,8.149999999999999,10.4,9.325,100.0,112.925,114.7,46.771875,46.771875,2.2165,0.38100000000000006
201512160ORL,CHO,240.0,37.75,82.75,0.458,12.0,31.25,0.37875,17.25,23.0,0.76425,7.75,39.75,47.5,22.0,5.0,5.0,12.0,19.25,104.75,0.56475,0.53125,0.37875,0.2815,17.875,84.875,53.074999999999996,58.0,5.25,8.5,11.4,100.0,109.025,94.1,48.9625,48.9625,2.1385,0.4495,CHO,240.0,33.25,84.5,0.393,8.0,25.0,0.3225,16.0,23.25,0.705,7.0,34.5,41.5,19.75,6.75,5.0,11.5,17.75,90.5,0.47724999999999995,0.44,0.29525,0.28500000000000003,15.149999999999999,82.125,46.925,59.025,7.0,9.95,10.850000000000001,100.0,94.1,109.02499999999999,50.021875,50.021875,1.80925,0.394
201512160SAS,WAS,240.0,40.0,85.0,0.4715,10.0,26.25,0.3755,14.25,20.0,0.713,7.75,31.0,38.75,25.5,8.25,3.25,13.75,19.25,104.25,0.5569999999999999,0.531,0.30974999999999997,0.23550000000000001,18.0,80.625,47.825,63.325,8.5,5.8500000000000005,12.674999999999999,100.0,106.825,112.525,50.25,50.25,2.0795,0.5105000000000001,WAS,240.0,40.25,82.25,0.49174999999999996,13.0,27.0,0.512,16.25,20.5,0.8025000000000001,7.5,34.5,42.0,23.25,7.5,3.0,16.0,17.75,109.75,0.60375,0.5707500000000001,0.32575,0.24774999999999997,19.4,82.0,52.175,57.725,7.699999999999999,4.95,14.95,100.0,112.525,106.825,50.24375,50.24375,2.189,0.464
201512160UTA,NOP,240.0,38.0,85.0,0.44825000000000004,8.5,20.25,0.399,14.25,18.5,0.765,7.5,34.25,41.75,20.75,8.75,5.25,12.25,19.75,98.75,0.5325,0.49975,0.24274999999999997,0.22025,17.275,80.65,48.875,54.325,9.175,10.0,11.575,100.0,103.475,109.7,49.26875,49.26875,2.0057500000000004,0.42125,NOP,240.0,37.0,80.0,0.46225,11.25,26.75,0.41975,19.5,25.75,0.7495,8.25,36.0,44.25,24.0,7.75,5.0,13.75,16.5,104.75,0.5735,0.5322499999999999,0.33375,0.32225000000000004,19.35,82.725,51.125,64.75,8.125,7.324999999999999,13.025,100.0,109.7,103.475,48.86562500000001,48.86562500000001,2.1445,0.49174999999999996
201512170CHO,TOR,240.0,33.0,72.75,0.46025,6.75,20.0,0.33125,20.5,26.25,0.7855,8.5,31.25,39.75,15.75,9.75,6.25,15.5,20.75,93.25,0.5585,0.50575,0.26949999999999996,0.3595,20.674999999999997,72.45,48.349999999999994,46.900000000000006,10.8,10.25,15.600000000000001,100.0,103.125,99.17500000000001,46.109375,46.109375,2.0235,0.34349999999999997,TOR,240.0,34.0,81.5,0.4175,7.75,21.5,0.36400000000000005,14.0,17.5,0.7985,12.0,30.75,42.75,18.5,7.0,4.5,17.0,19.75,89.75,0.5027499999999999,0.46475,0.264,0.21725,27.575,79.325,51.65,55.89999999999999,7.8,8.425,15.950000000000001,100.0,99.175,103.125,47.40625,47.40625,1.8947500000000002,0.39225
201512170CLE,OKC,246.25,37.25,79.25,0.47,6.0,17.25,0.3395,22.25,27.25,0.82525,10.75,36.75,47.5,17.25,5.75,6.25,13.75,18.25,102.75,0.5627500000000001,0.50775,0.21774999999999997,0.34400000000000003,26.95,75.375,53.725,46.22500000000001,6.225,9.55,13.025,100.0,111.6,101.175,47.596875,48.837109375,2.15875,0.36275,OKC,246.25,34.75,85.5,0.40874999999999995,9.25,26.0,0.35750000000000004,14.25,21.25,0.6772499999999999,12.25,28.75,41.0,16.25,7.0,4.0,12.25,21.75,93.0,0.49199999999999994,0.46299999999999997,0.30874999999999997,0.253,24.625,73.05,46.275000000000006,47.0,7.6499999999999995,6.4,11.325,100.0,101.17499999999998,111.60000000000001,47.796875,49.0794270825,1.9497499999999999,0.343
201512170LAL,HOU,240.0,40.5,85.5,0.47250000000000003,14.25,36.25,0.39425,14.75,21.75,0.6882499999999999,8.25,30.75,39.0,25.75,13.75,3.75,16.75,22.0,110.0,0.5774999999999999,0.55575,0.42525,0.2545,18.975,72.075,45.1,63.425,13.575,6.625,14.9,100.0,108.75,104.14999999999999,52.165625,52.165625,2.1125,0.49524999999999997,HOU,240.0,38.5,83.5,0.46375,8.5,26.5,0.32275,19.75,24.5,0.81325,11.5,35.0,46.5,23.0,10.0,3.75,20.75,20.5,105.25,0.5602499999999999,0.5155000000000001,0.3175,0.29725,27.924999999999997,81.025,54.9,59.75,9.825,7.65,18.025,100.0,104.15,108.75,52.19375,52.19375,2.02425,0.44275
201512180BOS,ATL,240.0,36.5,80.0,0.458,8.25,26.5,0.32075,15.5,19.5,0.8075,5.25,27.0,32.25,24.75,10.5,5.25,13.0,19.0,96.75,0.5459999999999999,0.5095000000000001,0.33025000000000004,0.2455,11.8,74.775,41.075,68.125,11.0,9.125,12.725000000000001,100.0,101.55000000000001,109.3,48.50625,48.50625,1.9925000000000002,0.509,ATL,240.0,38.5,79.5,0.48575,9.5,19.75,0.48224999999999996,17.5,21.75,0.8145,9.5,37.25,46.75,24.0,7.0,2.75,18.5,17.25,104.0,0.5854999999999999,0.5467500000000001,0.2525,0.27775,25.25,88.19999999999999,58.925,62.5,7.325000000000001,5.225,17.25,100.0,109.3,101.55000000000001,49.415625000000006,49.415625000000006,2.106,0.48650000000000004
201512180CHI,DET,246.25,40.75,87.5,0.46625,10.0,24.0,0.4145,20.25,27.25,0.74075,12.25,33.75,46.0,18.5,8.25,4.75,14.25,20.5,111.75,0.56275,0.5237499999999999,0.2735,0.32049999999999995,28.225,78.07499999999999,53.375,44.949999999999996,8.325,7.475,12.474999999999998,100.0,112.525,103.6,51.221875,52.6115234375,2.1845,0.36175,DET,246.25,41.0,87.0,0.47175,6.25,19.5,0.30925,14.75,20.25,0.72125,9.5,30.5,40.0,21.25,6.25,3.25,16.25,22.25,103.0,0.53725,0.5075000000000001,0.22425000000000003,0.23625000000000002,21.925,71.775,46.625,52.0,6.25,5.0249999999999995,14.5,100.0,103.6,112.52499999999999,51.684375,53.04016926999999,1.98975,0.41225
201512180DAL,MEM,240.0,37.0,77.75,0.47600000000000003,7.25,18.25,0.4119999999999999,17.0,23.5,0.7437499999999999,6.75,31.5,38.25,23.75,8.0,4.5,13.75,20.75,98.25,0.56,0.52275,0.23475000000000001,0.30125,17.650000000000002,79.325,49.400000000000006,65.1,8.625,8.475,13.524999999999999,100.0,105.17500000000001,111.27499999999999,47.956250000000004,47.956250000000004,2.0507500000000003,0.49575,MEM,240.0,37.75,81.75,0.46325,10.75,26.75,0.3885,17.75,23.0,0.7525000000000001,8.25,31.0,39.25,21.25,7.0,3.75,12.75,17.25,104.0,0.567,0.5295,0.3295,0.28450000000000003,20.675,82.375,50.6,56.25,7.55,6.325,12.15,100.0,111.275,105.17500000000001,48.5875,48.5875,2.1435,0.4365
201512180GSW,MIL,240.0,38.75,85.75,0.45124999999999993,4.75,13.5,0.3535,11.75,16.25,0.73975,11.25,29.5,40.75,23.5,9.25,5.25,13.25,21.0,94.0,0.50475,0.4785,0.15725,0.19,25.55,70.75,47.675000000000004,60.224999999999994,10.025,9.225,12.450000000000001,100.0,102.10000000000001,109.525,47.734375,47.734375,1.96725,0.48875,MIL,240.0,36.75,80.75,0.45775,8.5,23.75,0.3665,18.25,24.25,0.7512500000000001,12.5,32.5,45.0,22.5,8.0,5.75,15.0,17.75,100.25,0.551,0.511,0.293,0.3027500000000001,29.25,74.45,52.325,60.95,8.7,7.975,14.2,100.0,109.525,102.1,47.384375000000006,47.384375000000006,2.11975,0.47450000000000003
201512180IND,BRK,240.0,36.25,80.5,0.45075,5.5,17.0,0.3275,17.0,21.75,0.7752499999999999,10.0,30.75,40.75,21.5,5.25,1.5,14.5,19.75,95.0,0.5275000000000001,0.48525,0.21199999999999997,0.2755,23.625,78.02499999999999,49.5,59.85,5.7250000000000005,2.65,13.775,100.0,103.025,109.725,47.66562499999999,47.66562499999999,1.9942499999999996,0.45225000000000004,BRK,240.0,39.5,81.0,0.49075,7.0,24.25,0.306,15.25,21.0,0.72075,8.75,32.75,41.5,21.25,10.5,3.75,12.5,18.5,101.25,0.56425,0.535,0.29775,0.26125,21.974999999999998,76.375,50.525000000000006,53.4,11.3,5.775,12.225000000000001,100.0,109.725,103.025,47.3625,47.3625,2.13975,0.44625000000000004
201512180MIA,TOR,246.25,32.5,81.0,0.40599999999999997,8.25,27.25,0.314,20.5,27.75,0.73675,9.75,33.0,42.75,14.5,9.0,8.25,12.5,20.25,93.75,0.50725,0.457,0.33099999999999996,0.34575,21.000000000000004,76.5,47.875,44.2,9.65,13.75,11.975,100.0,99.525,98.82500000000002,48.465624999999996,49.88880208249999,1.94025,0.2985,TOR,246.25,34.75,83.75,0.4145,8.5,22.5,0.38025000000000003,15.5,19.25,0.8019999999999999,10.25,36.5,46.75,18.5,5.75,6.25,16.0,20.75,93.5,0.50525,0.46499999999999997,0.267,0.22949999999999998,23.525,79.0,52.125,54.55,6.175,11.375,14.75,100.0,98.825,99.525,49.32187499999999,50.71152343749999,1.8912499999999999,0.37424999999999997
201512180MIN,SAC,240.0,39.5,83.25,0.47875,7.75,23.0,0.32375,17.0,24.75,0.6975,10.25,32.75,43.0,24.5,9.0,3.25,17.25,19.25,103.75,0.5562499999999999,0.52725,0.28225,0.303,23.25,69.575,47.224999999999994,61.85,9.05,6.0,15.425,100.0,105.67500000000001,101.35,51.003125,51.003125,2.04275,0.48325,SAC,240.0,35.0,85.75,0.40825,10.5,31.5,0.327,19.0,26.0,0.72925,14.5,34.5,49.0,20.0,10.25,3.75,18.0,23.5,99.5,0.512,0.46925,0.368,0.304,30.425,76.75,52.775,57.025000000000006,10.274999999999999,5.775,15.625,100.0,101.35,105.675,50.800000000000004,50.800000000000004,1.9645,0.39499999999999996
201512180ORL,POR,240.0,38.25,89.5,0.4275,10.5,28.25,0.367,15.75,20.75,0.7304999999999999,13.75,33.0,46.75,19.75,6.0,2.75,13.0,21.25,102.75,0.5212500000000001,0.48624999999999996,0.317,0.23824999999999996,29.424999999999997,79.35,53.075,52.074999999999996,6.374999999999999,4.925000000000001,11.575000000000001,100.0,109.75,110.675,49.303125,49.303125,2.08825,0.40075,POR,240.0,37.25,79.75,0.4685,8.0,23.75,0.31575000000000003,21.25,27.5,0.75975,8.5,33.0,41.5,16.5,6.5,6.75,11.75,18.25,103.75,0.56575,0.5185,0.296,0.34675,20.65,70.575,46.925,44.45,6.8999999999999995,11.549999999999999,11.2,100.0,110.675,109.75,48.03125,48.03125,2.1635,0.34625
201512180PHI,NYK,240.0,35.0,80.25,0.4375,8.5,23.0,0.37525000000000003,21.75,28.25,0.7669999999999999,10.25,33.25,43.5,20.5,6.0,5.5,13.25,21.25,100.25,0.542,0.49075,0.28625,0.35225,23.275,72.95,48.275,58.824999999999996,6.35,7.450000000000001,12.399999999999999,100.0,106.97500000000001,111.30000000000001,48.334375,48.334375,2.0775,0.4235,NYK,240.0,41.0,90.75,0.45425,5.5,19.75,0.27325,16.75,20.5,0.83375,12.25,33.75,46.0,21.5,7.0,1.75,10.0,22.75,104.25,0.52475,0.4855,0.21975,0.23125,27.05,76.725,51.725,52.6,7.425000000000001,3.05,9.15,100.0,111.3,106.97500000000001,49.11874999999999,49.11874999999999,2.1262499999999998,0.43724999999999997
201512180PHO,NOP,240.0,37.25,80.75,0.462,10.0,22.25,0.441,17.0,21.0,0.7889999999999999,6.25,33.5,39.75,19.0,9.0,4.25,11.25,21.5,101.5,0.5660000000000001,0.5249999999999999,0.27875,0.26625,16.05,82.95,49.5,50.425,9.75,8.25,11.075,100.0,109.97500000000001,108.575,47.8625,47.8625,2.1277500000000003,0.395,NOP,240.0,35.0,76.5,0.45825,10.0,24.75,0.4,20.5,27.0,0.7497499999999999,7.0,34.25,41.25,22.25,6.75,4.0,12.5,17.0,100.5,0.56925,0.52275,0.322,0.35650000000000004,17.05,83.94999999999999,50.5,63.025,7.2250000000000005,6.6499999999999995,12.375,100.0,108.575,109.975,47.41250000000001,47.41250000000001,2.1217499999999996,0.46775
201512180SAS,LAC,246.25,38.25,86.5,0.44375,8.75,21.5,0.40700000000000003,13.0,17.25,0.7525000000000001,10.5,32.25,42.75,26.0,8.0,3.0,12.25,17.0,98.25,0.52425,0.49575,0.25125000000000003,0.20500000000000002,23.025,69.975,46.725,68.425,8.5,4.3999999999999995,11.599999999999998,100.0,105.7,101.0,48.221875000000004,49.57766927,2.0375,0.53825,LAC,246.25,35.25,85.75,0.41174999999999995,5.75,19.25,0.299,17.75,22.0,0.8170000000000001,13.75,35.0,48.75,18.75,7.5,3.5,14.0,19.0,94.0,0.49250000000000005,0.44525,0.22499999999999998,0.25925,30.025000000000002,76.97500000000001,53.275,53.575,8.125,5.85,12.700000000000001,100.0,101.0,105.69999999999999,48.224999999999994,49.614648437499994,1.9492499999999997,0.393
201512180UTA,DEN,246.25,37.25,81.25,0.46225,9.0,23.75,0.39025000000000004,19.25,26.25,0.7245,10.75,36.25,47.0,22.5,8.75,4.75,15.25,20.5,102.75,0.556,0.518,0.29100000000000004,0.32425000000000004,27.775000000000002,81.3,55.675,60.9,9.225,7.699999999999999,14.149999999999999,100.0,108.55,105.525,49.109375,50.4853515625,2.1055,0.4615,DEN,246.25,38.25,84.75,0.45199999999999996,7.5,21.25,0.32025,16.25,20.25,0.79075,8.25,30.25,38.5,20.75,8.5,5.75,12.5,23.0,100.25,0.53525,0.49599999999999994,0.2475,0.24400000000000002,18.700000000000003,72.225,44.325,54.1,8.95,9.95,11.649999999999999,100.0,105.525,108.55,49.309375,50.64759114499999,2.04,0.42325
201512190HOU,LAC,246.25,39.75,82.5,0.4835,8.75,22.0,0.3975,16.75,24.25,0.7005,8.25,30.75,39.0,26.25,8.5,4.0,11.5,18.75,105.0,0.56625,0.5385,0.272,0.31000000000000005,20.075000000000003,70.375,45.875,66.075,9.0,5.775,11.05,100.0,112.1,108.69999999999999,48.634375,49.990169269999996,2.1645,0.53925,LAC,246.25,38.25,85.75,0.44625,6.5,18.25,0.3545,19.0,24.0,0.79625,13.0,33.25,46.25,20.0,7.25,3.0,13.25,23.5,102.0,0.5295,0.484,0.21349999999999997,0.28225,29.624999999999996,79.925,54.12499999999999,51.974999999999994,7.775,5.65,11.975000000000001,100.0,108.7,112.1,48.7,50.0896484375,2.0975,0.41475000000000006
201512190MEM,IND,240.0,40.5,86.5,0.469,7.75,23.75,0.318,14.5,19.25,0.7397499999999999,8.5,35.5,44.0,19.0,7.0,3.25,12.25,17.25,103.25,0.54425,0.51325,0.273,0.22225,19.8,75.80000000000001,49.125,46.65,7.325,5.4750000000000005,11.450000000000001,100.0,108.475,101.0,49.696875,49.696875,2.079,0.382,IND,240.0,35.75,86.25,0.41325,9.75,26.5,0.38675,15.25,18.0,0.83375,11.25,33.75,45.0,17.5,7.25,5.25,13.75,19.0,96.5,0.5115,0.46950000000000003,0.30724999999999997,0.21225,24.200000000000003,80.2,50.875,47.7,7.574999999999999,8.325,12.725,100.0,101.0,108.475,48.65,48.65,1.97675,0.3565
201512190NYK,CHI,265.0,41.0,92.25,0.447,7.5,22.0,0.3415,24.25,29.5,0.8015000000000001,11.5,40.5,52.0,22.0,5.75,7.25,14.0,19.25,113.75,0.543,0.48975,0.24425000000000002,0.3165,23.525,82.125,53.75,54.125,5.6000000000000005,10.325,11.899999999999999,100.0,108.125,99.375,54.381249999999994,61.5114583325,2.09025,0.41325,CHI,265.0,41.5,95.25,0.43374999999999997,7.5,23.75,0.31725000000000003,15.0,24.5,0.64425,9.5,36.0,45.5,25.0,7.0,5.75,11.25,23.5,105.5,0.49574999999999997,0.4735,0.25025000000000003,0.251,17.875,76.475,46.25,62.35,6.825000000000001,8.8,9.9,100.0,99.375,108.125,54.318749999999994,61.498437499999994,1.923,0.4660000000000001
201512190OKC,LAL,240.0,37.0,87.25,0.42425,8.5,27.0,0.31275,13.5,18.25,0.7115,12.75,30.75,43.5,22.25,7.5,4.25,15.5,22.25,96.0,0.5025,0.47250000000000003,0.30925,0.209,28.1,67.45,47.425,60.025,7.8,6.85,13.975,100.0,101.2,114.65,49.334375,49.334375,1.9485000000000001,0.4525,LAL,240.0,41.25,86.25,0.4790000000000001,9.25,22.75,0.39475,17.5,28.75,0.6,15.25,33.0,48.25,25.75,10.25,7.0,13.25,16.25,109.25,0.5525,0.5319999999999999,0.26075000000000004,0.33199999999999996,32.55,71.9,52.575,62.349999999999994,10.649999999999999,11.649999999999999,11.799999999999999,100.0,114.64999999999999,101.2,48.953125,48.953125,2.22675,0.52425
201512190WAS,CHO,246.25,37.0,82.5,0.44999999999999996,13.25,33.75,0.38925,18.5,21.5,0.8765000000000001,6.75,37.5,44.25,21.5,5.75,5.5,13.25,19.5,105.75,0.5755,0.53125,0.41075,0.2635,16.224999999999998,84.85,50.925,58.075,5.949999999999999,9.125,12.600000000000001,100.0,108.4,104.9,49.60625,50.9958984375,2.13225,0.4335,CHO,246.25,37.5,87.5,0.434,9.75,27.0,0.381,17.5,22.5,0.8095,6.75,35.25,42.0,22.75,8.0,6.0,10.5,18.5,102.25,0.53275,0.491,0.30600000000000005,0.26275,15.175,83.775,49.074999999999996,60.225,8.25,12.1,9.875,100.0,104.9,108.4,50.96875,52.3919270825,2.014,0.44925
201512200BRK,MIN,240.0,37.5,83.25,0.45299999999999996,5.5,17.0,0.336,20.0,23.75,0.8765000000000001,12.25,29.75,42.0,22.25,6.75,4.5,14.5,23.0,100.5,0.5395,0.48724999999999996,0.2045,0.30075,29.974999999999998,72.65,51.4,59.775,7.225,7.825000000000001,13.325000000000001,100.0,108.925,114.35000000000001,48.390625,48.390625,2.08175,0.46125,MIN,240.0,38.75,81.5,0.47850000000000004,8.75,23.0,0.3935,19.25,24.5,0.77825,11.0,28.5,39.5,25.5,9.25,6.5,13.5,22.0,105.5,0.5740000000000001,0.5325,0.28075,0.30225,27.35,70.025,48.625,65.975,10.0,9.85,12.775,100.0,114.35,108.92500000000001,47.81875,47.81875,2.2105,0.53225
201512200CLE,PHI,240.0,35.5,82.0,0.43675,9.75,27.25,0.356,13.0,20.25,0.6599999999999999,8.75,30.25,39.0,18.0,4.75,6.0,17.5,20.0,93.75,0.51725,0.49624999999999997,0.33225,0.2545,20.55,79.35,48.699999999999996,51.525000000000006,4.875,9.975000000000001,16.125,100.0,97.275,115.57499999999999,50.184375,50.184375,1.8655,0.35875,PHI,240.0,40.75,81.5,0.5005,7.75,21.0,0.3685,22.0,28.0,0.792,8.5,33.5,42.0,24.5,9.25,7.5,12.0,17.5,111.25,0.5947500000000001,0.54825,0.2585,0.34475,20.65,79.475,51.3,58.9,9.675,13.7,11.275,100.0,115.57500000000002,97.275,49.15,49.15,2.2602499999999996,0.49550000000000005
201512200DEN,NOP,240.0,34.0,78.75,0.43000000000000005,7.0,21.0,0.33825,21.75,26.0,0.8190000000000001,7.0,31.5,38.5,17.0,8.75,6.0,12.5,22.75,96.75,0.5375000000000001,0.47475,0.27075,0.34299999999999997,16.725,78.80000000000001,46.75,49.475,9.400000000000002,10.825,12.024999999999999,100.0,104.0,107.3,48.300000000000004,48.300000000000004,2.0135,0.35125,NOP,240.0,36.0,77.5,0.46425,8.5,22.0,0.38275000000000003,19.75,26.0,0.742,8.5,35.75,44.25,21.0,6.75,4.25,14.75,19.5,100.25,0.56425,0.519,0.285,0.34125,21.200000000000003,83.27499999999999,53.25,58.65,7.125,7.199999999999999,14.149999999999999,100.0,107.3,104.0,48.050000000000004,48.050000000000004,2.0877499999999998,0.435
201512200MIA,POR,240.0,35.0,83.75,0.41975,10.25,27.75,0.36475,19.5,25.5,0.7705,12.0,32.5,44.5,19.25,5.0,2.5,14.75,23.5,99.75,0.52675,0.482,0.33799999999999997,0.30899999999999994,26.0,77.025,50.75,55.699999999999996,5.25,4.075,13.475,100.0,105.575,111.30000000000001,49.306250000000006,49.306250000000006,2.0265,0.39025000000000004,POR,240.0,38.0,80.0,0.47600000000000003,5.25,18.75,0.25625000000000003,24.0,30.75,0.7845000000000001,9.75,33.75,43.5,16.0,7.25,6.25,12.75,20.5,105.25,0.56425,0.5095,0.23525000000000001,0.38475,22.975,74.0,49.25,42.05,7.6,11.774999999999999,11.875,100.0,111.3,105.575,48.803125,48.803125,2.16125,0.329
201512200ORL,ATL,240.0,38.0,82.5,0.46225,6.75,24.5,0.2815,17.75,21.0,0.8535,6.25,28.0,34.25,25.25,11.0,4.5,13.75,21.25,100.5,0.5479999999999999,0.5035000000000001,0.29725,0.25425000000000003,14.05,77.32499999999999,43.550000000000004,67.15,11.225000000000001,8.2,13.05,100.0,102.65,104.925,49.9875,49.9875,2.007,0.50575,ATL,240.0,37.25,78.75,0.47425,9.75,21.25,0.45875,18.25,23.0,0.80775,8.5,36.0,44.5,22.75,6.75,2.75,20.25,19.5,102.5,0.5785,0.53725,0.27399999999999997,0.29725,22.7,85.94999999999999,56.449999999999996,61.099999999999994,6.925000000000001,4.95,18.625,100.0,104.925,102.65,50.712500000000006,50.712500000000006,2.024,0.45100000000000007
201512200PHO,MIL,240.0,41.0,88.5,0.46349999999999997,4.75,15.25,0.318,14.5,19.25,0.75075,12.25,28.75,41.0,25.0,8.5,6.0,13.5,23.5,101.25,0.5209999999999999,0.49,0.17225000000000001,0.21700000000000003,27.375,66.55,46.8,60.7,8.975,10.1,12.125,100.0,106.5,114.17500000000001,49.446875,49.446875,2.04575,0.5037499999999999,MIL,240.0,38.75,85.0,0.45699999999999996,9.0,25.25,0.3655,21.5,27.75,0.7775000000000001,14.5,32.25,46.75,26.25,7.5,4.75,14.75,17.5,108.0,0.5569999999999999,0.5105000000000001,0.29624999999999996,0.32675,33.45,72.625,53.2,67.625,7.875,6.45,13.224999999999998,100.0,114.17500000000001,106.5,49.215625,49.215625,2.19775,0.5337500000000001
201512200TOR,SAC,240.0,40.25,81.5,0.49649999999999994,7.75,22.75,0.32675,15.5,21.5,0.724,9.0,31.5,40.5,25.0,8.75,2.5,16.75,19.0,103.75,0.5732499999999999,0.54575,0.28500000000000003,0.27025,22.1,70.22500000000001,46.974999999999994,62.050000000000004,9.05,4.825,15.35,100.0,108.05000000000001,104.1,49.731249999999996,49.731249999999996,2.093,0.50475,SAC,240.0,36.0,84.75,0.4255,10.5,30.5,0.342,17.25,22.25,0.78625,13.25,32.5,45.75,21.75,8.75,3.75,17.25,22.75,99.75,0.528,0.48675,0.359,0.26275000000000004,29.775,77.9,53.05,60.2,8.8,6.0,15.475,100.0,104.1,108.05,49.659375000000004,49.659375000000004,2.0162500000000003,0.441
201512210ATL,POR,240.0,34.5,81.5,0.4265,12.0,31.0,0.38875000000000004,18.5,23.75,0.78525,11.0,34.25,45.25,21.25,5.75,2.5,17.75,24.0,99.5,0.5437500000000001,0.50075,0.38525,0.29625,24.625,79.125,51.97500000000001,61.3,6.0,4.075,16.25,100.0,103.975,110.975,49.76562499999999,49.76562499999999,2.0002500000000003,0.42775,POR,240.0,39.0,80.0,0.48925,6.0,19.25,0.2795,22.25,30.25,0.73425,9.25,33.25,42.5,18.25,9.25,7.25,12.75,18.5,106.25,0.57175,0.5277499999999999,0.242,0.37825,20.875,75.375,48.025,46.275000000000006,9.7,14.475,11.900000000000002,100.0,110.975,103.97500000000001,48.934374999999996,48.934374999999996,2.17575,0.37625000000000003
201512210BOS,MIN,240.0,38.75,85.0,0.45875,4.25,15.25,0.29325,18.5,21.25,0.8967499999999999,11.75,32.25,44.0,24.0,8.0,4.75,11.75,21.75,100.25,0.534,0.484,0.177,0.25925000000000004,27.925,76.65,52.425,62.175,8.625,8.275000000000002,11.125,100.0,109.625,109.25000000000001,47.546875,47.546875,2.1100000000000003,0.5045,MIN,240.0,37.0,79.25,0.469,7.5,20.75,0.36975,18.25,23.5,0.77,9.5,30.25,39.75,25.0,7.0,5.0,13.5,20.5,99.75,0.558,0.5165,0.26175,0.29725,23.35,72.075,47.60000000000001,68.35,7.75,6.875,13.124999999999998,100.0,109.25,109.625,47.20625,47.20625,2.11775,0.529
201512210CHI,BRK,240.0,35.25,83.25,0.42225,6.0,18.0,0.33899999999999997,14.0,16.75,0.83175,8.5,30.25,38.75,22.75,6.25,2.75,12.25,19.5,90.5,0.49875,0.458,0.21825,0.20274999999999999,18.424999999999997,77.39999999999999,45.5,65.65,6.75,4.575,11.875,100.0,98.025,111.725,47.478125,47.478125,1.9080000000000001,0.48024999999999995,BRK,240.0,39.0,80.0,0.49075,6.5,20.5,0.3155,18.75,23.5,0.792,9.0,37.5,46.5,21.5,8.0,4.5,13.0,16.75,103.25,0.57425,0.532,0.25525,0.29375,22.6,81.575,54.525,55.175,8.600000000000001,6.9,12.675,100.0,111.72500000000001,98.025,47.58125,47.58125,2.1727499999999997,0.45075
201512210HOU,CHO,246.25,37.0,86.25,0.42975,11.25,32.75,0.34349999999999997,15.0,18.0,0.8547499999999999,9.5,37.25,46.75,21.5,6.5,5.25,14.25,18.5,100.25,0.53325,0.49575,0.381,0.21025,20.2,87.65,52.60000000000001,58.075,6.7,8.75,13.1,100.0,102.075,107.0,49.775000000000006,51.164648437500006,2.01325,0.432,CHO,246.25,39.5,87.25,0.4605,10.25,27.0,0.40599999999999997,15.5,19.0,0.83775,5.25,36.25,41.5,24.5,8.5,5.75,11.0,16.0,104.75,0.55725,0.5207499999999999,0.30674999999999997,0.21975,12.375,79.8,47.4,61.625,8.725000000000001,10.725,10.5,100.0,107.0,102.07499999999999,51.0125,52.4356770825,2.06275,0.4845
201512210LAC,OKC,246.25,38.5,79.0,0.48624999999999996,6.0,18.5,0.3125,24.0,30.0,0.7985,10.75,35.5,46.25,20.5,6.5,7.75,13.75,18.0,107.0,0.5800000000000001,0.524,0.23475000000000001,0.381,28.25,70.975,52.650000000000006,53.05,6.975,11.825000000000001,12.875,100.0,114.175,99.2,48.125,49.365234375,2.2235,0.42799999999999994,OKC,246.25,35.5,90.0,0.3945,9.75,26.25,0.37175,11.75,17.0,0.6975,14.25,27.0,41.25,17.5,7.0,2.0,14.75,23.5,92.5,0.47475,0.4485,0.29325,0.18874999999999997,29.025000000000002,71.75,47.35,48.474999999999994,7.475,3.2499999999999996,13.149999999999999,100.0,99.2,114.175,49.2875,50.5700520825,1.88275,0.359
201512210NYK,ORL,240.0,40.25,79.5,0.5075000000000001,7.25,18.0,0.3695,17.25,22.5,0.7775000000000001,8.0,33.75,41.75,24.5,12.75,4.25,14.75,18.25,105.0,0.59075,0.5545,0.22875,0.28075000000000006,19.700000000000003,81.2,51.824999999999996,60.849999999999994,13.475,8.725,14.225,100.0,111.125,99.65,48.46875,48.46875,2.167,0.506,ORL,240.0,34.5,77.5,0.4455,10.75,26.75,0.406,14.5,19.25,0.7609999999999999,7.75,31.0,38.75,23.0,6.5,3.0,17.75,20.5,94.25,0.54825,0.515,0.347,0.2505,18.8,80.30000000000001,48.175,66.94999999999999,6.875000000000001,4.675,17.1,100.0,99.64999999999999,111.125,48.321875,48.321875,1.9492500000000001,0.476
201512210SAS,IND,240.0,37.75,85.25,0.4415,8.25,26.75,0.31575000000000003,16.5,21.0,0.7769999999999999,10.5,36.5,47.0,17.75,7.25,3.25,12.5,18.25,100.25,0.53,0.48925,0.31525000000000003,0.2485,23.25,76.875,51.05,46.275,7.800000000000001,5.425000000000001,11.725000000000001,100.0,107.6,97.92500000000001,48.6125,48.6125,2.0585,0.36275,IND,240.0,33.75,84.5,0.39975,7.75,24.0,0.3405,15.75,18.5,0.839,11.0,34.0,45.0,16.25,6.75,5.25,12.5,19.5,91.0,0.49150000000000005,0.4455,0.284,0.22275,23.125,76.75,48.95,47.45,7.300000000000001,9.100000000000001,11.825,100.0,97.925,107.6,47.39375,47.39375,1.92025,0.34325
201512210UTA,PHO,240.0,37.75,82.25,0.4585,7.0,20.25,0.3515,16.5,21.5,0.764,9.25,33.75,43.0,21.75,9.5,3.25,18.75,23.0,99.0,0.54075,0.5017499999999999,0.247,0.2655,21.925,81.975,51.475,57.599999999999994,9.600000000000001,6.375,16.974999999999998,100.0,100.25,106.05,50.98125,50.98125,1.9455,0.424,PHO,240.0,37.75,78.75,0.47550000000000003,9.0,25.5,0.33475,20.75,27.5,0.74125,7.5,33.25,40.75,21.75,10.0,4.5,16.75,21.25,105.25,0.5775,0.531,0.32325000000000004,0.35475000000000007,18.025000000000002,78.075,48.525000000000006,56.325,10.075,7.1499999999999995,15.525000000000002,100.0,106.05,100.25,50.53125,50.53125,2.077,0.42699999999999994
201512210WAS,SAC,240.0,39.5,81.25,0.4885,7.5,21.0,0.34475,14.75,21.5,0.69275,8.0,33.0,41.0,24.25,9.25,4.0,16.75,19.25,101.25,0.56075,0.5365,0.263,0.27125,18.525,73.225,46.625,61.45,9.475000000000001,7.0,15.399999999999999,100.0,103.925,99.55,50.10625,50.10625,2.02325,0.48475,SAC,240.0,35.25,85.25,0.41525,8.75,28.75,0.30675,17.5,21.0,0.851,11.75,35.25,47.0,19.0,9.0,4.5,17.25,21.75,96.75,0.5135000000000001,0.46675,0.3385,0.24825000000000003,26.775,81.475,53.4,53.64999999999999,8.95,7.375,15.475,100.0,99.55000000000001,103.925,50.362500000000004,50.362500000000004,1.9260000000000002,0.37975
201512220DEN,LAL,240.0,35.5,86.75,0.40925,8.25,27.75,0.29425,14.5,20.0,0.7085,12.5,30.0,42.5,20.75,8.25,3.5,15.25,22.0,93.75,0.48899999999999993,0.45625000000000004,0.31975,0.22999999999999998,27.175000000000004,66.35000000000001,45.925000000000004,57.8,8.55,5.775,13.725,100.0,98.45,116.47500000000001,49.5,49.5,1.89775,0.42125000000000007,LAL,240.0,41.75,86.75,0.48175,10.0,24.0,0.406,18.0,28.75,0.62,15.5,34.5,50.0,26.25,9.5,6.25,13.75,16.5,111.5,0.56125,0.5389999999999999,0.27449999999999997,0.33025,33.65,72.82499999999999,54.075,62.8,9.825,10.575,12.125,100.0,116.475,98.45,49.328125,49.328125,2.255,0.53025
201512220MIA,DET,271.25,44.0,95.25,0.46375,9.5,24.5,0.391,24.25,34.75,0.7155,12.75,37.25,50.0,21.0,7.75,3.5,13.5,24.0,121.75,0.5565,0.5157499999999999,0.2595,0.37024999999999997,27.15,77.75,53.025000000000006,46.974999999999994,7.324999999999999,4.875,11.174999999999999,100.0,112.65,106.3,56.253125,64.8224609375,2.1695,0.371,DET,271.25,44.5,97.0,0.4635,6.0,20.5,0.28275000000000006,20.25,25.25,0.7657499999999999,11.25,33.25,44.5,21.0,6.25,4.25,15.0,27.0,115.25,0.53525,0.495,0.21375000000000002,0.253,22.25,72.85000000000001,46.975,47.225,5.9,5.5,12.375,100.0,106.30000000000001,112.64999999999999,56.371875,64.8578776025,2.0380000000000003,0.37825000000000003
201512220PHI,MEM,240.0,35.75,79.25,0.4515,6.5,17.5,0.3865,17.25,22.0,0.80775,7.5,33.75,41.25,21.75,8.5,4.75,12.75,19.25,95.25,0.53725,0.49275,0.221,0.27825,18.35,75.8,48.5,60.900000000000006,9.175,8.625,12.525000000000002,100.0,102.25,100.30000000000001,47.474999999999994,47.474999999999994,2.0065,0.4565,MEM,240.0,34.75,81.75,0.4245,8.25,26.25,0.3185,15.75,21.25,0.73725,10.75,33.25,44.0,20.75,7.25,3.75,16.0,16.75,93.5,0.51325,0.47474999999999995,0.3235,0.262,24.2,81.675,51.5,59.2,7.800000000000001,6.175000000000001,14.974999999999998,100.0,100.30000000000001,102.25,48.546875,48.546875,1.925,0.42574999999999996
201512220TOR,DAL,240.0,35.75,83.5,0.431,11.0,31.75,0.3465,15.75,19.0,0.8105,9.5,36.5,46.0,20.75,6.5,2.75,14.5,16.75,98.25,0.53625,0.497,0.38149999999999995,0.23075,21.175,83.02499999999999,51.725,58.275000000000006,6.85,4.625,13.674999999999999,100.0,103.25,105.75,48.7625,48.7625,2.01075,0.4255,DAL,240.0,37.5,83.5,0.44725,10.0,25.0,0.39375,15.75,20.75,0.7522499999999999,7.75,35.25,43.0,23.25,8.75,4.5,12.25,20.25,100.75,0.54375,0.5067499999999999,0.29825,0.25125000000000003,16.975,78.825,48.275000000000006,60.25,9.275,8.725,11.650000000000002,100.0,105.75,103.25,48.928124999999994,48.928124999999994,2.05475,0.47075
201512230ATL,DET,271.25,41.5,92.25,0.451,10.0,24.75,0.404,22.5,33.5,0.661,13.25,36.0,49.25,18.5,5.75,2.75,14.0,22.25,115.5,0.5447500000000001,0.509,0.27525,0.36225,27.900000000000002,74.25,51.425,43.95,5.425000000000001,3.675,12.05,100.0,110.3,109.17500000000001,54.45625,63.0255859375,2.12125,0.33499999999999996,DET,271.25,44.0,98.5,0.44925000000000004,6.25,21.0,0.29125,20.0,23.75,0.82125,12.75,33.5,46.25,20.0,6.75,5.5,12.25,26.0,114.25,0.5249999999999999,0.482,0.21625000000000003,0.232,25.75,72.10000000000001,48.575,45.175,6.799999999999999,8.325,9.875,100.0,109.17500000000001,110.3,54.640625,63.126627602499994,2.08975,0.36850000000000005
201512230BRK,DAL,240.0,36.25,84.25,0.433,10.25,30.75,0.33525,12.5,15.75,0.7735,7.75,35.25,43.0,20.75,7.25,3.75,13.0,20.0,95.25,0.52475,0.49424999999999997,0.3675,0.19325,17.325,79.35,47.975,57.525000000000006,7.7,6.925,12.424999999999999,100.0,101.25,104.075,48.490624999999994,48.490624999999994,1.96225,0.428,DAL,240.0,35.25,80.75,0.436,9.5,24.25,0.3885,18.0,23.75,0.74675,9.25,37.25,46.5,20.0,8.25,4.0,13.25,19.5,98.0,0.53825,0.49525,0.30075,0.29850000000000004,20.65,82.675,52.025000000000006,55.77499999999999,8.8,7.625,12.675,100.0,104.07499999999999,101.25,48.015625,48.015625,2.04,0.41400000000000003
201512230CHO,BOS,240.0,37.75,85.5,0.44100000000000006,10.25,26.25,0.399,16.0,21.25,0.74875,10.0,34.5,44.5,22.0,5.25,4.75,16.25,23.25,101.75,0.53525,0.50075,0.30725,0.2535,23.174999999999997,83.15,52.7,58.4,5.424999999999999,7.725,14.524999999999999,100.0,103.9,106.39999999999999,50.921875,50.921875,1.9900000000000002,0.43475,BOS,240.0,37.75,80.75,0.46775,6.25,19.25,0.3065,22.25,28.5,0.8045000000000001,7.0,33.0,40.0,18.25,7.5,5.25,12.25,21.5,104.0,0.55675,0.507,0.23900000000000002,0.35350000000000004,16.85,76.825,47.300000000000004,48.275,7.625,8.95,11.674999999999999,100.0,106.4,103.9,49.768750000000004,49.768750000000004,2.0854999999999997,0.36675
201512230CLE,NYK,240.0,39.25,82.0,0.47975,6.5,21.0,0.30975,20.0,24.5,0.82275,11.75,33.5,45.25,23.0,5.25,6.0,13.75,16.25,105.0,0.56725,0.51925,0.25775,0.2965,27.924999999999997,75.625,52.4,58.95,5.625,8.975000000000001,12.950000000000001,100.0,112.525,106.57499999999999,47.81875,47.81875,2.197,0.47975,NYK,240.0,40.0,89.5,0.45075,6.25,22.0,0.28325,13.0,18.0,0.7727499999999999,11.5,30.0,41.5,18.0,8.5,2.75,11.0,20.5,99.25,0.51275,0.48624999999999996,0.24975,0.2095,24.375,72.07499999999999,47.60000000000001,44.900000000000006,9.075,4.5249999999999995,10.2,100.0,106.57499999999999,112.525,48.775000000000006,48.775000000000006,2.04,0.37024999999999997
201512230GSW,UTA,240.0,33.5,74.5,0.45125,7.25,20.25,0.34575,21.25,27.0,0.7902499999999999,7.0,31.0,38.0,16.5,7.0,3.5,11.75,19.5,95.5,0.55275,0.50025,0.274,0.36450000000000005,17.825,75.325,47.4,49.474999999999994,7.9,6.550000000000001,12.05,100.0,107.95,113.1,46.0375,46.0375,2.0725,0.35925,UTA,240.0,34.5,76.5,0.4525,8.0,23.5,0.35275,22.75,25.5,0.891,10.25,31.75,42.0,16.25,7.0,2.0,12.0,21.75,99.75,0.56975,0.50525,0.3065,0.3345,24.675,82.175,52.6,46.35000000000001,7.975,3.875,12.0,100.0,113.1,107.95,45.18125,45.18125,2.2115,0.36050000000000004
201512230IND,SAC,240.0,38.25,80.75,0.47725,8.5,22.5,0.37725000000000003,16.25,23.0,0.70975,8.75,32.75,41.5,24.25,9.75,4.0,17.5,18.25,101.25,0.56,0.5307499999999999,0.28049999999999997,0.28875,20.55,77.45,49.10000000000001,63.4,10.0,6.875,15.975000000000001,100.0,104.35,104.075,50.2125,50.2125,2.01925,0.48375,SAC,240.0,37.5,85.25,0.44225000000000003,10.0,27.5,0.375,15.75,18.25,0.875,9.5,33.5,43.0,22.5,9.0,4.25,15.5,21.0,100.75,0.5422500000000001,0.50125,0.3235,0.21525,22.549999999999997,79.45,50.925000000000004,59.224999999999994,8.975,7.225,14.200000000000001,100.0,104.07499999999999,104.35000000000001,49.959375,49.959375,2.02325,0.45375
201512230LAL,OKC,240.0,39.75,80.5,0.49324999999999997,5.25,17.5,0.28800000000000003,21.25,27.5,0.7735000000000001,11.25,35.5,46.75,21.25,7.25,5.5,14.0,17.5,106.0,0.57225,0.5257499999999999,0.21825,0.34475,28.25,73.3,52.800000000000004,53.325,7.75,8.850000000000001,13.05,100.0,112.65,99.05,48.15625,48.15625,2.201,0.4435,OKC,240.0,36.0,88.25,0.40850000000000003,9.5,26.25,0.36025,11.25,15.5,0.726,12.75,28.75,41.5,19.25,7.25,2.25,15.25,21.25,92.75,0.48825,0.46199999999999997,0.298,0.17575000000000002,26.700000000000003,71.75,47.2,52.3,7.725,3.5,13.774999999999999,100.0,99.05,112.65,49.05625,49.05625,1.8975,0.39675
201512230MIL,PHI,240.0,34.25,76.0,0.455,7.5,24.25,0.306,18.75,29.0,0.6475,9.25,30.5,39.75,17.25,6.0,3.0,20.5,21.5,94.75,0.538,0.505,0.3215,0.386,23.15,81.19999999999999,51.849999999999994,50.775,6.175,4.675,18.85,100.0,97.7,115.0,50.5125,50.5125,1.8765,0.34224999999999994,PHI,240.0,42.0,83.25,0.507,8.0,20.0,0.39125,19.5,24.25,0.8067500000000001,7.75,29.75,37.5,26.75,11.5,5.5,12.25,20.5,111.5,0.5960000000000001,0.5549999999999999,0.24074999999999996,0.2915,18.8,76.85,48.150000000000006,63.55,11.925,10.575,11.524999999999999,100.0,115.0,97.69999999999999,49.634375000000006,49.634375000000006,2.24625,0.5387500000000001
201512230MIN,SAS,240.0,43.75,83.5,0.52525,8.25,20.5,0.40475,17.5,20.75,0.8475000000000001,8.5,36.5,45.0,26.25,7.75,5.5,9.75,20.5,113.25,0.6124999999999999,0.57525,0.247,0.2535,22.45,80.525,53.949999999999996,59.95,8.35,8.525,9.55,100.0,122.62499999999999,101.275,47.303124999999994,47.303124999999994,2.3975,0.5545,SAS,240.0,35.25,81.25,0.436,5.75,17.25,0.3145,17.5,24.25,0.73225,9.0,29.75,38.75,21.0,6.25,4.5,11.75,19.5,93.75,0.51025,0.47225,0.2155,0.309,19.475,77.55,46.050000000000004,59.599999999999994,6.825,7.075,11.3,100.0,101.275,122.62499999999999,47.759375,47.759375,1.962,0.43925
201512230NOP,POR,240.0,35.25,81.5,0.43574999999999997,10.0,29.0,0.33925,17.0,22.0,0.77725,12.0,33.25,45.25,20.25,5.25,2.25,18.5,23.75,97.5,0.5375000000000001,0.49774999999999997,0.3605,0.27475000000000005,27.35,80.575,53.675,57.099999999999994,5.525,3.95,16.950000000000003,100.0,102.50000000000001,112.925,49.224999999999994,49.224999999999994,1.982,0.41325,POR,240.0,39.25,78.75,0.49975,6.25,20.25,0.277,22.75,30.5,0.7449999999999999,8.5,31.5,40.0,19.75,9.0,5.25,13.0,17.25,107.5,0.5855,0.5405,0.26,0.387,19.425,72.65,46.325,50.05,9.5,10.325,12.250000000000002,100.0,112.925,102.50000000000001,48.86875,48.86875,2.2039999999999997,0.40700000000000003
201512230ORL,HOU,240.0,33.75,79.25,0.42825,9.75,30.75,0.31625000000000003,26.0,38.75,0.6804999999999999,13.0,35.5,48.5,21.0,9.0,5.5,17.0,26.75,103.25,0.53725,0.48925,0.38775000000000004,0.49475,27.975,78.525,53.7,62.150000000000006,9.024999999999999,10.825,15.1,100.0,105.7,98.325,50.828125,50.828125,2.0355,0.41325,HOU,240.0,34.25,82.0,0.42,9.75,31.75,0.312,18.25,26.75,0.66825,9.5,32.0,41.5,22.0,9.0,4.25,16.25,27.25,96.5,0.5165,0.47975,0.3855,0.32775,21.475,72.025,46.3,64.425,9.05,8.65,14.600000000000001,100.0,98.32499999999999,105.69999999999999,50.728125000000006,50.728125000000006,1.9007500000000002,0.434
201512230PHO,DEN,240.0,39.5,84.5,0.46975,10.5,26.5,0.404,18.5,23.25,0.8002499999999999,12.75,28.75,41.5,22.75,6.5,4.75,11.25,23.75,108.0,0.571,0.53075,0.311,0.28150000000000003,31.225,78.075,53.275000000000006,57.025,7.25,8.325,10.775,100.0,118.325,119.79999999999998,47.021875,47.021875,2.2935,0.48150000000000004,DEN,240.0,38.5,78.0,0.4935,8.0,21.25,0.38175000000000003,24.5,31.75,0.76975,8.25,28.25,36.5,19.25,6.0,6.0,11.0,21.5,109.5,0.5945,0.54525,0.2725,0.40650000000000003,21.925,68.775,46.725,49.85,6.625,10.024999999999999,10.725,100.0,119.80000000000001,118.325,47.915625,47.915625,2.28025,0.402
201512230WAS,MEM,240.0,34.75,81.0,0.42825,5.25,17.5,0.303,18.5,24.25,0.7725,8.25,32.25,40.5,21.75,10.5,4.25,11.5,20.5,93.25,0.5077499999999999,0.46075,0.21699999999999997,0.30075,19.15,74.875,47.05,62.375,11.275,8.35,11.150000000000002,100.0,100.05000000000001,98.9,47.88437499999999,47.88437499999999,1.94725,0.45200000000000007,MEM,240.0,33.25,76.75,0.4345,7.75,26.0,0.30075,18.0,24.25,0.75125,10.75,34.75,45.5,20.0,6.5,3.75,19.0,18.75,92.25,0.5285000000000001,0.48474999999999996,0.34075,0.325,25.125,80.85,52.95,59.650000000000006,7.0,6.050000000000001,17.875,100.0,98.9,100.04999999999998,48.259375,48.259375,1.9105,0.413
201512250GSW,CLE,240.0,37.25,83.5,0.44625,9.0,24.75,0.35724999999999996,14.5,17.25,0.83975,10.5,33.5,44.0,23.5,7.0,4.5,11.75,18.25,98.0,0.538,0.49949999999999994,0.296,0.206,24.575000000000003,74.575,50.949999999999996,63.075,7.725,7.6,11.4,100.0,108.80000000000001,96.575,46.471875,46.471875,2.10575,0.50475,CLE,240.0,31.25,82.25,0.38349999999999995,6.25,23.0,0.27549999999999997,18.0,22.0,0.8379999999999999,11.5,31.0,42.5,18.75,6.0,5.5,13.0,17.5,86.75,0.47425,0.42175,0.278,0.27075,25.424999999999997,75.425,49.05,59.85,6.675,9.4,12.25,100.0,96.575,108.80000000000001,47.099999999999994,47.099999999999994,1.84875,0.402
201512250HOU,SAS,240.0,44.25,85.25,0.5195,8.5,21.25,0.40175,13.75,17.5,0.7945000000000001,9.75,35.0,44.75,26.25,8.0,7.25,10.75,19.75,110.75,0.596,0.56975,0.25025,0.20625000000000002,25.275,79.45,54.025000000000006,59.3,8.675,11.425,10.375,100.0,120.35,102.27499999999999,47.28125,47.28125,2.343,0.55475,SAS,240.0,34.75,79.5,0.439,5.75,17.0,0.32125000000000004,19.0,26.25,0.7262500000000001,9.25,29.25,38.5,21.25,5.5,4.25,12.25,18.0,94.25,0.51825,0.47575,0.2155,0.342,20.55,74.725,45.975,61.349999999999994,6.0,6.525,11.850000000000001,100.0,102.275,120.35,47.484375,47.484375,1.98425,0.4475
201512250LAL,LAC,240.0,36.75,80.0,0.4615,9.75,26.25,0.387,18.25,26.75,0.6982499999999999,8.25,31.75,40.0,22.5,7.5,5.25,12.25,20.75,101.5,0.55525,0.523,0.327,0.34349999999999997,19.95,72.65,46.65,61.575,8.05,8.4,11.774999999999999,100.0,109.475,110.625,48.353125000000006,48.353125000000006,2.10825,0.46825,LAC,240.0,38.75,84.0,0.46099999999999997,6.75,19.25,0.34850000000000003,18.75,26.0,0.76075,12.0,34.0,46.0,22.25,8.25,5.25,11.25,24.0,103.0,0.53875,0.5015000000000001,0.23225,0.32025000000000003,27.349999999999998,80.05,53.35,57.650000000000006,8.925,10.05,10.5,100.0,110.625,109.475,47.8,47.8,2.1525,0.46599999999999997
201512250MIA,NOP,240.0,36.25,76.75,0.46950000000000003,9.5,24.5,0.38375,27.25,32.0,0.859,8.25,31.0,39.25,19.5,6.5,7.0,13.0,21.5,109.25,0.5995,0.5305,0.31775000000000003,0.4225,21.075,71.82499999999999,47.4,52.900000000000006,7.075,11.125,12.425,100.0,117.975,111.07499999999999,48.349999999999994,48.349999999999994,2.263,0.40125,NOP,240.0,38.5,85.5,0.4545,9.25,24.75,0.36524999999999996,16.75,23.0,0.7164999999999999,13.0,31.0,44.0,20.25,6.5,4.25,12.25,23.5,103.0,0.5425,0.50775,0.28725,0.27925,28.174999999999997,78.92500000000001,52.599999999999994,52.349999999999994,6.925000000000001,8.05,11.45,100.0,111.075,117.975,47.837500000000006,47.837500000000006,2.1519999999999997,0.422
201512250OKC,CHI,265.0,42.0,98.75,0.4265,7.0,23.25,0.2965,17.75,23.25,0.7035,15.5,34.25,49.75,23.0,6.25,6.0,14.0,21.75,108.75,0.4975,0.46299999999999997,0.23975,0.22649999999999998,28.874999999999996,74.44999999999999,50.150000000000006,55.050000000000004,6.225,8.1,11.5,100.0,104.4,106.7,54.146875,61.2770833325,1.999,0.4355,CHI,265.0,43.0,94.0,0.4575,6.25,22.0,0.28475,18.75,28.0,0.712,12.25,37.5,49.75,25.0,7.0,3.75,12.25,20.75,111.0,0.52325,0.49075,0.23525,0.29525,25.55,71.125,49.85,60.3,6.9,5.175,10.7,100.0,106.7,104.4,53.64999999999999,60.82968749999999,2.0635000000000003,0.47150000000000003
201512260ATL,NYK,240.0,38.0,81.25,0.4685,5.75,19.75,0.29275,17.5,21.0,0.849,10.5,33.25,43.75,20.75,6.0,5.25,13.0,16.25,99.25,0.5489999999999999,0.504,0.24475000000000002,0.257,25.85,76.17500000000001,51.849999999999994,54.875,6.55,8.725000000000001,12.575,100.0,108.72500000000001,106.1,46.8625,46.8625,2.1165,0.4425,NYK,240.0,37.5,85.0,0.44325000000000003,6.5,22.25,0.2925,15.0,20.75,0.74275,11.0,30.0,41.0,18.5,7.0,3.25,11.0,18.5,96.5,0.51475,0.48124999999999996,0.264,0.25,23.825000000000003,74.15,48.150000000000006,50.375,7.675,5.2749999999999995,10.4,100.0,106.1,108.725,47.428124999999994,47.428124999999994,2.04075,0.39449999999999996
201512260BRK,WAS,240.0,38.5,82.0,0.47000000000000003,9.25,21.0,0.41824999999999996,18.0,21.0,0.85525,7.75,31.75,39.5,26.25,7.0,3.75,12.75,18.5,104.25,0.57225,0.5265,0.2565,0.2565,18.875,74.75,47.62500000000001,68.0,7.35,6.025,12.25,100.0,110.94999999999999,107.775,48.4875,48.4875,2.14975,0.5417500000000001,WAS,240.0,38.25,84.75,0.4535,7.0,23.5,0.29025,17.75,23.25,0.7755000000000001,11.25,32.5,43.75,22.0,9.75,5.75,12.75,18.5,101.25,0.5345,0.49375,0.27449999999999997,0.28375,25.25,81.125,52.375,56.550000000000004,10.475,9.3,11.65,100.0,107.775,110.95,48.646874999999994,48.646874999999994,2.0835,0.44825000000000004
201512260CHO,MEM,240.0,35.0,80.0,0.43749999999999994,4.75,17.0,0.28125,20.0,25.25,0.80175,8.5,30.5,39.0,18.0,12.25,4.75,10.25,19.75,94.75,0.51975,0.46699999999999997,0.2135,0.31975,20.05,72.55,46.2,50.375,13.399999999999999,9.399999999999999,10.075,100.0,103.80000000000001,101.8,46.871874999999996,46.871874999999996,2.0205,0.38050000000000006,MEM,240.0,33.0,75.75,0.43674999999999997,8.25,26.25,0.317,18.5,24.25,0.7775000000000001,11.5,33.75,45.25,21.0,6.0,2.75,19.0,20.25,92.75,0.537,0.49075,0.34724999999999995,0.32775,27.45,79.95,53.8,62.75,6.549999999999999,4.325,18.0,100.0,101.80000000000001,103.79999999999998,47.384375000000006,47.384375000000006,1.958,0.44275
201512260DAL,CHI,265.0,42.5,100.25,0.42475,6.5,21.75,0.3,19.0,23.5,0.7575,17.25,34.5,51.75,23.0,7.0,6.0,14.5,22.25,110.5,0.498,0.45775,0.21900000000000003,0.2255,32.575,69.325,50.2,54.325,6.9750000000000005,7.550000000000001,11.7,100.0,105.875,109.275,54.33125,61.4614583325,2.02625,0.43375,CHI,265.0,44.25,99.0,0.4485,6.5,23.25,0.2815,18.75,26.75,0.74325,15.5,36.0,51.5,23.25,8.5,3.25,12.25,19.5,113.75,0.516,0.48150000000000004,0.23525,0.26325,30.675,67.42500000000001,49.8,52.725,8.424999999999999,4.175,10.225000000000001,100.0,109.27499999999999,105.875,54.22812499999999,61.40781249999999,2.09775,0.43075
201512260DET,BOS,240.0,39.75,85.0,0.4665,9.75,25.5,0.389,18.75,24.25,0.7557499999999999,9.5,37.0,46.5,23.75,6.0,4.25,17.0,26.25,108.0,0.56425,0.5235,0.30050000000000004,0.28975,23.349999999999998,81.55000000000001,54.099999999999994,59.675000000000004,6.050000000000001,6.875,15.075000000000001,100.0,108.55000000000001,104.275,52.009375000000006,52.009375000000006,2.0782499999999997,0.461,BOS,240.0,36.0,81.5,0.44175,6.25,20.5,0.291,25.75,34.0,0.7592500000000001,8.5,31.0,39.5,18.75,7.75,5.0,12.75,21.75,104.0,0.5387500000000001,0.48050000000000004,0.25175,0.42025,18.45,76.65,45.9,52.85,7.75,8.45,11.65,100.0,104.275,108.55000000000001,50.949999999999996,50.949999999999996,2.03925,0.36775
201512260MIL,TOR,246.25,36.5,86.25,0.42974999999999997,9.25,28.75,0.3375,18.75,23.5,0.81275,9.5,37.0,46.5,17.0,7.5,5.5,11.0,17.75,101.0,0.5295,0.48475,0.33124999999999993,0.27749999999999997,21.1,88.55000000000001,53.724999999999994,46.675000000000004,7.9,9.975,10.275,100.0,105.775,105.775,49.45625,50.8794270825,2.0575,0.34650000000000003,TOR,246.25,38.0,81.75,0.46725,9.75,26.0,0.37825,15.75,20.75,0.76,4.75,35.5,40.25,22.75,6.25,7.5,11.75,21.5,101.5,0.5605,0.52725,0.3175,0.25775000000000003,11.45,78.9,46.275,59.75,6.525,13.15,11.5,100.0,105.77499999999999,105.775,49.30312500000001,50.69277343750001,2.0595,0.4615
201512260MIN,IND,240.0,36.5,86.25,0.42224999999999996,7.75,26.75,0.29300000000000004,15.75,21.5,0.71125,11.5,34.25,45.75,17.5,7.75,3.25,13.25,16.5,96.5,0.50325,0.4665,0.31250000000000006,0.25225000000000003,23.375,81.60000000000001,50.025,47.5,8.0,4.8,12.225000000000001,100.0,100.875,106.5,49.10625,49.10625,1.96175,0.3545,IND,240.0,41.25,86.75,0.47475,5.75,19.5,0.30924999999999997,13.5,15.75,0.86225,7.75,37.75,45.5,23.5,7.5,5.75,11.5,17.75,101.75,0.5427500000000001,0.50775,0.2245,0.183,18.400000000000002,76.625,49.97500000000001,56.6,7.8999999999999995,9.725000000000001,10.850000000000001,100.0,106.5,100.875,48.990624999999994,48.990624999999994,2.0785,0.47875
201512260NOP,HOU,240.0,35.0,76.0,0.4595,7.25,24.25,0.3195,22.25,33.25,0.6749999999999999,9.75,35.75,45.5,20.5,5.75,4.75,15.5,24.25,99.5,0.5485,0.5075000000000001,0.31875000000000003,0.4445,24.3,77.30000000000001,52.7,59.35000000000001,6.125,8.95,14.575,100.0,105.725,101.125,48.771875,48.771875,2.0397499999999997,0.4205,HOU,240.0,35.75,85.25,0.41925,8.75,28.75,0.3175,14.75,20.25,0.7484999999999999,10.25,30.25,40.5,22.75,8.5,4.0,12.5,24.5,95.0,0.5055,0.471,0.33825,0.239,22.7,75.7,47.3,64.15,9.0,7.8,11.725,100.0,101.125,105.725,48.559374999999996,48.559374999999996,1.9620000000000002,0.47224999999999995
201512260ORL,MIA,246.25,38.0,81.25,0.47175,7.75,23.0,0.33375000000000005,15.25,20.5,0.7685,7.75,32.5,40.25,19.25,8.5,6.25,11.5,15.0,99.0,0.553,0.52125,0.28625,0.255,18.299999999999997,78.05,48.25000000000001,50.599999999999994,9.149999999999999,11.775,11.175,100.0,107.15,108.07499999999999,47.36875,48.75970052,2.10175,0.4065,MIA,246.25,37.75,82.0,0.4625,10.5,26.25,0.39075,13.5,17.25,0.7789999999999999,8.75,33.25,42.0,19.0,7.75,2.75,14.75,16.75,99.5,0.55675,0.5275,0.32375,0.21275000000000002,21.95,81.69999999999999,51.74999999999999,50.35000000000001,8.274999999999999,4.825,13.975000000000001,100.0,108.07499999999999,107.15,48.096875,49.4669921875,2.08125,0.39475
201512260PHO,PHI,240.0,33.75,77.5,0.43925,6.25,22.75,0.278,19.5,30.25,0.6445,10.75,31.25,42.0,18.25,7.75,4.25,20.5,19.75,93.25,0.5165000000000001,0.48,0.2965,0.39549999999999996,25.075,79.25,51.5,54.175000000000004,7.924999999999999,6.199999999999999,18.475,100.0,95.65,110.825,50.809375,50.809375,1.8355000000000001,0.3595,PHI,240.0,42.75,85.0,0.50325,6.75,17.75,0.3765,15.75,20.25,0.7755000000000001,8.5,31.25,39.75,27.25,12.25,6.75,13.25,20.75,108.0,0.5762499999999999,0.5425,0.20875,0.238,20.75,74.925,48.5,63.55,12.625,11.925,12.375,100.0,110.82500000000002,95.65,49.684375,49.684375,2.17375,0.548
201512260POR,CLE,240.0,35.75,87.75,0.40975,8.25,26.5,0.312,16.75,21.0,0.7947500000000001,13.25,33.0,46.25,22.25,7.25,3.75,11.0,19.5,96.5,0.501,0.45675,0.30125,0.23975,27.625,76.0,50.949999999999996,61.275,7.875,6.1,10.125,100.0,105.2,97.95,47.7375,47.7375,2.027,0.47050000000000003,CLE,240.0,32.25,80.0,0.40549999999999997,5.25,19.5,0.27475,20.0,25.25,0.8089999999999999,10.5,34.0,44.5,19.5,6.25,6.5,14.5,19.5,89.75,0.49474999999999997,0.43875000000000003,0.24375000000000002,0.317,24.0,72.375,49.05,60.175000000000004,6.8,10.525,13.6,100.0,97.95,105.19999999999999,47.996875,47.996875,1.879,0.41
201512260SAS,DEN,240.0,39.75,89.0,0.44475000000000003,11.5,30.75,0.365,15.0,19.75,0.7305,13.5,30.75,44.25,23.25,5.75,5.0,12.0,22.25,106.0,0.5405,0.50775,0.34550000000000003,0.22475,30.075,78.35,52.375,57.875,6.175000000000001,8.9,10.95,100.0,112.775,115.65,48.440625000000004,48.440625000000004,2.184,0.47650000000000003,DEN,240.0,38.5,80.5,0.48,10.25,25.0,0.41175000000000006,21.25,28.25,0.738,8.75,31.5,40.25,19.25,6.75,5.0,12.75,20.25,108.5,0.5835,0.544,0.31175,0.3545,21.650000000000002,69.925,47.625,49.85,7.199999999999999,8.2,12.1,100.0,115.65,112.77499999999999,48.959375,48.959375,2.21375,0.39225
201512260UTA,LAC,240.0,37.25,82.5,0.45325000000000004,9.5,27.5,0.35225,15.25,23.5,0.67175,7.75,33.5,41.25,21.75,8.25,5.0,12.75,23.25,99.25,0.5355000000000001,0.51125,0.3335,0.29575,17.75,77.475,47.525000000000006,58.699999999999996,8.65,8.4,12.025,100.0,104.225,106.525,49.33125,49.33125,2.017,0.442,LAC,240.0,37.25,81.25,0.45699999999999996,7.25,21.0,0.34625000000000006,19.75,29.5,0.68625,9.75,36.0,45.75,21.25,8.5,4.25,12.25,22.0,101.5,0.53675,0.50175,0.2615,0.37024999999999997,22.525000000000002,82.25,52.475,57.1,8.95,8.125,11.5,100.0,106.525,104.225,48.88125,48.88125,2.0772500000000003,0.435
201512270BOS,NYK,240.0,37.75,80.25,0.471,6.0,21.0,0.28675,15.5,18.25,0.85275,10.0,32.0,42.0,21.0,5.5,5.75,14.75,15.25,97.0,0.55,0.50875,0.26275000000000004,0.22725,25.95,72.5,50.75,55.9,6.075,9.075,14.2,100.0,107.35,112.3,46.834375,46.834375,2.07225,0.44799999999999995,NYK,240.0,40.0,87.75,0.4565,7.0,22.5,0.31,14.5,17.75,0.80925,12.5,28.75,41.25,23.0,8.5,3.0,9.5,17.25,101.5,0.53275,0.49649999999999994,0.257,0.20375000000000001,27.5,74.05000000000001,49.25,57.80000000000001,9.325,5.125,8.975,100.0,112.30000000000001,107.35,46.590625,46.590625,2.17875,0.494
201512270MEM,LAL,240.0,33.5,84.0,0.40025,7.25,25.5,0.28475000000000006,15.25,24.0,0.6235,9.25,27.5,36.75,16.75,8.0,3.75,12.5,18.0,89.5,0.47275,0.44325000000000003,0.30400000000000005,0.28775,19.45,67.875,41.9,50.425,8.4,5.574999999999999,11.725,100.0,93.975,115.125,49.324999999999996,49.324999999999996,1.81425,0.33999999999999997,LAL,240.0,44.0,88.5,0.497,8.25,22.25,0.3705,13.5,18.0,0.7535,13.0,38.5,51.5,24.75,6.25,6.0,14.5,18.75,109.75,0.56825,0.544,0.2525,0.20425,32.125,80.55,58.1,56.825,6.550000000000001,9.925,13.1,100.0,115.125,93.975,49.275000000000006,49.275000000000006,2.2265,0.502
201512270OKC,DEN,240.0,41.5,90.75,0.45725,11.25,28.25,0.381,11.25,15.0,0.73875,11.75,30.5,42.25,25.75,4.75,4.75,12.25,21.25,105.5,0.5395,0.518,0.30925,0.16325,27.55,75.45,50.825,62.224999999999994,5.05,7.875,11.2,100.0,111.975,116.5,49.1875,49.1875,2.143,0.5235000000000001,DEN,240.0,39.75,82.5,0.48375,9.5,21.25,0.48675,20.5,26.25,0.78325,10.0,30.75,40.75,20.75,7.5,7.75,12.0,18.0,109.5,0.582,0.54175,0.257,0.3215,24.55,72.45,49.175,52.275,8.0,12.100000000000001,11.3,100.0,116.5,111.97500000000001,48.484375,48.484375,2.25775,0.42874999999999996
201512270SAC,POR,240.0,37.75,86.25,0.44125000000000003,8.5,27.0,0.31224999999999997,16.0,21.75,0.73725,14.0,35.75,49.75,22.75,7.0,3.5,14.5,19.5,100.0,0.526,0.491,0.31575,0.25325,29.85,86.075,57.0,59.75,7.4750000000000005,6.95,13.175,100.0,106.875,109.94999999999999,48.540625000000006,48.540625000000006,2.0597499999999997,0.4695,POR,240.0,37.25,78.5,0.475,11.25,28.5,0.4015,17.5,23.0,0.74575,6.0,32.0,38.0,23.75,7.0,4.5,12.25,17.0,103.25,0.58075,0.5465000000000001,0.363,0.29425,13.95,70.15,43.0,64.55,7.475,7.975,12.174999999999999,100.0,109.95000000000002,106.875,47.8375,47.8375,2.1542499999999998,0.4965
201512280CHI,TOR,240.0,38.25,82.25,0.46925000000000006,10.25,26.25,0.39175,17.25,21.25,0.8185,9.5,36.5,46.0,20.25,7.5,5.5,11.0,16.5,104.0,0.5715,0.5327500000000001,0.32025,0.264,22.85,86.92500000000001,55.3,52.275000000000006,8.2,9.225,10.625,100.0,113.275,104.95,46.921875,46.921875,2.228,0.43825,TOR,240.0,37.25,80.75,0.4635,8.75,22.25,0.39925,13.5,17.5,0.7807499999999999,5.5,31.5,37.0,23.25,5.75,6.5,11.75,20.0,96.75,0.54875,0.518,0.2755,0.222,13.075,77.15,44.699999999999996,62.575,6.175000000000001,11.674999999999999,11.8,100.0,104.94999999999999,113.275,47.65625,47.65625,2.02975,0.48725
201512280CHO,LAL,240.0,34.0,83.5,0.40825,7.25,25.75,0.28225,18.75,27.75,0.664,11.75,28.5,40.25,17.25,7.0,4.5,12.25,17.5,94.0,0.4907499999999999,0.45175000000000004,0.30875,0.3335,24.25,71.2,46.025,51.25,7.450000000000001,6.75,11.399999999999999,100.0,100.17500000000001,115.35,48.590624999999996,48.590624999999996,1.9340000000000002,0.35500000000000004,LAL,240.0,43.75,87.5,0.50075,7.5,21.5,0.34575,13.25,17.25,0.76525,11.75,36.0,47.75,25.25,7.5,6.25,13.25,20.75,108.25,0.5690000000000001,0.54375,0.246,0.1985,28.8,75.75,53.975,58.275,8.025,10.450000000000001,12.200000000000001,100.0,115.35,100.17499999999998,48.596875,48.596875,2.229,0.521
201512280DAL,MIL,240.0,42.0,84.0,0.50025,5.0,15.0,0.34525,15.0,19.5,0.7697499999999999,8.5,29.0,37.5,27.25,7.75,7.5,14.5,22.75,104.0,0.5625,0.53025,0.17875000000000002,0.23199999999999998,20.550000000000004,73.35000000000001,46.849999999999994,65.175,7.95,12.875,13.55,100.0,107.875,111.175,49.631249999999994,49.631249999999994,2.0925000000000002,0.5495,MIL,240.0,38.5,80.75,0.47625000000000006,9.25,23.25,0.397,20.5,27.25,0.756,10.75,31.75,42.5,26.0,8.5,5.75,16.25,18.75,106.75,0.5755,0.53325,0.28675,0.3355,26.650000000000002,79.45,53.14999999999999,66.75,8.8,8.299999999999999,14.75,100.0,111.175,107.875,49.596875,49.596875,2.1614999999999998,0.5285
201512280GSW,SAC,240.0,38.25,83.0,0.46125000000000005,7.25,22.5,0.324,17.5,23.25,0.74975,7.75,37.25,45.0,25.0,8.0,5.0,17.0,18.25,101.25,0.5447500000000001,0.506,0.273,0.2865,17.825,80.75,50.650000000000006,66.025,8.05,8.225,15.45,100.0,101.82499999999999,103.35,51.646874999999994,51.646874999999994,1.9635,0.48475,SAC,240.0,39.0,89.5,0.438,11.0,29.5,0.38425,13.75,17.5,0.79325,9.25,35.0,44.25,20.5,11.0,4.25,13.0,19.0,102.75,0.531,0.5,0.32925,0.19624999999999998,19.25,82.17500000000001,49.349999999999994,51.724999999999994,10.975000000000001,7.1,11.725,100.0,103.35,101.82500000000002,50.78125,50.78125,2.026,0.40549999999999997
201512280IND,ATL,240.0,41.5,83.0,0.4995,8.5,24.0,0.3575,16.75,21.5,0.776,7.5,30.25,37.75,26.0,8.75,4.0,12.75,20.0,108.25,0.58575,0.55175,0.292,0.26249999999999996,18.95,72.05,46.5,62.300000000000004,9.125,6.199999999999999,12.1,100.0,112.925,103.0,49.23125,49.23125,2.20125,0.5297499999999999,ATL,240.0,38.25,83.0,0.4615,5.75,20.25,0.29150000000000004,16.5,24.0,0.7100000000000001,11.75,31.75,43.5,23.5,8.5,6.5,16.75,19.25,98.75,0.5295000000000001,0.49624999999999997,0.244,0.28725,27.95,81.05,53.5,61.45,8.85,10.725000000000001,15.2,100.0,103.0,112.925,49.7,49.7,1.9889999999999999,0.47575
201512280MIA,BRK,246.25,42.25,90.5,0.46375000000000005,6.75,19.25,0.352,9.75,16.0,0.59975,13.0,32.75,45.75,27.0,8.25,3.75,14.5,18.0,101.0,0.51625,0.5005000000000001,0.21525,0.181,28.5,80.2,52.74999999999999,65.075,8.525,6.45,13.0,100.0,104.35000000000001,111.70000000000002,49.8,51.149609375,2.023,0.5415,BRK,246.25,42.0,85.25,0.49424999999999997,10.0,24.75,0.37775,14.0,18.5,0.7405,8.5,32.5,41.0,30.0,8.25,5.5,13.5,18.5,108.0,0.5805,0.5527500000000001,0.29,0.2205,19.799999999999997,71.5,47.25,71.725,8.600000000000001,7.85,12.65,100.0,111.69999999999999,104.35,49.51875,50.835481769999994,2.17975,0.606
201512280ORL,NOP,246.25,39.75,82.0,0.48824999999999996,10.75,24.75,0.42975,20.5,24.75,0.8454999999999999,7.5,35.0,42.5,23.75,6.0,7.5,13.25,19.0,110.75,0.59675,0.555,0.30375,0.30999999999999994,19.2,71.975,47.8,59.75,6.1499999999999995,12.6,12.475000000000001,100.0,116.17500000000001,108.94999999999999,49.753125,51.1232421875,2.2355,0.47975,NOP,246.25,37.75,90.75,0.4165,11.25,30.5,0.3555,17.25,23.25,0.7505000000000001,14.0,33.25,47.25,20.5,7.5,4.75,11.25,20.5,104.0,0.5165,0.47875000000000006,0.33699999999999997,0.25675000000000003,28.025,80.8,52.2,53.974999999999994,7.775,8.35,9.925,100.0,108.95,116.175,49.521875,50.91282552,2.1092500000000003,0.41550000000000004
201512280PHO,CLE,240.0,32.5,85.0,0.38425,8.0,27.0,0.29725,16.5,21.5,0.7525000000000001,11.5,34.75,46.25,20.25,6.75,4.0,11.25,19.0,89.5,0.476,0.43200000000000005,0.3195,0.2515,23.025,76.6,49.05,62.35,7.275,6.375,10.7,100.0,96.6,98.42500000000001,47.48125,47.48125,1.8872499999999999,0.4305,CLE,240.0,33.75,83.75,0.40249999999999997,6.0,20.0,0.302,17.5,23.0,0.7789999999999999,10.75,37.0,47.75,20.75,6.75,5.5,13.5,17.5,91.0,0.48475,0.438,0.238,0.27575,23.4,77.0,50.95,60.824999999999996,7.275,9.175,12.45,100.0,98.425,96.6,48.712500000000006,48.712500000000006,1.8719999999999999,0.4285
201512280SAS,MIN,240.0,34.75,76.5,0.45375,3.0,11.75,0.25925,20.0,24.75,0.8085000000000001,7.5,29.0,36.5,22.5,10.0,3.75,14.75,18.25,92.5,0.52875,0.47325,0.15350000000000003,0.323,18.575,72.725,45.375,64.525,10.7,6.325,14.425,100.0,99.30000000000001,109.80000000000001,47.753125000000004,47.753125000000004,1.93475,0.47050000000000003,MIN,240.0,40.5,82.25,0.491,9.0,24.0,0.37024999999999997,12.0,16.0,0.7515000000000001,10.5,33.25,43.75,27.25,7.5,5.5,16.5,17.25,102.0,0.57075,0.545,0.292,0.1955,27.275,81.425,54.625,68.05,8.075,8.55,15.575000000000001,100.0,109.8,99.29999999999998,47.925,47.925,2.13125,0.5670000000000001
201512280UTA,PHI,240.0,34.0,78.0,0.43925000000000003,7.75,23.5,0.3265,21.0,29.5,0.71575,11.75,33.25,45.0,19.5,8.25,5.0,22.0,20.75,96.75,0.5347500000000001,0.48950000000000005,0.304,0.3835,27.9,81.07499999999999,54.37500000000001,57.199999999999996,8.350000000000001,7.574999999999999,19.6,100.0,98.17500000000001,109.1,51.13125,51.13125,1.8907500000000002,0.38175000000000003,PHI,240.0,41.25,85.75,0.482,7.75,19.75,0.38999999999999996,17.0,21.75,0.77925,8.0,29.75,37.75,25.5,12.75,6.0,13.0,22.5,107.25,0.565,0.52675,0.22949999999999998,0.25225,18.925,72.1,45.625,61.05,13.024999999999999,10.549999999999999,12.024999999999999,100.0,109.1,98.17500000000001,50.54062499999999,50.54062499999999,2.12475,0.50725
201512280WAS,LAC,240.0,37.75,84.25,0.4485,10.25,28.0,0.373,14.0,19.5,0.7237499999999999,8.0,32.5,40.5,22.0,9.0,4.5,13.25,23.5,99.75,0.5385,0.5097499999999999,0.3325,0.23275,19.0,77.85,48.25,58.525000000000006,9.475000000000001,8.650000000000002,12.475000000000001,100.0,105.07499999999999,103.875,49.381249999999994,49.381249999999994,2.025,0.44675,LAC,240.0,35.5,78.0,0.45499999999999996,7.25,23.0,0.30725,20.5,30.25,0.692,9.25,34.5,43.75,19.5,8.5,4.25,14.25,20.0,98.75,0.54075,0.5022500000000001,0.29825,0.39249999999999996,22.150000000000002,81.0,51.75,55.075,8.95,7.925,13.524999999999999,100.0,103.875,105.075,48.684375,48.684375,2.0292499999999998,0.40025
201512290DEN,CLE,240.0,30.75,81.5,0.38275,9.5,31.0,0.291,16.75,22.5,0.73,12.5,33.0,45.5,19.25,6.0,4.5,13.0,18.75,87.75,0.48675,0.4445,0.39025,0.27775000000000005,25.425,76.07499999999999,49.25,62.625,6.700000000000001,7.65,12.600000000000001,100.0,97.575,103.95,46.34375,46.34375,1.90375,0.42100000000000004,CLE,240.0,35.25,82.0,0.42925,7.5,20.25,0.36,15.75,20.5,0.7789999999999999,10.25,36.25,46.5,22.0,7.25,5.25,12.75,17.75,93.75,0.5145,0.47475000000000006,0.24725000000000003,0.25175,23.925000000000004,74.6,50.75,62.224999999999994,8.0,9.175,12.275,100.0,103.95,97.57499999999999,47.118750000000006,47.118750000000006,1.9914999999999998,0.46625
201512290HOU,ATL,240.0,39.5,82.0,0.47925,7.25,24.75,0.2925,18.0,22.75,0.7909999999999999,7.5,31.0,38.5,23.75,9.5,3.75,13.0,18.75,104.25,0.5655,0.52375,0.306,0.283,18.8,71.07499999999999,46.300000000000004,59.175000000000004,9.925,6.125,12.35,100.0,108.775,101.19999999999999,49.153125,49.153125,2.123,0.48449999999999993,ATL,240.0,38.25,84.5,0.4535,6.5,23.75,0.2755,14.0,22.5,0.64075,12.5,32.0,44.5,19.0,8.5,6.0,17.0,18.75,97.0,0.5155000000000001,0.492,0.28175,0.265,28.925,81.2,53.7,49.6,8.85,10.024999999999999,15.325,100.0,101.19999999999999,108.77499999999999,49.84375,49.84375,1.9475,0.383
201512290MEM,MIA,246.25,37.0,82.75,0.44925,7.5,22.0,0.3425,18.25,23.0,0.8059999999999999,10.5,33.75,44.25,18.5,8.25,6.0,11.0,15.0,99.75,0.54,0.4955,0.267,0.28175,24.875,74.95,50.650000000000006,50.275,9.0,10.5,10.325000000000001,100.0,110.325,108.7,47.0875,48.47845052,2.137,0.39449999999999996,MIA,246.25,37.5,82.25,0.4580000000000001,10.5,23.0,0.449,12.75,18.5,0.673,11.0,32.0,43.0,21.5,7.0,2.75,13.75,18.25,98.25,0.5449999999999999,0.52275,0.28200000000000003,0.22625,25.05,75.125,49.349999999999994,56.55,7.550000000000001,4.55,13.125,100.0,108.69999999999999,110.32499999999999,46.89375,48.2638671875,2.11325,0.46649999999999997
201512290NYK,DET,265.0,41.0,95.5,0.42825,9.0,26.25,0.33725,17.25,29.5,0.5882499999999999,15.5,35.5,51.0,19.5,7.0,4.5,14.0,22.5,108.25,0.5005000000000001,0.47825,0.2825,0.299,30.65,73.675,51.724999999999994,47.2,6.85,6.175,11.95,100.0,104.9,107.35,54.00625,61.1859375,1.9965,0.357,DET,265.0,42.75,95.25,0.45175,4.75,20.75,0.23075,20.25,24.75,0.8019999999999999,13.0,34.75,47.75,19.75,7.0,5.25,12.0,24.0,110.5,0.52075,0.47725,0.22175,0.2505,26.325,69.35000000000001,48.275000000000006,46.175,7.175,7.875,10.0,100.0,107.35,104.9,53.003125000000004,60.1333333325,2.083,0.376
201512290OKC,MIL,240.0,41.0,81.0,0.505,5.0,14.0,0.36125,12.25,16.25,0.77225,7.25,33.0,40.25,24.5,7.25,7.0,14.75,21.0,99.25,0.5627500000000001,0.53575,0.1735,0.2025,18.85,79.22500000000001,50.2,59.5,7.550000000000001,12.025,14.35,100.0,105.4,109.17500000000001,48.109375,48.109375,2.05975,0.5062500000000001,MIL,240.0,37.5,80.0,0.4685,9.5,22.25,0.42425,17.75,24.5,0.7302500000000001,8.5,31.0,39.5,24.5,9.0,5.25,13.5,17.0,102.25,0.5640000000000001,0.5277499999999999,0.27749999999999997,0.30674999999999997,20.775,81.15,49.8,64.75,9.525,7.7,12.575,100.0,109.175,105.4,48.318749999999994,48.318749999999994,2.1287499999999997,0.51275
201512300BOS,LAL,240.0,32.75,83.75,0.39225,7.75,26.5,0.29250000000000004,17.5,25.5,0.683,10.5,30.0,40.5,19.0,7.25,4.0,12.25,16.5,90.75,0.478,0.43850000000000006,0.3165,0.30600000000000005,21.025000000000002,74.775,45.9,57.775,7.625,6.025,11.475,100.0,95.575,114.35000000000001,48.80625,48.80625,1.8599999999999999,0.38825,LAL,240.0,44.25,87.25,0.5075,6.75,21.5,0.31575,13.25,18.0,0.7364999999999999,10.25,38.0,48.25,25.75,8.75,6.5,12.75,18.75,108.5,0.56975,0.5465,0.24675000000000002,0.20750000000000002,25.225,78.97500000000001,54.1,58.7,9.275,10.975,11.775,100.0,114.35,95.57499999999999,49.150000000000006,49.150000000000006,2.21025,0.52525
201512300CHI,IND,240.0,39.25,86.5,0.455,8.75,25.75,0.3395,11.0,16.75,0.6712500000000001,10.0,31.25,41.25,18.75,11.25,3.0,15.0,16.0,98.25,0.525,0.5055000000000001,0.29875,0.1935,22.625,80.55000000000001,49.275000000000006,47.575,11.599999999999998,4.925,13.825000000000001,100.0,101.725,100.57499999999999,49.728125000000006,49.728125000000006,1.9747500000000002,0.37725,IND,240.0,39.5,81.75,0.48,5.0,20.0,0.26175,13.25,17.0,0.7942499999999999,7.5,35.25,42.75,23.25,9.25,4.75,16.5,15.5,97.25,0.54375,0.5105000000000001,0.24525000000000002,0.21475,19.450000000000003,77.375,50.725,58.525,9.675,7.6000000000000005,15.575,100.0,100.57500000000002,101.725,49.412499999999994,49.412499999999994,1.96775,0.46975
201512300CHO,LAC,240.0,39.5,82.25,0.48125,9.25,24.25,0.37675000000000003,14.25,18.5,0.7585,7.0,33.25,40.25,22.5,9.25,4.0,14.25,19.0,102.5,0.5675,0.53775,0.29574999999999996,0.22875,17.575,78.3,49.3,57.1,9.725,7.275,13.575,100.0,108.05000000000001,100.0,49.14375,49.14375,2.087,0.45825000000000005,LAC,240.0,35.5,80.75,0.44099999999999995,7.0,22.75,0.30025,16.75,24.0,0.7004999999999999,9.25,32.0,41.25,18.75,9.25,3.25,14.5,17.25,94.75,0.52025,0.48500000000000004,0.285,0.30025,21.7,82.425,50.7,52.875,9.725000000000001,5.6499999999999995,13.725,100.0,100.0,108.05000000000001,48.7,48.7,1.9497499999999999,0.38549999999999995
201512300DAL,GSW,240.0,39.0,84.25,0.4615,10.75,27.25,0.37275,20.0,26.0,0.79125,11.25,37.25,48.5,27.75,9.0,7.75,16.0,19.25,108.75,0.5665,0.524,0.31975,0.3085,26.125,72.425,51.275,70.7,9.125,12.1,14.350000000000001,100.0,110.375,97.125,50.675,50.675,2.14075,0.5455,GSW,240.0,35.5,90.25,0.395,7.25,24.75,0.2895,17.5,23.75,0.75125,14.0,32.0,46.0,18.5,7.75,4.5,15.0,22.5,95.75,0.47675,0.435,0.2725,0.26025,27.575,73.875,48.725,51.025000000000006,7.9,7.925,13.1,100.0,97.125,110.375,51.265625,51.265625,1.8632499999999999,0.357
201512300MIN,UTA,240.0,33.25,79.25,0.422,8.25,24.5,0.33725,23.75,28.5,0.8362499999999999,11.5,32.5,44.0,15.25,8.75,5.5,15.0,18.5,98.5,0.53775,0.47450000000000003,0.31025,0.35925,27.775,79.575,53.575,45.800000000000004,9.375,9.3,14.1,100.0,106.025,105.525,48.14375,48.14375,2.0475,0.31775000000000003,UTA,240.0,36.0,81.75,0.4405,8.5,23.5,0.35525,17.5,20.25,0.86975,8.25,29.5,37.75,20.5,7.5,6.0,14.5,21.75,98.0,0.54125,0.493,0.2885,0.249,20.424999999999997,72.225,46.425,56.050000000000004,8.05,10.825,13.725000000000001,100.0,105.52499999999999,106.025,48.809375,48.809375,2.0140000000000002,0.41975
201512300ORL,BRK,246.25,43.25,91.5,0.47100000000000003,8.5,19.75,0.423,12.5,20.0,0.58725,15.5,33.0,48.5,25.5,8.5,4.0,14.25,19.0,107.5,0.5355000000000001,0.518,0.218,0.22675,33.675,78.475,54.849999999999994,58.65,8.825,7.125,12.45,100.0,111.67500000000001,113.4,49.875,51.224609375,2.1555,0.50925,BRK,246.25,41.5,84.75,0.491,11.75,27.75,0.4195,14.5,20.0,0.7135,9.5,30.5,40.0,27.75,7.5,6.25,13.75,19.0,109.25,0.5865,0.5607500000000001,0.3295,0.24175000000000002,21.525,66.325,45.150000000000006,66.55,7.825,9.049999999999999,12.825000000000001,100.0,113.4,111.67500000000001,49.25,50.56673177,2.21775,0.56225
201512300POR,DEN,240.0,40.75,90.0,0.45225000000000004,8.25,25.5,0.3115,7.5,11.25,0.6887500000000001,12.5,31.25,43.75,23.25,6.5,4.5,15.0,18.25,97.25,0.511,0.49749999999999994,0.2825,0.12425,27.475,72.85000000000001,49.85000000000001,57.125,6.9,6.95,13.625,100.0,103.65,110.075,48.921875,48.921875,1.9915,0.47625,DEN,240.0,40.25,84.25,0.47874999999999995,8.0,18.0,0.48375,14.5,19.25,0.7590000000000001,11.0,32.5,43.5,21.5,9.25,5.5,13.25,15.5,103.0,0.5565,0.5265,0.21175,0.2285,27.15,72.525,50.175,53.27499999999999,9.8,8.25,12.475,100.0,110.07499999999999,103.65,47.821875,47.821875,2.16175,0.45175
201512300SAC,PHI,240.0,35.5,78.0,0.45675,7.75,22.75,0.33399999999999996,19.25,26.75,0.725,9.75,32.25,42.0,20.75,8.75,6.75,21.75,22.0,98.0,0.547,0.507,0.29525,0.35150000000000003,24.25,76.4,50.875,58.6,8.85,10.625,19.575,100.0,99.3,105.575,51.353125000000006,51.353125000000006,1.9075000000000002,0.40425000000000005,PHI,240.0,38.25,85.5,0.4475,6.75,20.0,0.34725,20.75,25.5,0.7989999999999999,10.25,30.75,41.0,22.5,12.75,6.75,14.25,22.25,104.0,0.5407500000000001,0.48675,0.23349999999999999,0.29775,23.6,75.75,49.125,57.025,13.0,11.575,12.899999999999999,100.0,105.57499999999999,99.30000000000001,50.80624999999999,50.80624999999999,2.049,0.44525000000000003
201512300SAS,PHO,240.0,34.25,83.25,0.41200000000000003,10.25,25.25,0.4055,17.75,23.25,0.75525,11.75,31.0,42.75,17.5,7.5,1.5,14.75,23.5,96.5,0.51675,0.4735,0.3035,0.278,25.425,74.875,48.575,50.650000000000006,7.8500000000000005,3.175,13.675,100.0,102.275,112.89999999999999,48.646875,48.646875,1.9865000000000002,0.36075,PHO,240.0,37.25,80.0,0.466,13.0,32.0,0.40475,19.0,25.5,0.7044999999999999,10.5,35.0,45.5,20.75,7.75,7.25,16.25,20.0,106.5,0.5855,0.54825,0.405,0.32625000000000004,25.125,74.575,51.425,55.625,8.200000000000001,12.525000000000002,15.100000000000001,100.0,112.9,102.275,48.93125,48.93125,2.181,0.4245
201512300TOR,WAS,240.0,38.75,84.0,0.462,11.0,25.0,0.43975,15.25,20.5,0.755,9.0,32.5,41.5,27.0,8.0,3.75,13.0,20.0,103.75,0.55875,0.5275000000000001,0.29775,0.24375000000000002,21.225,78.65,49.900000000000006,69.05,8.25,5.800000000000001,12.200000000000001,100.0,109.07499999999999,103.375,48.86875,48.86875,2.126,0.554,WAS,240.0,38.5,82.5,0.46849999999999997,5.5,19.75,0.273,16.0,23.75,0.6447499999999999,9.5,32.5,42.0,20.75,10.0,4.75,14.5,18.25,98.5,0.532,0.5015000000000001,0.241,0.29675,21.349999999999998,78.775,50.1,53.3,10.575,8.125,13.3,100.0,103.375,109.07499999999999,49.390625,49.390625,1.9954999999999998,0.4155
201512310DET,MIN,240.0,35.0,76.5,0.457,3.75,10.75,0.35150000000000003,16.25,23.5,0.6977500000000001,9.0,26.75,35.75,23.25,11.0,2.75,14.75,19.5,90.0,0.51825,0.48125,0.14075000000000001,0.30774999999999997,22.6,71.525,46.05,66.32499999999999,12.05,5.425,14.425,100.0,99.12500000000001,107.6,46.70625,46.70625,1.9325,0.4995,MIN,240.0,37.25,78.5,0.47525000000000006,8.5,26.5,0.32825,14.75,19.0,0.7822500000000001,11.0,30.5,41.5,22.25,7.5,6.0,17.75,17.25,97.75,0.5635,0.529,0.33549999999999996,0.24625000000000002,28.475,77.4,53.949999999999996,59.55,8.3,9.15,16.9,100.0,107.6,99.125,47.1375,47.1375,2.07675,0.47175
201512310HOU,GSW,240.0,36.75,82.75,0.4425,10.25,25.5,0.37825,17.5,22.75,0.7895000000000001,9.5,36.75,46.25,25.0,9.5,6.75,15.25,18.25,101.25,0.54425,0.50325,0.30374999999999996,0.27625,21.375000000000004,72.875,48.449999999999996,67.4,9.825,10.725,14.075000000000001,100.0,104.75,99.875,49.653125,49.653125,2.03425,0.501,GSW,240.0,35.5,88.0,0.40750000000000003,9.75,27.0,0.36375,15.5,21.75,0.7369999999999999,13.5,35.25,48.75,17.25,7.75,3.75,14.75,20.0,96.25,0.49824999999999997,0.4635,0.30525,0.24424999999999997,27.125,78.625,51.550000000000004,48.05,8.0,6.675,13.299999999999999,100.0,99.875,104.75,49.790625,49.790625,1.9397499999999999,0.34525
201512310IND,MIL,240.0,43.0,86.25,0.49774999999999997,6.25,14.0,0.43925,12.5,15.75,0.797,10.25,32.5,42.75,25.5,6.75,6.75,15.0,21.75,104.75,0.562,0.533,0.16274999999999998,0.1815,24.375,76.4,51.375,59.05,6.949999999999999,11.299999999999999,14.0,100.0,109.42500000000001,116.75,49.240625,49.240625,2.1189999999999998,0.51425,MIL,240.0,40.0,83.0,0.482,9.5,23.25,0.40425,21.75,28.5,0.74275,9.75,30.25,40.0,25.25,10.0,6.5,11.25,16.25,111.25,0.5815,0.5395000000000001,0.28075,0.34199999999999997,23.6,75.625,48.625,63.325,10.4,8.975,10.2,100.0,116.75,109.425,49.01875,49.01875,2.27475,0.52225
201512310NOP,LAC,240.0,38.5,78.25,0.49375,11.25,26.25,0.42225,20.0,25.25,0.7812500000000001,6.5,32.25,38.75,24.0,9.25,5.0,14.0,21.75,108.25,0.6060000000000001,0.56675,0.33825,0.33275,17.95,75.0,48.675,62.55,9.75,9.2,13.499999999999998,100.0,114.65,105.0,48.871875,48.871875,2.2205,0.49250000000000005,LAC,240.0,35.0,81.5,0.43124999999999997,8.25,26.0,0.3165,20.75,28.0,0.72275,11.0,29.75,40.75,18.5,8.75,3.0,14.5,19.75,99.0,0.5277499999999999,0.48225000000000007,0.32025,0.34375,25.0,82.05,51.325,52.9,9.200000000000001,5.925,13.5,100.0,105.0,114.65,49.150000000000006,49.150000000000006,2.0165,0.37649999999999995
201512310OKC,PHO,240.0,34.5,83.75,0.41275,9.75,23.75,0.402,15.25,22.25,0.667,11.5,30.25,41.75,19.0,8.25,2.25,15.25,22.75,94.0,0.50225,0.47074999999999995,0.283,0.264,24.6,77.025,48.050000000000004,55.05,8.6,4.375,14.075,100.0,98.60000000000001,112.125,49.034375000000004,49.034375000000004,1.9192500000000001,0.38975,PHO,240.0,39.0,79.25,0.4935,12.25,29.25,0.422,16.75,24.5,0.6599999999999999,9.25,36.0,45.25,23.25,9.0,7.0,17.0,20.0,107.0,0.596,0.57125,0.372,0.31775,22.975,75.4,51.95,59.65,9.424999999999999,11.775000000000002,15.875,100.0,112.125,98.60000000000001,49.31875,49.31875,2.173,0.47250000000000003
201512310UTA,POR,240.0,38.25,90.75,0.423,9.5,28.75,0.33425,14.5,19.75,0.7384999999999999,14.5,37.0,51.5,21.25,9.25,5.25,13.25,18.75,100.5,0.5075,0.47550000000000003,0.31725,0.21749999999999997,28.375,80.5,53.575,55.125,9.575000000000001,9.775,11.7,100.0,105.05000000000001,101.05000000000001,49.440625,49.440625,2.03525,0.4315,POR,240.0,34.0,81.25,0.41650000000000004,11.25,28.25,0.39825,17.75,22.0,0.7927500000000001,9.0,35.5,44.5,22.5,7.0,5.0,16.0,18.75,97.0,0.53075,0.48550000000000004,0.34850000000000003,0.273,19.525,71.625,46.425000000000004,67.075,7.225,8.125,14.95,100.0,101.05000000000001,105.05000000000001,49.349999999999994,49.349999999999994,1.96375,0.45649999999999996
201601010CHI,NYK,240.0,36.75,82.75,0.4465,6.0,18.75,0.329,15.75,18.5,0.8505,10.0,32.5,42.5,20.5,5.5,6.75,14.0,18.25,95.25,0.52675,0.4835,0.22674999999999998,0.2225,24.175,71.9,49.375,55.625,6.025,10.825,13.2,100.0,105.0,111.0,47.76875,47.76875,1.9992499999999997,0.43099999999999994,NYK,240.0,38.0,86.25,0.44,7.75,23.5,0.32925000000000004,17.25,22.25,0.77725,12.75,31.0,43.75,23.75,7.5,4.0,9.0,17.5,101.0,0.5257499999999999,0.48475,0.27175,0.2595,28.099999999999998,75.825,50.625,62.22500000000001,8.2,6.275,8.55,100.0,111.0,104.99999999999999,46.534375000000004,46.534375000000004,2.168,0.5105
201601010LAL,PHI,240.0,37.75,85.0,0.44575,8.25,24.75,0.3305,19.25,27.25,0.7155,11.25,33.5,44.75,21.75,9.75,8.25,18.5,23.75,103.0,0.5327500000000001,0.49449999999999994,0.29075,0.32075,24.775,77.925,50.8,57.65,9.649999999999999,14.15,16.125,100.0,101.92500000000001,103.32499999999999,52.596875,52.596875,1.95775,0.41375,PHI,240.0,37.25,82.75,0.45125,7.5,22.5,0.34400000000000003,22.25,29.75,0.7535,9.75,33.75,43.5,21.75,10.0,7.25,16.75,23.0,104.25,0.54725,0.497,0.274,0.36575,22.075000000000003,75.225,49.2,56.75,10.0,11.799999999999999,14.925,100.0,103.32499999999999,101.92500000000001,51.940625,51.940625,2.00975,0.4205
201601010MIA,DAL,246.25,41.25,83.75,0.49324999999999997,14.0,29.0,0.48250000000000004,17.0,22.25,0.77675,9.75,30.75,40.5,24.0,7.0,2.75,11.75,19.25,113.5,0.6085,0.577,0.34625,0.26475,23.275,72.9,48.175,58.35,7.525,4.075,11.075,100.0,120.725,109.725,48.159375,49.47610677,2.3564999999999996,0.49775,DAL,246.25,41.0,84.75,0.48275,7.25,18.25,0.39025,14.0,19.75,0.69425,11.25,32.0,43.25,21.5,7.25,4.0,14.25,20.0,103.25,0.553,0.52525,0.21725,0.2395,27.1,76.725,51.824999999999996,51.925000000000004,7.7,7.35,13.375000000000002,100.0,109.725,120.725,48.565625,49.915234375,2.1235,0.43825
201601010TOR,CHO,240.0,34.5,81.75,0.41974999999999996,9.25,28.75,0.316,24.75,30.5,0.8025,10.75,33.0,43.75,22.0,7.75,7.0,13.25,21.0,103.0,0.542,0.47850000000000004,0.35800000000000004,0.37875,23.375,76.97500000000001,49.85,64.55,8.200000000000001,11.75,12.325000000000001,100.0,108.7,109.275,49.368750000000006,49.368750000000006,2.087,0.44525000000000003,CHO,240.0,36.25,82.75,0.44199999999999995,9.5,26.75,0.35475,21.5,27.75,0.76,10.0,34.25,44.25,24.25,8.0,5.0,12.25,22.5,103.5,0.54825,0.50175,0.329,0.34675,23.025000000000002,76.625,50.15,66.95,8.450000000000001,9.85,11.45,100.0,109.275,108.7,49.090625,49.090625,2.11375,0.49475
201601010WAS,ORL,240.0,42.0,81.75,0.514,8.0,19.5,0.4175,10.25,14.5,0.6737500000000001,10.25,30.5,40.75,26.5,6.25,2.5,11.5,16.25,102.25,0.58075,0.56275,0.23875000000000002,0.1775,25.799999999999997,75.675,51.325,62.925,7.1,4.25,11.424999999999999,100.0,115.92499999999998,111.07499999999999,44.943749999999994,44.943749999999994,2.2765,0.59175,ORL,240.0,37.75,81.5,0.46399999999999997,6.25,22.25,0.28525,16.0,19.25,0.80975,9.75,28.5,38.25,21.75,6.75,5.25,11.0,15.25,97.75,0.5442499999999999,0.5025000000000001,0.27275,0.23750000000000002,24.325,74.19999999999999,48.675,58.02499999999999,7.65,8.475,10.850000000000001,100.0,111.07499999999999,115.92499999999998,45.946875,45.946875,2.1337499999999996,0.47375
201601020BOS,BRK,246.25,41.25,88.75,0.46225,7.5,19.75,0.373,14.5,22.0,0.60025,14.5,30.5,45.0,24.75,9.25,4.5,13.75,20.25,104.5,0.53,0.50425,0.225,0.25575000000000003,31.6,75.94999999999999,52.2,59.95,9.85,8.350000000000001,12.25,100.0,110.525,114.975,49.225,50.574609375,2.121,0.5005,BRK,246.25,39.75,81.5,0.48750000000000004,11.75,27.75,0.4195,17.5,22.0,0.80525,10.0,31.25,41.25,25.0,7.0,5.25,14.5,19.75,108.75,0.5970000000000001,0.55925,0.34025,0.2715,24.049999999999997,68.4,47.8,62.525000000000006,7.425,7.924999999999999,13.700000000000001,100.0,114.975,110.525,48.225,49.54173177,2.253,0.5165
201601020CHO,OKC,240.0,42.5,86.25,0.497,7.25,20.5,0.37,22.5,27.0,0.8174999999999999,13.5,28.75,42.25,24.25,10.25,5.0,12.75,16.25,114.75,0.5880000000000001,0.54,0.23750000000000002,0.3145,32.8,65.225,49.475,57.05,10.75,6.925000000000001,11.575000000000001,100.0,121.07500000000002,117.525,49.162499999999994,49.162499999999994,2.339,0.49875,OKC,240.0,44.5,92.0,0.4845,8.5,19.75,0.4435,14.0,17.5,0.8095,15.5,28.0,43.5,24.75,7.5,4.0,14.0,21.75,111.5,0.5607500000000001,0.53075,0.2165,0.189,34.775,67.2,50.55,55.55,7.949999999999999,6.025,12.35,100.0,117.525,121.07500000000002,49.40625,49.40625,2.25875,0.50075
201601020CLE,ORL,240.0,41.0,82.0,0.50075,7.5,20.5,0.37049999999999994,9.5,13.25,0.68825,9.25,30.75,40.0,27.25,6.5,2.75,12.25,15.75,99.0,0.5642499999999999,0.5465,0.24999999999999997,0.16225,22.85,74.475,49.35,66.275,7.325,4.375,12.1,100.0,111.44999999999999,110.67499999999998,45.646875,45.646875,2.1762499999999996,0.599,ORL,240.0,38.25,83.75,0.45725,6.5,21.5,0.302,15.25,17.5,0.85825,10.5,30.25,40.75,23.25,8.25,5.0,10.5,13.5,98.25,0.5382499999999999,0.49624999999999997,0.25625,0.2135,25.525,77.15,50.650000000000006,60.974999999999994,9.2,8.2,10.274999999999999,100.0,110.67500000000001,111.44999999999999,46.03125,46.03125,2.1405,0.505
201601020DAL,NOP,246.25,36.75,82.5,0.448,7.75,22.25,0.343,12.75,16.75,0.76275,7.5,34.75,42.25,22.0,6.5,4.75,15.0,18.5,94.0,0.5247499999999999,0.496,0.272,0.20825,18.375,79.175,49.45,59.77499999999999,6.75,8.4,14.3,100.0,99.44999999999999,106.07500000000002,48.978125,50.3482421875,1.928,0.45225,NOP,246.25,38.25,86.0,0.447,9.5,27.5,0.34800000000000003,14.25,19.25,0.7355,9.5,34.5,44.0,23.0,8.25,3.75,12.0,15.75,100.25,0.53375,0.50225,0.31825000000000003,0.2225,20.825,81.625,50.55,60.1,8.65,6.275,11.124999999999998,100.0,106.075,99.45,48.821875000000006,50.212825519999996,2.06575,0.4755
201601020GSW,DEN,240.0,39.5,89.0,0.443,7.75,23.5,0.3225,10.25,12.75,0.797,12.25,30.0,42.25,21.75,7.25,4.0,14.25,17.25,97.0,0.5115000000000001,0.4865,0.26375,0.143,26.925,72.15,48.925000000000004,55.175000000000004,7.725,6.4,13.100000000000001,100.0,104.025,114.35,48.528125,48.528125,2.003,0.44975,DEN,240.0,41.5,84.25,0.49299999999999994,7.75,19.75,0.4475,15.75,20.0,0.79725,11.0,32.75,43.75,21.75,9.0,6.5,12.75,15.25,106.5,0.573,0.53925,0.23199999999999998,0.23725,27.85,73.075,51.099999999999994,52.125,9.600000000000001,9.85,12.049999999999999,100.0,114.35,104.025,47.75,47.75,2.2357500000000003,0.4575
201601020IND,DET,240.0,37.75,88.75,0.42624999999999996,9.25,27.0,0.33575,16.25,25.75,0.645,14.5,32.5,47.0,19.75,7.75,4.5,13.75,18.5,101.0,0.5055000000000001,0.4785,0.30524999999999997,0.29075,31.025,79.675,53.849999999999994,52.099999999999994,8.075,6.7,12.025,100.0,105.45,105.975,50.115625,50.115625,2.01675,0.3955,DET,240.0,40.0,84.5,0.47450000000000003,5.75,18.25,0.33275,15.25,19.75,0.7755,8.25,32.0,40.25,22.5,7.0,4.0,13.0,22.75,101.0,0.5435,0.509,0.21625000000000003,0.23374999999999999,20.325,68.975,46.15,56.449999999999996,7.25,6.550000000000001,12.175,100.0,105.975,105.45,49.315625,49.315625,2.0580000000000003,0.45725
201601020LAC,PHI,240.0,36.25,85.75,0.42374999999999996,7.5,25.75,0.28475,19.0,26.25,0.7317499999999999,11.25,35.75,47.0,21.0,8.25,9.0,17.0,25.5,99.0,0.51,0.46775000000000005,0.30050000000000004,0.30575,23.525,75.225,49.625,58.349999999999994,8.225,15.275,14.975,100.0,99.025,99.525,51.984375,51.984375,1.90075,0.40425,PHI,240.0,32.75,83.25,0.396,7.5,23.5,0.318,26.25,35.0,0.7557499999999999,11.75,35.75,47.5,17.5,9.25,5.75,15.25,21.75,99.25,0.50425,0.44175,0.28475,0.4255,24.775000000000002,76.475,50.375,52.95,9.4,9.375,13.375000000000002,100.0,99.525,99.025,51.6875,51.6875,1.919,0.33724999999999994
201601020MIN,MIL,240.0,41.5,84.25,0.49375,6.5,14.5,0.44225,17.0,22.5,0.781,10.5,32.25,42.75,21.5,6.25,6.25,15.0,22.5,106.5,0.56475,0.5315000000000001,0.173,0.27175,24.975,79.15,52.375,52.375,6.375,11.175,13.875,100.0,110.475,120.1,49.71875,49.71875,2.1317500000000003,0.43074999999999997,MIL,240.0,41.0,83.25,0.49275,11.0,25.75,0.425,22.25,27.75,0.7810000000000001,8.25,30.25,38.5,26.0,9.25,6.25,10.5,19.0,115.25,0.6035,0.55925,0.3105,0.33175,20.85,75.025,47.625,63.575,9.575000000000001,8.95,9.675,100.0,120.1,110.47500000000001,49.340625,49.340625,2.33825,0.5335000000000001
201601020SAC,PHO,240.0,36.25,82.5,0.44025000000000003,8.5,22.5,0.372,15.5,21.25,0.736,11.25,28.25,39.5,19.75,8.5,2.5,15.25,24.0,96.5,0.52625,0.49174999999999996,0.27225,0.255,26.125,76.05000000000001,48.575,54.425,9.075,4.75,14.299999999999999,100.0,103.4,116.0,48.296875,48.296875,2.0035,0.4125,PHO,240.0,39.0,76.5,0.50925,10.5,25.75,0.40525,20.0,27.25,0.7424999999999999,9.0,33.0,42.0,24.0,10.5,6.5,16.0,18.5,108.5,0.61325,0.579,0.3415,0.357,23.950000000000003,73.875,51.425,61.425,11.225,10.975000000000001,15.3,100.0,116.0,103.4,48.221875,48.221875,2.25425,0.501
201601020SAS,HOU,240.0,36.25,77.0,0.472,11.25,24.5,0.4680000000000001,21.5,28.5,0.767,7.25,31.75,39.0,22.0,8.75,3.5,15.25,20.0,105.25,0.587,0.5445,0.31475000000000003,0.37575000000000003,18.675,71.725,46.95,61.125,9.125,5.975,14.525000000000002,100.0,109.92500000000001,111.85,49.26875,49.26875,2.1350000000000002,0.44725000000000004,HOU,240.0,40.0,86.5,0.46549999999999997,10.75,27.0,0.40275,16.5,21.5,0.78825,12.75,31.0,43.75,27.75,8.5,6.0,15.0,20.25,107.25,0.55975,0.52825,0.30875,0.253,28.275,81.32499999999999,53.05,69.17500000000001,8.85,11.6,13.625,100.0,111.85000000000001,109.925,49.481249999999996,49.481249999999996,2.16125,0.5595000000000001
201601020UTA,MEM,246.25,38.25,82.25,0.46725,5.0,16.75,0.2965,17.0,23.75,0.7222500000000001,11.25,31.25,42.5,22.0,9.25,5.5,9.75,20.25,98.5,0.5335,0.49725,0.20475,0.29550000000000004,25.349999999999998,74.275,49.724999999999994,56.425,10.325,11.275,9.45,100.0,110.0,107.19999999999999,46.015625,47.16796875,2.14275,0.47725,MEM,246.25,33.0,78.5,0.42025,11.0,28.75,0.38325,19.0,25.25,0.7285,11.25,31.5,42.75,21.5,6.0,6.5,14.25,21.75,96.0,0.5375000000000001,0.49175,0.37024999999999997,0.32625,25.725,74.65,50.275000000000006,65.25,6.6499999999999995,9.5,13.775,100.0,107.2,110.0,46.746875,47.9649739575,2.05375,0.4605
201601030DEN,POR,240.0,38.75,86.5,0.4485,11.75,30.75,0.38275,13.0,17.25,0.75025,11.0,35.75,46.75,22.0,7.75,3.5,12.5,17.25,102.25,0.5445,0.5172500000000001,0.359,0.199,24.924999999999997,78.075,52.050000000000004,56.575,8.05,6.525,11.6,100.0,110.575,103.69999999999999,48.096875,48.096875,2.13225,0.459,POR,240.0,34.5,81.5,0.421,11.75,28.75,0.40725,14.75,19.0,0.757,10.0,32.75,42.75,20.5,7.5,4.25,14.5,19.0,95.5,0.52975,0.4925,0.35325,0.23725000000000002,21.95,75.075,47.949999999999996,61.65,8.025,8.125,13.649999999999999,100.0,103.69999999999999,110.57499999999999,47.5125,47.5125,2.0295,0.43274999999999997
201601030LAL,PHO,240.0,38.5,81.25,0.47325,8.5,23.0,0.36574999999999996,14.75,19.75,0.75,9.25,26.25,35.5,22.25,8.25,3.5,15.75,24.5,100.25,0.556,0.5255,0.28275,0.24275000000000002,22.85,73.375,45.849999999999994,57.625,8.775,6.025,14.9,100.0,106.35,122.75,48.565625000000004,48.565625000000004,2.06325,0.45725000000000005,PHO,240.0,42.75,78.5,0.54125,9.75,24.75,0.392,21.0,29.0,0.728,9.5,32.0,41.5,26.5,10.5,5.0,14.25,17.75,116.25,0.6345,0.605,0.322,0.36924999999999997,26.625,77.15,54.14999999999999,62.425,11.175,8.625,13.625,100.0,122.75,106.35000000000001,48.5125,48.5125,2.38725,0.5455
201601030NYK,ATL,240.0,41.0,87.5,0.46749999999999997,8.5,27.75,0.30025,17.5,22.0,0.79575,11.25,30.75,42.0,25.25,10.0,5.25,13.5,20.5,108.0,0.5547500000000001,0.51525,0.31525,0.25525,25.075000000000003,74.225,49.1,60.675,10.275,9.05,12.274999999999999,100.0,110.6,103.925,50.1,50.1,2.15525,0.50525,ATL,240.0,38.5,82.25,0.47175,8.0,22.75,0.36100000000000004,16.5,26.75,0.62575,10.75,32.75,43.5,18.75,8.75,6.0,17.25,19.0,101.5,0.5429999999999999,0.5215,0.27725,0.3325,25.775,74.925,50.89999999999999,48.55,9.0,9.675,15.575,100.0,103.92500000000001,110.6,50.728125,50.728125,2.00025,0.36950000000000005
201601030TOR,CHI,246.25,39.5,84.0,0.47175,8.0,19.0,0.43,19.25,25.5,0.75325,13.0,36.25,49.25,21.25,5.25,9.0,13.75,19.0,106.25,0.5595,0.51975,0.22674999999999998,0.30425,30.025000000000002,72.625,52.699999999999996,53.699999999999996,5.6,13.7,12.45,100.0,114.025,105.92500000000001,48.431250000000006,49.809179687500006,2.205,0.44499999999999995,CHI,246.25,36.5,89.0,0.41050000000000003,8.75,23.5,0.35475,17.25,23.25,0.7420000000000001,13.5,30.5,44.0,20.25,8.0,5.0,10.25,22.5,99.0,0.4985,0.46025,0.26475,0.261,27.375,69.975,47.325,55.175,8.375,7.450000000000001,9.325,100.0,105.92500000000001,114.025,48.396875,49.75625,2.04625,0.41974999999999996
201601030WAS,MIA,246.25,38.75,79.0,0.49000000000000005,9.75,22.75,0.435,15.0,20.0,0.72275,9.0,33.0,42.0,22.25,5.75,4.75,12.0,17.75,102.25,0.5827500000000001,0.5517500000000001,0.28875,0.2555,23.725,70.975,49.825,57.85000000000001,6.475,7.6000000000000005,11.95,100.0,116.175,111.5,45.75,46.9680989575,2.2405,0.4875,MIA,246.25,37.25,84.0,0.44600000000000006,8.0,22.0,0.37224999999999997,15.75,20.75,0.737,13.5,29.0,42.5,24.5,6.25,3.5,9.75,17.75,98.25,0.5287499999999999,0.494,0.26125,0.24825000000000003,29.025,76.275,50.175000000000004,65.57499999999999,7.1000000000000005,6.45,9.425,100.0,111.5,116.17500000000001,45.053124999999994,46.205468749999994,2.182,0.5485
201601040BRK,BOS,240.0,36.75,86.25,0.4265,6.5,25.5,0.263,20.0,26.25,0.7637499999999999,12.0,36.5,48.5,19.5,6.5,3.5,12.0,23.0,100.0,0.51125,0.46425,0.29500000000000004,0.30425,25.025,71.65,49.1,52.95,6.725,4.8,10.9,100.0,103.625,102.50000000000001,49.359375,49.359375,2.0262499999999997,0.3945,BOS,240.0,37.25,91.75,0.4055,5.5,20.25,0.27299999999999996,19.0,23.5,0.81225,14.5,35.75,50.25,19.0,6.75,2.5,13.0,22.5,99.0,0.48450000000000004,0.43524999999999997,0.22099999999999997,0.25675000000000003,28.35,75.0,50.9,50.725,7.0,4.1000000000000005,11.275,100.0,102.5,103.625,50.70625,50.70625,1.9514999999999998,0.374
201601040CLE,TOR,240.0,36.0,88.25,0.40650000000000003,10.0,27.0,0.35600000000000004,20.0,25.0,0.8079999999999999,14.75,33.25,48.0,19.75,5.5,5.75,11.0,18.25,102.0,0.5137499999999999,0.46225,0.305,0.2885,30.074999999999996,76.3,51.62500000000001,54.7,5.9750000000000005,9.35,9.875,100.0,111.02499999999999,109.75,48.1875,48.1875,2.12175,0.41225,TOR,240.0,37.75,85.25,0.4435,8.75,24.0,0.37175,16.75,21.0,0.8002499999999999,10.25,34.25,44.5,21.25,5.75,7.25,10.25,19.0,101.0,0.5347500000000001,0.495,0.2815,0.247,23.7,69.925,48.375,56.25,6.2749999999999995,11.700000000000001,9.799999999999999,100.0,109.75000000000001,111.025,47.612500000000004,47.612500000000004,2.121,0.44399999999999995
201601040DET,ORL,240.0,37.5,81.25,0.46025000000000005,6.75,22.0,0.312,11.75,14.25,0.79325,8.25,34.5,42.75,23.5,5.0,2.75,13.5,18.5,93.5,0.5335,0.5015,0.272,0.177,19.650000000000002,75.32499999999999,49.025,62.05,5.5,4.6,13.299999999999999,100.0,103.075,107.1,46.634375,46.634375,2.0077499999999997,0.503,ORL,240.0,37.25,85.0,0.4375,7.0,25.75,0.258,15.75,21.5,0.77275,11.25,33.25,44.5,23.75,8.5,4.25,9.5,15.25,97.25,0.5142500000000001,0.47875,0.304,0.25775000000000003,24.675,80.35,50.975,64.14999999999999,9.35,7.0249999999999995,9.15,100.0,107.1,103.07499999999999,46.731249999999996,46.731249999999996,2.08125,0.50825
201601040GSW,CHO,240.0,36.0,86.5,0.41500000000000004,7.75,27.25,0.28150000000000003,22.5,27.5,0.8175000000000001,11.25,30.0,41.25,20.25,7.25,5.75,8.75,21.25,102.25,0.5177499999999999,0.46,0.31500000000000006,0.31825,23.825,73.675,47.05,55.974999999999994,7.824999999999999,10.65,8.099999999999998,100.0,110.17500000000001,116.975,48.53125000000001,48.53125000000001,2.10525,0.41425,CHO,240.0,35.75,81.5,0.44300000000000006,12.0,28.75,0.41400000000000003,24.75,29.75,0.8465,11.0,35.75,46.75,23.0,5.5,7.5,12.0,22.25,108.25,0.5745,0.5175000000000001,0.3545,0.3785,26.325,76.175,52.95,64.25,5.925000000000001,12.524999999999999,11.274999999999999,100.0,116.975,110.175,48.315625,48.315625,2.246,0.477
201601040MIA,IND,246.25,37.25,84.75,0.4425,8.5,24.0,0.35225,17.75,24.25,0.72,10.0,32.0,42.0,16.25,11.5,6.25,14.5,22.0,100.75,0.531,0.4935,0.28475,0.29200000000000004,21.700000000000003,76.60000000000001,48.575,42.875,11.725,9.55,13.25,100.0,102.7,99.425,50.38437499999999,51.74374999999999,1.9972499999999997,0.31775,IND,246.25,36.5,82.5,0.44699999999999995,5.25,19.25,0.288,19.5,27.5,0.7065,10.0,34.75,44.75,16.5,8.0,7.0,16.75,19.5,97.75,0.52,0.47950000000000004,0.23600000000000002,0.3385,23.4,78.3,51.425,45.9,8.15,11.475,15.075,100.0,99.425,102.69999999999999,51.15625,52.5341796875,1.90775,0.32275
201601040MIL,SAS,240.0,41.0,78.75,0.521,7.75,16.25,0.49125,19.0,24.25,0.82,7.25,33.25,40.5,25.75,9.5,6.0,12.75,16.5,108.75,0.6074999999999999,0.5695,0.2055,0.3135,20.400000000000002,81.525,53.375,62.699999999999996,10.149999999999999,9.075,12.5,100.0,115.69999999999999,96.57499999999999,47.884375000000006,47.884375000000006,2.2699999999999996,0.536,SAS,240.0,36.5,80.75,0.45325,5.5,17.25,0.3095,12.25,20.25,0.6445,7.5,27.75,35.25,23.5,7.75,3.5,15.0,22.0,90.75,0.506,0.488,0.21549999999999997,0.25775,18.475,79.60000000000001,46.625,64.125,8.225,5.7,14.325,100.0,96.57499999999999,115.69999999999999,48.934375,48.934375,1.854,0.48025
201601040OKC,SAC,240.0,39.0,83.0,0.46975,9.75,25.75,0.37625000000000003,23.25,33.5,0.6952499999999999,9.25,36.5,45.75,24.5,8.5,4.0,18.0,23.0,111.0,0.5674999999999999,0.5285000000000001,0.311,0.412,21.45,76.45,50.375,64.0,8.2,7.1499999999999995,15.65,100.0,106.725,107.95,53.831250000000004,53.831250000000004,2.06225,0.45525,SAC,240.0,41.0,89.5,0.45999999999999996,12.25,33.75,0.3535,18.0,25.5,0.714,11.75,35.5,47.25,25.5,11.0,7.25,16.25,26.0,112.25,0.55925,0.5285,0.3775,0.28575,23.55,78.55,49.625,61.75,10.575000000000001,12.85,13.950000000000001,100.0,107.94999999999999,106.725,53.05625,53.05625,2.1145,0.48024999999999995
201601040PHI,MIN,240.0,35.75,82.25,0.436,4.0,12.25,0.33599999999999997,15.5,23.5,0.66725,10.25,30.25,40.5,23.25,11.0,4.0,14.0,21.75,91.0,0.492,0.46025,0.14850000000000002,0.28775,22.6,74.625,47.275,64.89999999999999,11.875,7.675000000000001,13.05,100.0,97.65,104.2,48.58125,48.58125,1.883,0.48275,MIN,240.0,34.5,78.25,0.442,9.25,26.75,0.3625,19.5,26.0,0.7464999999999999,10.75,34.25,45.0,21.0,6.75,5.25,16.0,19.0,97.75,0.5445,0.5,0.336,0.3345,25.375000000000004,77.4,52.725,60.55,7.3,7.550000000000001,15.125,100.0,104.19999999999999,97.64999999999999,47.925000000000004,47.925000000000004,2.035,0.437
201601040POR,MEM,252.5,38.25,84.5,0.4545,6.0,17.0,0.34975,15.0,22.25,0.68475,11.75,32.0,43.75,23.25,8.0,4.75,10.5,22.0,97.5,0.519,0.49025,0.20124999999999998,0.26475,25.65,76.1,50.025000000000006,60.2,8.775,10.274999999999999,9.975,100.0,107.55,103.55,46.909375,49.31627604249999,2.08425,0.49824999999999997,MEM,252.5,31.5,76.75,0.41075,10.5,29.25,0.35650000000000004,20.5,27.5,0.71875,10.5,33.25,43.75,19.25,6.25,7.75,14.75,22.0,94.0,0.5309999999999999,0.48050000000000004,0.384,0.3615,23.9,74.35,49.974999999999994,61.375,6.874999999999999,11.375,14.299999999999999,100.0,103.55,107.54999999999998,47.03125,49.490234375,1.999,0.41000000000000003
201601040UTA,HOU,240.0,37.5,77.0,0.489,11.75,26.25,0.4535,22.25,30.25,0.755,7.25,30.5,37.75,22.75,8.5,4.0,14.75,20.75,109.0,0.6037499999999999,0.5647500000000001,0.33825,0.3995,18.925,73.625,47.325,60.724999999999994,8.775,6.875,14.0,100.0,113.05000000000001,120.82499999999999,49.434375,49.434375,2.2062500000000003,0.46125,HOU,240.0,42.25,86.0,0.494,12.75,28.0,0.47575,19.25,24.25,0.8062499999999999,11.25,30.5,41.75,29.5,8.0,5.5,14.0,20.75,116.5,0.6052500000000001,0.5685,0.32175,0.2855,26.374999999999996,81.07499999999999,52.675,69.725,8.225,10.85,12.7,100.0,120.825,113.05,50.134375,50.134375,2.326,0.5882499999999999
201601050ATL,NYK,240.0,37.75,85.0,0.446,7.25,20.0,0.36250000000000004,15.0,18.0,0.83025,10.5,32.5,43.0,20.25,5.5,6.5,12.5,21.25,97.75,0.52825,0.489,0.23424999999999999,0.21150000000000002,24.975,72.775,49.825,53.0,5.95,10.325,11.774999999999999,100.0,106.75,109.7,47.775,47.775,2.0484999999999998,0.42474999999999996,NYK,240.0,37.25,85.75,0.43474999999999997,9.0,22.25,0.42575,16.75,22.75,0.7364999999999999,12.25,31.75,44.0,23.0,6.5,5.5,10.5,17.75,100.25,0.5237499999999999,0.48724999999999996,0.259,0.266,27.225,75.025,50.2,61.575,7.025,8.475,9.85,100.0,109.69999999999999,106.75,47.403125,47.403125,2.1212500000000003,0.48650000000000004
201601050CHI,MIL,240.0,40.75,82.25,0.4955,6.75,14.5,0.451,20.75,28.75,0.7222500000000001,11.25,29.75,41.0,22.5,7.75,6.25,14.5,21.75,109.0,0.57425,0.53575,0.17775,0.3595,26.425,72.025,49.375,55.975,7.95,10.299999999999999,13.350000000000001,100.0,112.025,116.85000000000001,49.578125,49.578125,2.19175,0.45325000000000004,MIL,240.0,41.5,85.5,0.48425,8.25,21.5,0.36524999999999996,22.5,27.5,0.8,11.75,30.0,41.75,24.75,10.5,6.0,14.75,20.5,113.75,0.5810000000000001,0.53275,0.25275000000000003,0.3225,27.975,73.57499999999999,50.625,59.400000000000006,10.825000000000001,8.925,13.15,100.0,116.85000000000001,112.025,50.78125,50.78125,2.2325,0.48725
201601050DAL,SAC,240.0,41.5,86.25,0.48325,9.25,24.0,0.3855,24.25,35.5,0.67975,10.75,36.25,47.0,25.5,7.75,4.75,16.25,21.0,116.5,0.573,0.53725,0.27975000000000005,0.4195,25.474999999999998,77.475,52.849999999999994,61.925,7.449999999999999,8.350000000000001,13.825,100.0,112.1,109.375,54.306250000000006,54.306250000000006,2.14725,0.47,SAC,240.0,41.25,88.75,0.46625,12.25,32.75,0.364,19.0,27.25,0.7004999999999999,11.0,33.0,44.0,26.5,9.5,8.25,15.5,27.0,113.75,0.56675,0.5352499999999999,0.36925,0.30675,22.525,74.525,47.150000000000006,64.0,9.1,13.575,13.374999999999998,100.0,109.375,112.1,53.096875000000004,53.096875000000004,2.14175,0.49924999999999997
201601050LAL,GSW,246.25,41.0,84.5,0.484,10.75,26.0,0.411,14.0,20.0,0.758,8.0,33.0,41.0,30.25,7.5,4.75,13.5,19.75,106.75,0.57175,0.54725,0.3065,0.23825000000000002,19.65,75.4,48.275,73.05,7.725,7.725,12.55,100.0,109.85000000000001,111.65,49.74999999999999,51.064127605,2.1435,0.6060000000000001,GSW,246.25,40.0,87.75,0.45875,9.5,27.0,0.35475,18.75,22.75,0.8240000000000001,12.0,32.5,44.5,20.75,8.25,2.5,13.5,19.0,108.25,0.5595,0.5155000000000001,0.311,0.264,24.6,80.35,51.725,51.7,8.424999999999999,4.1499999999999995,12.225,100.0,111.65,109.85,50.028125,51.3943359375,2.1685,0.41325
201601060BOS,DET,240.0,38.5,89.0,0.43424999999999997,10.25,28.0,0.34675,14.75,22.25,0.666,14.25,34.0,48.25,21.75,6.0,3.75,11.5,16.5,102.0,0.518,0.49224999999999997,0.3165,0.25075000000000003,31.6,85.125,56.475,56.224999999999994,6.5,5.9750000000000005,10.375,100.0,110.77499999999999,103.65,48.409375,48.409375,2.11925,0.45275000000000004,DET,240.0,36.75,79.75,0.46175,6.5,17.0,0.3865,15.25,19.0,0.83425,5.75,31.5,37.25,18.25,6.75,6.75,11.5,20.0,95.25,0.54175,0.503,0.215,0.24225,14.875,68.4,43.525000000000006,49.224999999999994,7.25,10.8,11.45,100.0,103.65,110.775,47.2625,47.2625,2.0255,0.386
201601060BRK,TOR,240.0,35.5,84.5,0.42175000000000007,10.5,26.75,0.38625000000000004,21.25,26.25,0.8242499999999999,14.0,29.0,43.0,20.0,6.5,5.75,11.5,18.25,102.75,0.5365,0.48275,0.31325,0.3195,29.875,72.8,49.37500000000001,56.25,7.300000000000001,10.5,10.6,100.0,114.675,118.05000000000001,47.234375,47.234375,2.183,0.4285,TOR,240.0,38.0,82.0,0.467,11.0,27.0,0.40525,18.5,21.5,0.8547499999999999,10.25,32.0,42.25,21.75,6.25,5.75,11.0,20.75,105.5,0.58,0.53575,0.33275000000000005,0.26575,27.2,70.125,50.625,57.125,6.9750000000000005,9.875,10.775,100.0,118.05,114.67500000000001,46.48125,46.48125,2.2775000000000003,0.4675
201601060MIA,NYK,240.0,39.5,83.75,0.47225,7.5,19.75,0.37925000000000003,15.25,18.0,0.8407500000000001,10.0,32.5,42.5,21.5,5.75,7.0,11.5,20.5,101.75,0.5555,0.51725,0.2345,0.21550000000000002,25.950000000000003,72.0,50.925000000000004,54.125,6.3,11.9,11.075,100.0,112.275,111.19999999999999,46.900000000000006,46.900000000000006,2.168,0.45699999999999996,NYK,240.0,37.5,86.25,0.435,10.75,27.0,0.422,14.75,20.25,0.722,12.75,28.75,41.5,24.0,6.0,5.5,11.25,17.75,100.5,0.5285,0.49724999999999997,0.31225,0.23525000000000001,28.0,74.05,49.1,63.95,6.525,8.575,10.525,100.0,111.19999999999999,112.275,47.184375,47.184375,2.136,0.50925
201601060MIN,DEN,246.25,38.0,90.25,0.42125,7.25,25.75,0.28425,17.75,25.25,0.73,15.75,31.5,47.25,21.25,7.75,4.25,13.25,20.75,101.0,0.49924999999999997,0.4625,0.28525,0.29025,30.075,77.19999999999999,51.275,55.725,8.05,7.35,11.575000000000001,100.0,105.275,111.05000000000001,49.871874999999996,51.238085937499996,2.0275,0.42499999999999993,DEN,246.25,40.5,84.25,0.48150000000000004,9.0,26.25,0.33725,16.5,24.25,0.68275,9.25,35.5,44.75,24.0,8.25,4.25,12.25,22.5,106.5,0.5612499999999999,0.535,0.31124999999999997,0.29075,22.8,69.92500000000001,48.724999999999994,58.75,8.5,6.624999999999999,11.400000000000002,100.0,111.05,105.275,49.384375,50.698502604999995,2.158,0.48525
201601060NOP,DAL,252.5,38.75,87.75,0.44225000000000003,10.75,28.25,0.386,14.5,19.0,0.77,10.25,34.75,45.0,21.0,8.75,2.75,13.5,16.25,102.75,0.535,0.50375,0.3225,0.21675,20.950000000000003,79.925,48.525,55.224999999999994,8.674999999999999,4.35,12.25,100.0,104.1,106.25,50.0125,52.95325520749999,2.05375,0.4225,DAL,252.5,41.5,86.25,0.48124999999999996,8.25,22.25,0.37175,13.25,17.75,0.73075,8.5,38.75,47.25,22.5,9.25,1.0,15.5,18.5,104.5,0.55675,0.5285,0.25475,0.209,20.075,79.05000000000001,51.475,54.425000000000004,9.100000000000001,1.6749999999999998,14.0,100.0,106.25,104.1,50.840625,53.85234375,2.06325,0.4445
201601060OKC,MEM,252.5,37.75,84.75,0.448,5.0,16.0,0.30775,16.75,23.5,0.72675,12.0,32.75,44.75,23.25,8.25,4.25,10.0,20.75,97.25,0.514,0.47800000000000004,0.18975,0.278,26.125,76.4,50.675,61.0,9.0,8.6,9.5,100.0,106.775,97.69999999999999,46.95625,49.36315104249999,2.0775,0.49774999999999997,MEM,252.5,31.5,77.5,0.40650000000000003,8.75,28.25,0.3095,17.25,25.5,0.65625,10.5,33.0,43.5,17.5,5.5,5.5,16.0,20.75,89.0,0.5015000000000001,0.46325000000000005,0.36524999999999996,0.32875,23.6,73.875,49.325,55.125,6.0249999999999995,8.125,15.35,100.0,97.7,106.775,47.55625,50.015234375,1.8737499999999998,0.369
201601060ORL,IND,252.5,37.0,86.5,0.43174999999999997,8.75,24.5,0.35650000000000004,19.75,26.0,0.7609999999999999,10.75,35.0,45.75,18.5,8.5,6.25,13.5,23.5,102.5,0.5275000000000001,0.48324999999999996,0.2845,0.30674999999999997,22.725,75.3,49.525,49.1,8.55,9.125,12.2,100.0,104.02499999999999,103.10000000000001,50.8,53.485872395,2.0162500000000003,0.36025,IND,252.5,37.25,86.5,0.43674999999999997,5.0,18.5,0.28475,22.25,31.0,0.70875,11.75,35.0,46.75,16.0,7.0,7.0,13.5,21.25,101.75,0.51225,0.46625,0.2125,0.36224999999999996,24.700000000000003,77.275,50.474999999999994,43.3,7.075,11.299999999999999,11.849999999999998,100.0,103.10000000000001,104.025,51.487500000000004,54.1743489575,1.9754999999999998,0.31075
201601060PHO,CHO,240.0,34.75,85.75,0.40475,8.0,26.25,0.30474999999999997,23.0,26.75,0.8725,11.5,28.5,40.0,17.0,7.25,4.5,9.0,20.25,100.5,0.51475,0.4515,0.30574999999999997,0.31175,24.4,74.925,46.975,49.575,7.875000000000001,8.45,8.4,100.0,109.225,121.15,47.978125000000006,47.978125000000006,2.0935,0.35400000000000004,CHO,240.0,38.25,82.0,0.46925000000000006,13.5,30.0,0.44675,21.5,25.5,0.89,10.25,35.5,45.75,25.0,4.75,8.75,12.0,22.75,111.5,0.6005,0.552,0.367,0.328,25.075,75.6,53.025,64.875,5.200000000000001,14.399999999999999,11.399999999999999,100.0,121.15,109.225,47.93125,47.93125,2.32775,0.5215000000000001
201601060POR,LAC,240.0,40.5,80.0,0.5102500000000001,11.0,27.5,0.405,21.75,27.5,0.7885000000000001,7.5,35.0,42.5,25.5,8.25,5.75,13.5,18.75,113.75,0.6205,0.58025,0.345,0.3545,19.7,76.525,51.2,63.699999999999996,8.549999999999999,9.5,12.799999999999999,100.0,118.25,103.125,49.53125,49.53125,2.2995,0.516,LAC,240.0,37.25,86.5,0.43075,8.0,25.5,0.31575,16.5,23.0,0.6735,11.0,29.5,40.5,22.5,8.0,3.25,13.5,21.75,99.0,0.511,0.47675,0.295,0.26475000000000004,23.474999999999998,80.3,48.825,60.0,8.275,6.275,12.325000000000001,100.0,103.125,118.25,49.9625,49.9625,1.9827500000000002,0.45075
201601060SAS,UTA,246.25,33.0,79.0,0.41575000000000006,11.5,32.0,0.3645,15.5,21.0,0.7342500000000001,12.75,31.75,44.5,17.0,7.0,6.0,13.75,21.5,93.0,0.5265000000000001,0.48825,0.40475,0.271,28.85,78.45,52.800000000000004,52.324999999999996,8.125,11.1,13.3,100.0,107.42499999999998,106.725,44.9875,46.2283854175,2.0812500000000003,0.38,UTA,246.25,34.25,76.0,0.45225000000000004,9.75,22.5,0.439,14.25,22.0,0.661,8.75,31.25,40.0,20.0,7.5,2.25,11.75,18.0,92.5,0.5429999999999999,0.517,0.29900000000000004,0.29,21.549999999999997,71.15,47.199999999999996,58.075,8.55,4.9750000000000005,12.125,100.0,106.725,107.42500000000001,44.72500000000001,45.979557292500004,2.07525,0.44999999999999996
201601060WAS,CLE,240.0,36.5,78.25,0.46900000000000003,12.5,33.25,0.359,19.5,28.0,0.70275,10.5,33.0,43.5,21.75,8.0,4.0,11.5,18.25,105.0,0.585,0.55175,0.4325,0.35874999999999996,26.1,76.975,51.55,59.974999999999994,8.774999999999999,7.200000000000001,11.35,100.0,117.525,101.44999999999999,46.275,46.275,2.282,0.47350000000000003,CLE,240.0,34.5,79.25,0.43674999999999997,7.5,23.25,0.32725,14.25,19.25,0.74975,9.75,32.0,41.75,19.5,6.5,3.5,14.25,22.5,90.75,0.518,0.48450000000000004,0.29375,0.2495,23.025,73.9,48.45,56.525000000000006,7.25,7.325,13.85,100.0,101.45,117.52499999999999,46.446875000000006,46.446875000000006,1.9642499999999998,0.42300000000000004
201601070CHI,BOS,240.0,36.75,89.75,0.40950000000000003,6.5,27.0,0.2445,19.5,24.75,0.789,12.5,33.25,45.75,21.25,7.5,4.75,10.25,23.25,99.5,0.49450000000000005,0.44575,0.30175,0.2765,25.15,71.1,47.425,57.95,7.85,7.8500000000000005,9.2,100.0,104.0,105.72500000000001,49.628125,49.628125,2.0065,0.428,BOS,240.0,36.5,86.5,0.422,7.0,23.0,0.30625,21.25,27.0,0.8055000000000001,13.5,37.0,50.5,19.75,4.5,3.75,14.0,22.0,101.25,0.5152500000000001,0.464,0.2725,0.3215,28.900000000000002,74.875,52.575,54.05,4.675,5.825,12.524999999999999,100.0,105.72500000000001,104.0,49.912499999999994,49.912499999999994,2.02775,0.3945
201601070HOU,UTA,246.25,35.25,78.75,0.44525000000000003,10.75,26.75,0.39775,16.25,20.5,0.79525,11.5,30.5,42.0,18.5,7.0,4.75,13.5,19.75,97.5,0.555,0.51325,0.33975,0.2655,27.45,79.95,52.5,53.125,7.949999999999999,9.275,13.2,100.0,110.49999999999999,112.45,45.24375,46.4846354175,2.1662500000000002,0.40975,UTA,246.25,38.25,78.25,0.48650000000000004,10.75,25.25,0.42125,12.5,18.5,0.69575,7.5,30.25,37.75,21.75,6.75,2.0,12.5,19.25,99.75,0.5785,0.55625,0.3275,0.24,20.05,72.55,47.5,55.675,7.475,3.9750000000000005,12.7,100.0,112.45000000000002,110.5,46.01875,47.27330729249999,2.167,0.46950000000000003
201601070PHI,ATL,240.0,37.0,86.0,0.4295,10.75,32.75,0.3185,16.75,22.25,0.7454999999999999,11.75,28.75,40.5,22.75,8.25,5.5,15.0,19.5,101.5,0.52875,0.49075,0.3775,0.26175000000000004,24.9,73.6,47.5,61.05,8.55,9.375,13.674999999999999,100.0,106.0,111.4,49.909375,49.909375,2.03,0.45425000000000004,ATL,240.0,40.25,82.75,0.48875,8.5,22.5,0.38,17.5,23.75,0.74925,10.25,34.25,44.5,19.75,9.25,5.0,14.5,20.0,106.5,0.5725,0.5409999999999999,0.27149999999999996,0.2985,26.4,75.1,52.5,48.525,9.700000000000001,9.4,13.425,100.0,111.4,106.0,49.140625,49.140625,2.16775,0.40175
201601070SAC,LAL,240.0,35.75,89.0,0.40175,6.75,19.5,0.34725,19.25,24.75,0.774,12.5,39.5,52.0,20.0,7.75,4.75,11.75,17.75,97.5,0.489,0.43975,0.21975,0.27749999999999997,24.475,79.325,51.8,55.7,8.1,7.9750000000000005,10.575,100.0,101.19999999999999,97.05,50.003125000000004,50.003125000000004,1.9497499999999999,0.40075,LAL,240.0,35.25,86.75,0.40650000000000003,7.5,27.25,0.26675,15.5,20.0,0.775,10.25,38.25,48.5,21.5,7.5,7.0,12.5,19.5,93.5,0.48824999999999996,0.44975,0.31399999999999995,0.23174999999999998,20.7,75.525,48.2,60.8,7.800000000000001,10.05,11.55,100.0,97.05,101.19999999999999,49.25,49.25,1.89975,0.43725
201601080BRK,ORL,240.0,34.25,80.25,0.4255,5.75,24.0,0.246,12.0,13.25,0.89325,6.5,31.75,38.25,19.75,5.0,4.75,13.5,19.75,86.25,0.5005,0.46125000000000005,0.30074999999999996,0.16725,15.399999999999999,71.15,43.900000000000006,57.0,5.525,8.425,13.45,100.0,95.19999999999999,115.25,46.771874999999994,46.771874999999994,1.8455000000000001,0.4205,ORL,240.0,38.0,84.5,0.448,10.0,28.75,0.34299999999999997,18.25,24.75,0.77275,12.75,36.0,48.75,23.25,8.5,4.5,9.75,16.0,104.25,0.546,0.507,0.34099999999999997,0.3015,28.85,84.6,56.1,61.55,9.299999999999999,8.0,9.25,100.0,115.25000000000001,95.20000000000002,46.628125,46.628125,2.241,0.5002500000000001
201601080LAL,OKC,240.0,38.5,82.75,0.466,8.5,22.5,0.385,23.25,29.25,0.78675,11.5,33.75,45.25,23.0,6.0,8.75,13.75,22.75,108.75,0.5695,0.51725,0.27125,0.35600000000000004,28.175,76.25,53.2,59.425,6.350000000000001,13.375,12.55,100.0,114.29999999999998,106.375,49.446875,49.446875,2.2047499999999998,0.4685,OKC,240.0,36.75,86.25,0.42675,7.0,20.0,0.3545,21.0,27.5,0.7850000000000001,10.0,29.5,39.5,22.25,8.25,5.5,10.75,22.25,101.5,0.518,0.46775,0.2325,0.31725000000000003,23.775,71.825,46.800000000000004,60.725,8.7,9.25,9.775,100.0,106.375,114.30000000000001,50.03125,50.03125,2.02975,0.44475
201601080MEM,DEN,246.25,36.0,88.25,0.40674999999999994,8.0,24.75,0.33225000000000005,18.75,26.75,0.72475,16.0,29.75,45.75,22.0,6.5,4.5,11.5,20.75,98.75,0.4935,0.45325,0.27949999999999997,0.31174999999999997,30.925000000000004,76.925,51.1,61.675000000000004,6.925,7.825,10.325000000000001,100.0,106.8,109.80000000000001,48.228125,49.5943359375,2.0415,0.45575,DEN,246.25,38.0,81.0,0.46699999999999997,8.75,23.5,0.36,17.0,23.75,0.7224999999999999,9.0,34.75,43.75,25.5,6.5,4.75,11.5,23.25,101.75,0.55275,0.51975,0.285,0.29525,23.075,69.075,48.9,68.1,6.95,7.5249999999999995,11.100000000000001,100.0,109.8,106.8,47.390625,48.704752604999996,2.1335,0.5375000000000001
201601080MIL,DAL,252.5,37.5,89.0,0.42050000000000004,9.0,28.5,0.31875,15.25,19.5,0.786,10.0,35.0,45.0,21.5,9.0,3.25,12.25,16.0,99.25,0.50725,0.47075,0.32075,0.219,19.475,77.4,46.55,58.2,8.95,5.15,11.049999999999999,100.0,100.32499999999999,106.225,50.25625,53.1970052075,1.969,0.43074999999999997,DAL,252.5,41.75,89.0,0.472,8.25,25.0,0.338,12.75,16.75,0.7432500000000001,10.25,40.5,50.75,23.0,8.75,2.25,15.0,18.5,104.5,0.54525,0.51775,0.2775,0.18925,22.6,80.525,53.449999999999996,55.45,8.55,3.8000000000000003,13.349999999999998,100.0,106.225,100.32499999999999,50.853125000000006,53.864843750000006,2.06275,0.45475
201601080MIN,CLE,240.0,40.25,82.75,0.48750000000000004,11.25,30.25,0.35874999999999996,18.25,26.5,0.6937500000000001,11.25,34.0,45.25,20.5,8.25,2.75,9.75,18.75,110.0,0.5862499999999999,0.55725,0.36975,0.324,27.775000000000002,82.025,54.4,52.400000000000006,8.925,4.95,9.375,100.0,121.15000000000002,104.6,46.91875,46.91875,2.35675,0.441,CLE,240.0,36.0,78.5,0.46099999999999997,8.25,23.0,0.363,15.0,21.0,0.73225,7.5,31.5,39.0,22.25,6.25,3.5,13.25,21.25,95.25,0.5435000000000001,0.5145,0.29375,0.275,17.975,72.225,45.6,61.075,6.85,6.925,13.0,100.0,104.60000000000001,121.15,47.1125,47.1125,2.02825,0.47425000000000006
201601080NOP,IND,246.25,35.75,81.25,0.44175000000000003,8.5,24.5,0.34525000000000006,21.25,27.25,0.7785,9.0,35.75,44.75,18.75,7.75,6.0,14.5,22.75,101.25,0.545,0.494,0.3,0.3405,21.225,77.9,50.875,51.800000000000004,8.05,9.675,13.524999999999999,100.0,104.85000000000001,101.0,49.846875,51.173372395,2.028,0.37225,IND,246.25,36.0,84.75,0.4305,5.0,21.75,0.25,20.75,28.5,0.74025,10.5,32.75,43.25,16.5,7.25,6.0,12.5,21.75,97.75,0.50625,0.46075,0.25825000000000004,0.3375,22.1,78.775,49.125,46.45,7.4750000000000005,10.75,11.524999999999999,100.0,100.99999999999999,104.85,50.143750000000004,51.45266927,1.9457499999999999,0.3295
201601080PHO,MIA,246.25,39.0,85.0,0.46075000000000005,6.0,20.0,0.29500000000000004,15.0,18.75,0.8005,11.0,36.75,47.75,19.75,4.75,5.5,11.0,17.5,99.0,0.53425,0.49625,0.2345,0.2165,24.975,77.85,52.35,50.099999999999994,5.175,8.85,10.674999999999999,100.0,109.17499999999998,98.075,46.953125,48.26204427,2.11075,0.42300000000000004,MIA,246.25,34.75,85.75,0.41400000000000003,5.5,24.25,0.255,13.75,17.5,0.7855,10.75,32.75,43.5,18.5,5.25,3.25,10.0,16.75,88.75,0.482,0.44525,0.2735,0.20625000000000002,22.15,75.02499999999999,47.650000000000006,54.3,5.85,5.0,9.8,100.0,98.07499999999999,109.17500000000001,46.65625,47.982747395,1.9125,0.397
201601080POR,GSW,246.25,42.75,85.75,0.4985,12.25,29.0,0.42375,13.5,19.25,0.761,8.5,36.75,45.25,31.75,7.5,7.0,13.0,19.5,111.25,0.5905,0.56975,0.33775,0.22525,20.8,76.375,50.6,74.15,7.65,10.95,12.025,100.0,113.825,104.0,49.69687499999999,51.011002605,2.23925,0.63775,GSW,246.25,36.75,90.0,0.4105,7.25,25.5,0.28450000000000003,21.0,25.25,0.83225,12.75,31.75,44.5,19.5,8.5,2.5,12.75,18.25,101.75,0.508,0.4525,0.2865,0.2855,23.625,79.2,49.4,52.725,8.65,4.35,11.25,100.0,104.0,113.82499999999999,50.996875,52.3630859375,1.9955,0.38075000000000003
201601080SAS,NYK,240.0,38.5,81.5,0.47550000000000003,6.25,17.75,0.348,16.0,18.25,0.8707499999999999,9.75,32.25,42.0,19.5,6.0,6.25,11.75,20.5,99.25,0.55675,0.51325,0.21225,0.226,25.424999999999997,73.0,51.25,50.375,6.65,10.600000000000001,11.575,100.0,110.44999999999999,110.42500000000001,46.084375,46.084375,2.1545,0.4195,NYK,240.0,37.5,84.5,0.44375,8.75,24.5,0.35900000000000004,15.25,19.75,0.77875,12.0,28.5,40.5,22.25,5.0,5.5,12.0,18.25,99.0,0.531,0.495,0.28825,0.23325,27.0,74.575,48.775000000000006,59.2,5.425,8.625,11.375,100.0,110.42500000000001,110.45,46.940625,46.940625,2.114,0.473
201601080WAS,TOR,240.0,37.25,84.0,0.446,10.0,26.25,0.36924999999999997,17.5,21.0,0.855,13.25,28.25,41.5,20.5,8.25,6.0,11.75,18.0,102.0,0.5475,0.504,0.30874999999999997,0.25675000000000003,29.2,73.475,49.400000000000006,55.175,9.25,11.024999999999999,11.175,100.0,114.65,114.225,46.237500000000004,46.237500000000004,2.20625,0.44500000000000006,TOR,240.0,37.0,79.75,0.46575,10.25,25.5,0.3925,17.0,20.25,0.80925,9.75,31.25,41.0,20.25,6.25,5.75,13.0,18.5,101.25,0.5705,0.531,0.32075000000000004,0.2555,26.525,70.8,50.599999999999994,54.5,7.0249999999999995,9.875,12.825000000000001,100.0,114.22500000000001,114.65,46.309375,46.309375,2.19525,0.43799999999999994
201601090ATL,CHI,240.0,41.5,86.0,0.48500000000000004,8.25,19.5,0.4315,19.0,21.75,0.876,10.25,38.5,48.75,25.0,4.25,8.0,12.25,16.5,110.25,0.579,0.5329999999999999,0.22675,0.25525,25.575,73.375,53.0,60.425,4.475,11.325,11.25,100.0,116.425,103.19999999999999,49.165625,49.165625,2.25225,0.5117499999999999,CHI,240.0,38.5,94.0,0.40850000000000003,7.5,22.75,0.32749999999999996,13.5,18.0,0.73775,14.0,29.25,43.25,20.5,7.25,5.25,10.0,20.5,98.0,0.48075,0.44875,0.24375000000000002,0.1925,26.624999999999996,74.425,47.025,52.775,7.5,8.025,8.975000000000001,100.0,103.2,116.42500000000001,49.275,49.275,1.99025,0.4155
201601090DET,BRK,240.0,32.5,82.25,0.39475,5.25,21.0,0.253,16.0,20.25,0.75675,11.5,34.25,45.75,18.5,5.25,3.5,15.25,17.75,86.25,0.47175,0.42775,0.25725,0.24575,23.775,72.125,47.975,56.8,5.674999999999999,5.65,14.475,100.0,93.75,101.775,47.809374999999996,47.809374999999996,1.80025,0.386,BRK,240.0,35.75,85.75,0.41700000000000004,7.5,25.75,0.28775,14.5,17.75,0.7965,13.25,36.0,49.25,20.0,9.25,5.0,13.0,20.5,93.5,0.49975,0.46075,0.301,0.2055,27.875,76.22500000000001,52.025,56.3,10.075,8.3,12.25,100.0,101.775,93.75,46.965625,46.965625,1.98875,0.4295
201601090LAC,CHO,240.0,34.75,85.5,0.406,8.5,25.75,0.328,18.75,23.25,0.82075,9.5,31.0,40.5,17.0,7.5,5.0,9.5,17.5,96.75,0.506,0.45575,0.301,0.27275,20.450000000000003,79.625,47.25,49.574999999999996,8.0,9.075,8.975,100.0,103.44999999999999,116.30000000000001,48.271875,48.271875,2.0060000000000002,0.35150000000000003,CHO,240.0,39.25,85.25,0.461,14.5,30.75,0.46575,15.75,18.5,0.881,8.75,37.0,45.75,24.5,5.75,7.5,12.0,21.5,108.75,0.584,0.5455,0.3595,0.22250000000000003,20.375,79.55000000000001,52.75,61.87499999999999,6.1000000000000005,12.225,11.375,100.0,116.30000000000001,103.45,48.64375,48.64375,2.236,0.5032500000000001
201601090ORL,WAS,240.0,37.25,85.75,0.43850000000000006,8.5,26.25,0.336,12.25,16.25,0.7887500000000001,8.75,31.0,39.75,23.25,8.0,4.25,12.5,15.75,95.25,0.5155000000000001,0.48975,0.30675,0.1965,18.85,78.17500000000001,46.3,61.925,8.425,6.85,11.8,100.0,100.675,107.22500000000001,48.609375,48.609375,1.966,0.48100000000000004,WAS,240.0,40.25,83.75,0.47900000000000004,7.75,21.5,0.353,13.25,16.25,0.7975,8.75,37.25,46.0,20.75,7.5,7.75,14.75,16.5,101.5,0.55675,0.525,0.25375000000000003,0.1985,21.825000000000003,81.15,53.7,51.85,7.949999999999999,12.975000000000001,13.925,100.0,107.22500000000001,100.675,48.734375,48.734375,2.08825,0.42975
201601090PHI,TOR,240.0,36.75,80.0,0.46025,7.5,21.5,0.34475,19.25,23.0,0.84975,9.75,30.0,39.75,18.0,8.5,8.25,14.0,17.75,100.25,0.55625,0.5062500000000001,0.26475,0.294,23.4,77.125,49.8,48.7,9.275,14.649999999999999,13.349999999999998,100.0,108.85,109.05,47.587500000000006,47.587500000000006,2.11375,0.38475000000000004,TOR,240.0,36.75,79.5,0.464,9.75,23.75,0.39425000000000004,16.5,19.5,0.8202499999999999,8.0,31.0,39.0,21.0,6.75,6.25,15.25,20.0,99.75,0.5655,0.52625,0.30125,0.24724999999999997,22.875,76.6,50.2,57.099999999999994,7.25,10.55,14.725,100.0,109.05000000000001,108.85,48.00625,48.00625,2.09725,0.4415
201601090SAC,GSW,246.25,43.5,86.5,0.50275,14.0,31.25,0.445,13.75,17.75,0.81775,6.75,39.75,46.5,32.0,7.0,7.0,12.25,19.5,114.75,0.60825,0.5835,0.36124999999999996,0.20525000000000002,16.775000000000002,73.775,49.35,73.375,7.1000000000000005,10.325,11.45,100.0,116.125,102.475,50.215625,51.529752605,2.28325,0.63575,GSW,246.25,37.25,94.5,0.394,7.25,26.25,0.2755,19.5,25.0,0.7865,14.75,32.75,47.5,19.5,8.25,2.25,11.25,17.0,101.25,0.48125000000000007,0.4325,0.27625,0.2655,26.225,83.225,50.65,51.975,8.299999999999999,4.125,9.625,100.0,102.475,116.125,51.4375,52.8037109375,1.96825,0.37725
201601090UTA,MIA,246.25,36.5,82.75,0.44375,5.75,20.0,0.28125,19.5,24.0,0.83375,10.5,35.0,45.5,19.5,6.0,6.75,10.5,16.75,98.25,0.52925,0.479,0.24125,0.29175,23.3,76.25,50.225,53.025,6.5,10.600000000000001,10.225,100.0,107.4,100.9,47.075,48.38391927,2.0882500000000004,0.41600000000000004,MIA,246.25,36.75,86.75,0.43174999999999997,5.25,22.5,0.261,13.25,17.25,0.762,11.25,33.75,45.0,16.75,5.0,3.5,11.25,19.5,92.0,0.49475,0.46125,0.25075000000000003,0.20175,23.75,76.69999999999999,49.775000000000006,46.475,5.525,5.65,10.75,100.0,100.9,107.4,47.471875000000004,48.798372395,1.9489999999999998,0.353
201601100DEN,CHO,240.0,34.0,85.25,0.39825,7.75,23.5,0.32575000000000004,18.25,23.5,0.7827500000000001,8.75,32.75,41.5,16.75,6.75,4.0,10.75,17.5,94.0,0.49175,0.44375,0.2755,0.27625,19.25,83.19999999999999,48.675,49.849999999999994,7.074999999999999,7.300000000000001,10.05,100.0,99.125,112.92500000000001,49.20625,49.20625,1.909,0.34,CHO,240.0,40.25,85.25,0.472,12.75,30.25,0.4165,13.75,16.5,0.87,7.0,37.0,44.0,24.0,5.75,8.75,11.0,21.5,107.0,0.5795,0.5469999999999999,0.354,0.2005,16.8,80.75,51.325,59.175,6.025,14.05,10.625,100.0,112.92500000000001,99.125,48.543749999999996,48.543749999999996,2.20275,0.49324999999999997
201601100HOU,IND,246.25,34.5,81.0,0.42775,6.5,22.25,0.2965,19.5,25.5,0.76075,10.75,38.75,49.5,17.25,7.25,6.25,15.75,20.75,95.0,0.517,0.46799999999999997,0.27325,0.31999999999999995,24.375,78.125,53.025000000000006,49.900000000000006,7.6499999999999995,10.55,14.600000000000001,100.0,99.85000000000001,93.72500000000001,49.056250000000006,50.382747394999996,1.93775,0.35025,IND,246.25,32.5,86.25,0.37775000000000003,5.75,25.5,0.22025000000000003,18.5,24.75,0.75625,11.0,33.0,44.0,17.25,9.5,4.75,12.25,20.0,89.25,0.46099999999999997,0.412,0.3,0.28400000000000003,21.875,75.625,46.975,53.375,9.95,8.025,11.325,100.0,93.725,99.85,49.628125000000004,50.93704427,1.799,0.34825
201601100LAC,NOP,240.0,35.25,85.0,0.416,7.25,26.0,0.28075,15.0,19.75,0.7522500000000001,9.25,36.5,45.75,20.75,10.5,3.75,14.75,19.25,92.75,0.49550000000000005,0.45899999999999996,0.30525,0.23249999999999998,19.85,77.9,49.75,59.55,10.85,6.425000000000001,13.6,100.0,95.95,99.47500000000001,49.940625,49.940625,1.8555,0.4165,NOP,240.0,36.0,85.25,0.423,8.0,27.25,0.29175,16.0,19.75,0.808,10.25,36.25,46.5,21.75,8.0,5.25,14.75,16.5,96.0,0.51125,0.46975,0.31800000000000006,0.232,22.1,80.15,50.25,60.5,8.25,9.1,13.5,100.0,99.475,95.95,49.565625,49.565625,1.93825,0.4395
201601100LAL,UTA,240.0,36.0,75.75,0.476,8.75,23.75,0.37575000000000003,14.5,19.5,0.7404999999999999,10.0,27.5,37.5,20.5,9.0,4.75,17.0,17.5,95.25,0.5660000000000001,0.5345,0.314,0.25825,25.525,73.85,49.6,57.0,10.075,8.700000000000001,16.8,100.0,106.25,111.7,46.00625,46.00625,2.072,0.44425,UTA,240.0,39.5,77.75,0.50625,8.25,22.25,0.368,13.25,19.25,0.688,10.0,28.0,38.0,20.0,9.0,3.75,15.5,17.25,100.5,0.5832499999999999,0.56025,0.29125,0.2535,26.15,74.475,50.39999999999999,49.150000000000006,10.0,7.325,15.3,100.0,111.69999999999999,106.25000000000001,46.196875,46.196875,2.17,0.42875
201601100MEM,BOS,240.0,36.0,92.25,0.39075,6.0,26.5,0.22975,18.5,24.0,0.7722500000000001,14.0,33.25,47.25,19.75,8.5,4.25,10.5,23.0,96.5,0.47,0.4235,0.28874999999999995,0.2615,27.025,71.475,47.975,54.975,8.8,7.225,9.225000000000001,100.0,100.325,102.225,50.074999999999996,50.074999999999996,1.9315000000000002,0.3955,BOS,240.0,35.5,86.5,0.4115,7.0,23.75,0.29000000000000004,20.5,25.5,0.8267500000000001,13.25,37.75,51.0,20.0,4.25,4.5,15.5,21.0,98.5,0.50525,0.4535,0.2805,0.3055,28.525000000000002,72.975,52.025000000000006,56.0,4.4,6.700000000000001,13.725000000000001,100.0,102.22500000000001,100.325,50.431250000000006,50.431250000000006,1.9542499999999998,0.395
201601100MIN,DAL,252.5,38.25,88.0,0.43375,10.75,31.75,0.34175,15.25,20.0,0.7615000000000001,10.75,34.75,45.5,22.75,9.0,3.75,14.0,18.5,102.5,0.5289999999999999,0.495,0.36375,0.22675,22.674999999999997,73.975,47.800000000000004,60.275,8.95,5.725,12.6,100.0,104.02499999999999,103.42500000000001,50.375,53.315755207500004,2.03525,0.45699999999999996,DAL,252.5,39.5,88.5,0.4475,7.25,22.75,0.338,15.75,21.75,0.73175,12.0,37.0,49.0,23.0,10.5,3.0,15.75,19.5,102.0,0.52025,0.48724999999999996,0.25075,0.2525,26.025,77.32499999999999,52.199999999999996,58.62500000000001,10.524999999999999,5.85,13.774999999999999,100.0,103.425,104.025,51.290625000000006,54.302343750000006,1.9874999999999998,0.44975
201601100NYK,MIL,240.0,38.0,83.5,0.4555,5.25,13.25,0.39225,17.5,25.25,0.67825,13.25,29.0,42.25,23.75,8.25,4.25,13.25,18.75,98.75,0.5235000000000001,0.487,0.15975,0.31575,29.525,69.5,48.575,62.62500000000001,8.925,7.2250000000000005,12.425,100.0,106.25000000000001,112.60000000000001,47.746875,47.746875,2.06825,0.496,MIL,240.0,40.75,85.25,0.47700000000000004,7.75,24.25,0.31125,15.75,20.0,0.7887500000000001,13.0,31.5,44.5,26.25,8.0,6.5,15.0,17.5,105.0,0.5575000000000001,0.52225,0.2855,0.23474999999999996,30.5,70.475,51.425000000000004,64.67500000000001,8.649999999999999,9.125,13.75,100.0,112.60000000000001,106.25,48.375,48.375,2.1639999999999997,0.542
201601100PHI,CLE,240.0,41.5,81.5,0.50975,13.5,31.5,0.4335,21.5,28.25,0.7702500000000001,11.5,33.5,45.0,22.0,7.25,3.25,9.5,19.5,118.0,0.6315,0.59375,0.389,0.34950000000000003,30.125,84.025,57.1,54.599999999999994,8.0,5.775,9.225,100.0,130.925,108.925,46.459374999999994,46.459374999999994,2.54175,0.4755,CLE,240.0,35.75,76.0,0.471,8.75,21.0,0.4205,18.0,24.75,0.74275,6.25,28.0,34.25,23.75,6.25,2.5,11.75,21.75,98.25,0.5642499999999999,0.5285,0.277,0.32625,15.975,69.875,42.9,65.6,6.950000000000001,5.5,11.9,100.0,108.92500000000001,130.925,46.628125,46.628125,2.108,0.509
201601100POR,OKC,240.0,39.25,85.0,0.46125,8.0,21.5,0.37525,24.0,29.75,0.80025,12.5,34.75,47.25,20.0,5.0,8.25,13.75,23.0,110.5,0.5632499999999999,0.5085,0.25325000000000003,0.35400000000000004,30.275,77.5,54.95,51.625,5.175,12.65,12.274999999999999,100.0,115.15,107.27499999999999,50.190625,50.190625,2.20425,0.398,OKC,240.0,36.0,86.75,0.41475,7.25,21.5,0.34099999999999997,24.0,30.5,0.7942500000000001,9.75,29.0,38.75,21.0,8.0,6.0,9.5,21.75,103.25,0.51575,0.45699999999999996,0.24900000000000003,0.352,22.525,69.725,45.050000000000004,58.65,8.350000000000001,9.700000000000001,8.525,100.0,107.27499999999999,115.15,50.493750000000006,50.493750000000006,2.04425,0.414
201601110BRK,SAS,240.0,46.75,88.75,0.5282500000000001,8.75,19.5,0.43225,14.5,17.25,0.835,10.25,32.25,42.5,30.0,8.75,4.5,11.25,19.75,116.75,0.608,0.578,0.22125,0.19424999999999998,26.725,77.19999999999999,53.125,63.925,9.25,6.925,10.450000000000001,100.0,123.85000000000001,105.6,48.971875,48.971875,2.38325,0.61225,SAS,240.0,37.25,80.25,0.46675,7.0,18.25,0.36925,18.0,24.5,0.7685,9.5,28.0,37.5,22.25,5.5,4.0,14.0,17.25,99.5,0.548,0.51025,0.22799999999999998,0.31275000000000003,22.8,73.275,46.875,59.825,5.825,5.8,13.375,100.0,105.6,123.85000000000002,48.19375,48.19375,2.0645,0.46175
201601110CHI,WAS,240.0,37.0,81.75,0.4600000000000001,9.75,25.5,0.40025,12.0,16.25,0.7637499999999999,6.75,28.25,35.0,24.25,7.75,3.75,14.0,19.0,95.75,0.54525,0.5215,0.31174999999999997,0.20225,15.350000000000001,74.35,43.325,64.65,8.3,6.175000000000001,13.600000000000001,100.0,102.725,110.80000000000001,48.359375,48.359375,1.9889999999999999,0.50575,WAS,240.0,39.75,81.0,0.4897500000000001,7.75,20.0,0.37975,16.25,20.25,0.7975,9.75,35.75,45.5,19.0,8.25,7.25,14.75,16.25,103.5,0.5745,0.53675,0.24225000000000002,0.256,25.65,84.65,56.675,48.199999999999996,8.875,12.4,14.075,100.0,110.8,102.72500000000001,47.809375,47.809375,2.172,0.40299999999999997
201601110GSW,MIA,246.25,35.25,81.75,0.43425,5.0,19.0,0.2625,19.25,25.25,0.7577499999999999,12.0,29.75,41.75,16.25,5.75,6.0,11.75,17.0,94.75,0.5125,0.46525000000000005,0.23249999999999998,0.3085,26.049999999999997,76.85,49.425,46.025000000000006,6.324999999999999,10.024999999999999,11.325,100.0,104.65,108.30000000000001,46.746874999999996,48.05579427,2.02675,0.34950000000000003,MIA,246.25,38.75,81.75,0.48375,6.5,20.0,0.34025,13.75,18.5,0.7417499999999999,9.75,33.25,43.0,16.75,6.25,4.75,12.75,20.5,97.75,0.5529999999999999,0.5237499999999999,0.23875,0.2295,23.15,73.94999999999999,50.575,43.325,7.0,7.624999999999999,12.624999999999998,100.0,108.30000000000001,104.65,46.768750000000004,48.095247395,2.10025,0.35924999999999996
201601120DAL,CLE,240.0,41.75,83.5,0.50325,12.75,30.25,0.42275000000000007,19.5,24.25,0.7905,11.75,32.75,44.5,21.0,8.0,3.5,11.0,19.25,115.75,0.619,0.5815,0.36524999999999996,0.2945,30.375,82.85,56.45,51.225,8.7,6.125,10.525,100.0,126.975,109.27499999999999,47.134375,47.134375,2.46475,0.44775,CLE,240.0,37.25,76.25,0.4892500000000001,8.75,19.25,0.44375,16.5,25.25,0.6407499999999999,6.75,28.25,35.0,25.25,7.5,3.75,13.0,19.0,99.75,0.5705,0.5467500000000001,0.25325,0.33199999999999996,17.15,69.625,43.550000000000004,67.525,8.25,7.425,12.85,100.0,109.275,126.97500000000001,47.246875,47.246875,2.117,0.53525
201601120DET,SAS,240.0,46.5,87.75,0.5317500000000001,6.5,16.75,0.37375,13.5,17.25,0.7825,10.75,32.0,42.75,29.0,8.5,5.0,11.5,18.0,113.0,0.5945,0.5685,0.19125,0.19699999999999998,28.475,78.75,54.574999999999996,62.050000000000004,9.125,7.625,10.774999999999999,100.0,121.8,100.675,48.346875,48.346875,2.33575,0.59925,SAS,240.0,36.25,80.0,0.45475,5.25,15.75,0.30875,15.75,19.5,0.8284999999999999,8.75,27.0,35.75,19.5,5.0,3.75,14.0,16.75,93.5,0.528,0.48650000000000004,0.19475,0.24575000000000002,21.25,71.525,45.425,53.625,5.375,5.25,13.75,100.0,100.67500000000001,121.80000000000001,47.25625,47.25625,1.97475,0.41125
201601120IND,PHO,240.0,39.0,87.0,0.45025000000000004,10.25,28.25,0.34824999999999995,12.25,15.75,0.765,7.5,31.25,38.75,20.75,8.25,4.25,14.0,22.75,100.5,0.5357500000000001,0.5097499999999999,0.3265,0.1835,15.524999999999999,77.975,45.150000000000006,52.825,8.399999999999999,7.025,12.950000000000001,100.0,102.575,113.175,50.490624999999994,50.490624999999994,1.984,0.40825,PHO,240.0,41.25,82.75,0.49775,8.75,22.75,0.38425000000000004,19.75,25.75,0.7602500000000001,8.5,37.75,46.25,24.75,8.75,5.0,13.0,16.75,111.0,0.58775,0.5505,0.27375000000000005,0.31425,22.025000000000002,84.475,54.85,60.375,8.95,8.4,12.125,100.0,113.17500000000001,102.575,49.740625,49.740625,2.22425,0.497
201601120LAL,NOP,246.25,36.25,89.5,0.40625,7.5,27.25,0.27749999999999997,18.25,23.25,0.7837500000000001,11.75,37.5,49.25,20.5,11.0,3.5,14.5,19.75,98.25,0.493,0.4485,0.304,0.25925,23.599999999999998,80.325,51.550000000000004,57.475,11.125,6.025,12.725,100.0,98.325,100.975,51.646874999999994,53.11529948,1.8987500000000002,0.39925,NOP,246.25,37.75,85.0,0.44375,8.5,27.75,0.3015,16.75,23.5,0.743,9.0,37.5,46.5,22.25,8.0,4.5,15.25,19.0,100.75,0.5275,0.49349999999999994,0.3245,0.27475,19.675,76.4,48.45,58.825,8.0,7.55,13.75,100.0,100.975,98.325,51.20625,52.653515625,1.9665000000000001,0.434
201601120MEM,HOU,246.25,37.0,76.5,0.48575,10.25,27.25,0.376,17.25,25.75,0.6779999999999999,8.75,31.5,40.25,20.5,9.25,3.0,17.25,18.25,101.5,0.58,0.55275,0.35324999999999995,0.33999999999999997,22.725,76.775,50.475,55.45,9.8,5.4750000000000005,16.375,100.0,107.82499999999999,108.625,48.615624999999994,50.07298177,2.0969999999999995,0.4195,HOU,246.25,39.0,82.25,0.47200000000000003,10.25,28.0,0.374,14.0,17.75,0.7885,9.5,29.75,39.25,26.5,9.75,4.0,15.75,20.0,102.25,0.5665,0.5347500000000001,0.34224999999999994,0.22075,23.225,77.275,49.52499999999999,67.025,10.3,8.175,14.875,100.0,108.625,107.825,48.465625,49.8686197925,2.11325,0.5405
201601120MIL,CHI,240.0,38.75,85.25,0.45575,7.5,20.25,0.3675,20.75,23.75,0.8787499999999999,10.25,37.0,47.25,21.0,5.25,6.75,17.0,14.5,105.75,0.554,0.49949999999999994,0.23800000000000002,0.28200000000000003,24.625,74.025,51.65,53.75,5.25,8.75,15.049999999999999,100.0,105.925,108.15,51.640625,51.640625,2.0509999999999997,0.40800000000000003,CHI,240.0,44.5,98.25,0.4535,7.5,22.25,0.34175,11.5,15.25,0.761,13.25,31.0,44.25,27.25,11.25,6.5,11.25,20.75,108.0,0.516,0.49174999999999996,0.22725,0.1555,25.975,75.375,48.35,60.349999999999994,11.225,10.2,9.7,100.0,108.14999999999999,105.92500000000001,51.746875,51.746875,2.0885,0.52725
201601120MIN,OKC,240.0,39.75,84.25,0.47225000000000006,8.25,21.0,0.39649999999999996,23.0,29.5,0.778,12.0,32.5,44.5,20.75,6.5,6.0,15.5,20.25,110.75,0.5700000000000001,0.52175,0.2495,0.3555,28.525,71.75,50.900000000000006,52.89999999999999,6.65,9.274999999999999,13.75,100.0,113.475,111.94999999999999,50.881249999999994,50.881249999999994,2.1795,0.407,OKC,240.0,39.25,90.75,0.4335,10.5,27.0,0.38075,20.5,25.5,0.81725,13.0,30.25,43.25,23.25,8.0,5.25,12.5,22.0,109.5,0.5375,0.49049999999999994,0.29350000000000004,0.28575,28.275,71.475,49.1,59.2,8.225000000000001,8.4,10.825,100.0,111.95,113.475,51.181250000000006,51.181250000000006,2.14125,0.45275
201601120NYK,BOS,240.0,36.75,92.25,0.39925,6.0,24.0,0.2545,17.25,22.75,0.7605,12.75,31.5,44.25,21.0,10.75,4.25,11.0,24.0,96.75,0.474,0.432,0.26025,0.24725,25.049999999999997,67.9,45.400000000000006,57.35,11.05,7.375,9.675,100.0,100.2,102.075,50.653125,50.653125,1.9145,0.41575,BOS,240.0,33.75,84.25,0.40149999999999997,7.25,23.25,0.31074999999999997,24.0,30.0,0.8067500000000001,15.0,38.0,53.0,17.25,5.0,6.25,17.25,21.5,98.75,0.50775,0.4455,0.2795,0.36524999999999996,32.099999999999994,74.94999999999999,54.599999999999994,50.55,5.1499999999999995,9.2,15.0,100.0,102.075,100.2,50.375,50.375,1.96125,0.342
201601130BOS,IND,246.25,38.0,81.5,0.46549999999999997,7.5,24.5,0.3045,17.75,22.25,0.79325,9.0,35.0,44.0,24.5,10.75,5.75,17.75,19.25,101.25,0.554,0.5115,0.299,0.27999999999999997,22.175000000000004,76.625,50.8,63.849999999999994,10.900000000000002,10.774999999999999,16.2,100.0,102.975,95.3,50.409375,51.81236979249999,2.0112500000000004,0.483,IND,246.25,34.5,85.0,0.405,9.25,30.75,0.298,15.75,21.75,0.74325,10.75,31.75,42.5,21.5,11.25,4.25,18.0,21.25,94.0,0.49650000000000005,0.45925,0.36224999999999996,0.25425,23.375,77.825,49.2,62.25,11.45,7.5,15.924999999999999,100.0,95.3,102.975,51.290625,52.747981769999996,1.82975,0.41775
201601130BRK,NYK,240.0,39.75,81.5,0.4925,6.5,18.25,0.3615,18.25,20.75,0.87525,8.25,31.75,40.0,20.75,4.25,5.25,10.25,17.5,104.25,0.57825,0.5315,0.21949999999999997,0.257,20.95,74.0,48.825,52.099999999999994,4.75,7.9750000000000005,10.275,100.0,114.775,107.69999999999999,46.678125,46.678125,2.2342500000000003,0.44275,NYK,240.0,38.0,85.25,0.445,4.5,18.0,0.24175000000000002,17.5,22.0,0.8162499999999999,11.25,30.75,42.0,20.25,4.75,5.25,10.25,17.0,98.0,0.5157499999999999,0.47125000000000006,0.21175,0.26075,26.0,79.05000000000001,51.175000000000004,53.2,5.199999999999999,8.174999999999999,9.825000000000001,100.0,107.7,114.775,47.349999999999994,47.349999999999994,2.0645000000000002,0.42474999999999996
201601130CHO,ATL,240.0,43.0,89.25,0.47975,11.5,30.25,0.379,13.5,18.25,0.74275,11.0,29.25,40.25,29.25,11.75,7.0,14.75,20.75,111.0,0.56925,0.544,0.34025000000000005,0.20575,24.799999999999997,70.325,46.825,67.65,11.725,10.75,13.175,100.0,112.875,107.69999999999999,50.834374999999994,50.834374999999994,2.1805,0.5722499999999999,ATL,240.0,39.75,85.25,0.46575,7.0,20.0,0.342,18.75,23.5,0.8032499999999999,12.25,33.0,45.25,21.0,7.75,5.75,17.0,17.25,105.25,0.55075,0.5069999999999999,0.23374999999999999,0.27725,29.675,75.2,53.175,52.4,7.9,9.975,14.9,100.0,107.7,112.875,50.58125,50.58125,2.09,0.41800000000000004
201601130DEN,GSW,240.0,44.0,86.5,0.5085,14.25,30.75,0.45,16.75,21.75,0.7712500000000001,8.25,41.5,49.75,30.5,6.25,5.75,13.0,20.0,119.0,0.62,0.5905,0.355,0.2515,19.650000000000002,79.8,53.0,68.92500000000001,6.275,8.450000000000001,11.850000000000001,100.0,118.65,103.4,50.790625,50.790625,2.34,0.59825,GSW,240.0,37.75,92.5,0.40825000000000006,8.0,24.0,0.3295,20.25,25.75,0.79525,10.75,33.75,44.5,23.5,7.25,3.75,10.25,18.5,103.75,0.5,0.45099999999999996,0.2585,0.27825,20.200000000000003,80.35,47.0,61.35,7.1499999999999995,6.7250000000000005,9.0,100.0,103.4,118.65,52.11562500000001,52.11562500000001,1.9885000000000002,0.4515
201601130HOU,MIN,240.0,33.25,78.0,0.4255,5.25,15.25,0.3375,17.25,22.75,0.75775,9.25,29.75,39.0,23.0,7.0,3.75,13.75,20.0,89.0,0.5042500000000001,0.45875,0.19474999999999998,0.29125,22.55,73.85,47.900000000000006,69.9,7.749999999999999,6.2749999999999995,13.350000000000001,100.0,98.82499999999999,110.025,46.653125,46.653125,1.9025,0.49525,MIN,240.0,36.75,80.75,0.45525,9.0,22.25,0.3975,16.75,21.25,0.77375,10.5,31.75,42.25,21.25,7.0,4.5,12.75,19.5,99.25,0.549,0.5105,0.2755,0.26375,26.15,77.45,52.099999999999994,58.825,7.65,7.200000000000001,12.375,100.0,110.025,98.82499999999999,46.54687500000001,46.54687500000001,2.12525,0.45749999999999996
201601130LAC,MIA,240.0,37.0,82.0,0.4525,5.5,18.25,0.29774999999999996,15.25,19.5,0.78425,10.5,30.0,40.5,20.5,5.0,5.5,12.5,16.0,94.75,0.5235,0.486,0.22374999999999998,0.24424999999999997,23.950000000000003,78.94999999999999,49.525000000000006,54.62499999999999,5.525,9.325,12.125,100.0,104.42500000000001,110.9,46.631249999999994,46.631249999999994,2.0315,0.43525,MIA,240.0,39.75,79.75,0.5045,6.25,18.75,0.34475,14.75,19.75,0.745,8.5,33.0,41.5,18.5,6.5,4.25,12.5,18.5,100.5,0.57375,0.544,0.23099999999999998,0.25025,21.050000000000004,76.05,50.474999999999994,46.425,7.25,6.874999999999999,12.525,100.0,110.9,104.42500000000001,46.565625000000004,46.565625000000004,2.163,0.39575
201601130OKC,DAL,246.25,36.75,81.75,0.451,9.5,30.0,0.31525000000000003,15.75,20.25,0.771,11.25,33.0,44.25,23.5,6.0,5.25,13.75,18.5,98.75,0.54525,0.50875,0.365,0.24850000000000003,27.025,69.225,49.85,64.075,6.625,8.674999999999999,13.175,100.0,108.42500000000001,105.4,46.934375,48.2162760425,2.1029999999999998,0.501,DAL,246.25,36.0,87.0,0.41574999999999995,8.0,24.75,0.32825000000000004,16.0,21.75,0.7517499999999999,14.5,30.0,44.5,24.25,9.5,3.75,12.5,21.0,96.0,0.497,0.45975,0.274,0.25575,30.775000000000002,72.975,50.15,67.325,10.425,7.45,11.55,100.0,105.4,108.42499999999998,47.665625000000006,48.923437500000006,2.013,0.50875
201601130POR,UTA,240.0,36.25,74.25,0.48825,7.0,20.5,0.3505,14.5,19.5,0.7404999999999999,7.75,30.0,37.75,20.25,8.75,5.75,16.75,17.0,94.0,0.56825,0.536,0.27525,0.26549999999999996,21.65,70.85,48.575,55.725,9.75,9.274999999999999,16.8,100.0,104.27499999999999,105.67500000000001,46.25625,46.25625,2.032,0.4365,UTA,240.0,38.5,83.0,0.4665,6.25,21.0,0.298,12.5,17.75,0.7142499999999999,12.5,27.25,39.75,19.5,9.25,4.25,14.25,18.75,95.75,0.5295,0.5045,0.25475,0.2185,29.15,78.35,51.425,49.2,10.225,8.125,13.575,100.0,105.67500000000001,104.275,46.590624999999996,46.590624999999996,2.0475000000000003,0.4145
201601130SAC,NOP,246.25,35.75,91.5,0.39025,7.5,28.0,0.26775000000000004,15.75,20.75,0.7464999999999999,12.5,36.25,48.75,20.75,9.5,4.5,12.5,21.75,94.75,0.46975,0.43175,0.30700000000000005,0.2255,24.075,76.425,49.15,58.75,9.675,7.7250000000000005,11.05,100.0,96.425,101.875,50.678124999999994,52.146549480000004,1.8667500000000001,0.41175,NOP,246.25,36.75,86.0,0.42724999999999996,7.5,28.5,0.257,19.0,26.75,0.72775,11.0,39.0,50.0,21.25,7.25,5.0,14.0,19.0,100.0,0.511,0.47050000000000003,0.3295,0.3095,23.575,75.925,50.849999999999994,57.425,7.375,8.225,12.45,100.0,101.875,96.425,50.853125000000006,52.300390625000006,1.965,0.41675
201601130WAS,MIL,240.0,39.5,88.75,0.44400000000000006,4.0,12.75,0.32025000000000003,16.0,25.25,0.6247499999999999,15.0,27.0,42.0,24.75,9.5,5.0,10.25,18.5,99.0,0.4955,0.46625,0.14325000000000002,0.294,31.525,67.225,47.525000000000006,62.575,10.399999999999999,9.375,9.375,100.0,108.2,112.80000000000001,47.996875,47.996875,2.06025,0.51375,MIL,240.0,38.75,84.0,0.46175,9.5,29.0,0.32175,16.25,19.5,0.8282499999999999,13.75,33.0,46.75,25.25,4.75,7.5,14.75,19.5,103.25,0.55775,0.518,0.34500000000000003,0.23175,32.775,68.475,52.474999999999994,65.69999999999999,5.2250000000000005,9.75,13.675,100.0,112.8,108.19999999999999,47.131249999999994,47.131249999999994,2.1875,0.536
201601140GSW,LAL,240.0,35.5,84.0,0.42725,6.5,25.0,0.25725,21.75,25.25,0.8675,10.75,28.0,38.75,17.5,8.75,4.25,12.0,21.75,99.25,0.525,0.46675,0.29875,0.30425,23.725,72.15,46.449999999999996,49.5,9.4,6.65,11.225000000000001,100.0,105.925,110.175,48.621875,48.621875,2.033,0.35925,LAL,240.0,40.25,83.5,0.48150000000000004,5.5,19.25,0.2885,17.0,23.0,0.7289999999999999,11.0,33.5,44.5,21.25,6.5,5.75,13.25,20.0,103.0,0.54925,0.5147499999999999,0.23075,0.2815,27.85,76.275,53.55,52.525,7.025,9.7,12.5,100.0,110.175,105.92500000000001,48.337500000000006,48.337500000000006,2.123,0.43549999999999994
201601140MEM,DET,240.0,39.25,86.25,0.45499999999999996,9.5,26.75,0.34850000000000003,16.0,24.25,0.6625000000000001,12.75,34.5,47.25,22.0,7.0,4.5,12.25,20.25,104.0,0.5375000000000001,0.511,0.313,0.29075,29.750000000000004,80.575,54.974999999999994,56.0,7.45,6.825000000000001,11.225000000000001,100.0,111.37500000000001,101.3,48.634375000000006,48.634375000000006,2.1505,0.45525,DET,240.0,37.25,84.75,0.44075000000000003,5.5,17.75,0.35675,15.25,18.75,0.8390000000000001,8.5,30.5,39.0,21.0,6.25,5.0,12.25,20.25,95.25,0.51325,0.4735,0.2075,0.21825,19.425,70.25,45.025,56.7,6.625,8.674999999999999,11.549999999999999,100.0,101.3,111.375,48.703125,48.703125,1.9547500000000002,0.43075
201601140ORL,TOR,240.0,36.5,75.75,0.48275,5.5,18.0,0.3135,20.5,25.0,0.83375,8.0,31.75,39.75,17.5,8.75,8.0,15.25,17.0,99.0,0.571,0.5195000000000001,0.23725,0.33225,21.175,77.75,50.949999999999996,47.775000000000006,9.575000000000001,14.15,14.75,100.0,108.2,104.25,47.43749999999999,47.43749999999999,2.09475,0.37575000000000003,TOR,240.0,36.0,79.0,0.458,10.25,22.75,0.44875000000000004,12.5,16.75,0.7074999999999999,8.25,29.0,37.25,21.75,8.0,5.5,15.75,21.25,94.75,0.54875,0.5235000000000001,0.29050000000000004,0.21475,22.25,78.85,49.050000000000004,60.075,8.675,9.425,15.35,100.0,104.25,108.2,47.228125000000006,47.228125000000006,2.02775,0.46624999999999994
201601140PHI,CHI,240.0,36.0,85.75,0.42024999999999996,9.25,22.75,0.40524999999999994,20.5,24.75,0.8267499999999999,13.5,36.75,50.25,19.75,4.75,6.25,17.5,18.0,101.75,0.52675,0.474,0.266,0.29225,30.2,74.875,53.575,54.800000000000004,4.8,8.35,15.325,100.0,103.8,110.17499999999998,50.753125,50.753125,2.00975,0.39149999999999996,CHI,240.0,43.75,96.0,0.45625000000000004,6.75,21.5,0.30575,13.75,18.75,0.77,12.5,31.0,43.5,27.25,11.75,8.0,10.0,20.75,108.0,0.51925,0.49125,0.223,0.19649999999999998,25.125,69.8,46.425000000000004,61.39999999999999,11.924999999999999,13.05,8.7,100.0,110.175,103.80000000000001,51.203125,51.203125,2.11175,0.5335
201601140SAS,CLE,246.25,41.5,89.25,0.46775,12.75,33.0,0.39050000000000007,17.0,21.75,0.7725,13.25,32.75,46.0,21.75,9.5,3.5,10.0,19.0,112.75,0.57275,0.53925,0.36725,0.248,28.775,83.4,54.074999999999996,53.475,10.099999999999998,6.225,9.225,100.0,120.05000000000001,108.05000000000001,48.165625000000006,49.423437500000006,2.3434999999999997,0.45124999999999993,CLE,246.25,38.0,77.75,0.48950000000000005,9.5,21.5,0.43674999999999997,16.0,23.5,0.67275,6.5,33.0,39.5,25.5,6.25,4.25,14.75,18.25,101.5,0.5755,0.5505,0.27675,0.30225,16.6,71.225,45.925000000000004,66.875,6.65,7.675,14.3,100.0,108.05000000000001,120.05000000000001,48.581250000000004,49.86315104250001,2.09075,0.5255000000000001
201601140UTA,SAC,252.5,44.5,90.0,0.49575,8.0,24.75,0.3175,14.75,21.0,0.69575,9.0,34.0,43.0,26.75,9.0,4.25,15.5,19.5,111.75,0.56325,0.5395,0.2735,0.23525000000000001,20.9,77.17500000000001,48.775,59.87499999999999,8.55,7.324999999999999,13.5,100.0,108.75,114.225,53.2375,56.24921875,2.10025,0.5027499999999999,SAC,252.5,44.25,90.25,0.49524999999999997,13.75,30.75,0.4365,15.0,19.5,0.76625,10.25,35.0,45.25,26.0,9.5,4.25,15.0,21.75,117.25,0.5982500000000001,0.5710000000000001,0.34175,0.22474999999999998,22.825000000000003,79.1,51.225,58.349999999999994,9.2,6.449999999999999,13.225,100.0,114.225,108.75000000000001,52.131249999999994,55.0720052075,2.25275,0.5015000000000001
201601150BOS,PHO,240.0,37.25,88.5,0.42174999999999996,9.75,27.25,0.342,10.75,15.5,0.7172499999999999,10.5,33.25,43.75,20.0,7.5,3.25,14.5,22.0,95.0,0.5,0.47750000000000004,0.3095,0.175,21.2,80.65,49.425,53.8,7.8,5.675,13.125,100.0,98.95,108.925,49.93125,49.93125,1.90175,0.399,PHO,240.0,38.25,80.75,0.47525000000000006,9.0,23.0,0.39075,19.0,25.0,0.75525,8.0,37.0,45.0,23.5,9.75,5.75,12.75,16.25,104.5,0.57025,0.5307499999999999,0.28375000000000006,0.3145,19.35,78.8,50.574999999999996,61.475,10.125,9.425,12.174999999999999,100.0,108.92500000000001,98.95,48.6875,48.6875,2.1492500000000003,0.48350000000000004
201601150BRK,POR,240.0,39.25,92.5,0.42525,12.75,32.25,0.39125,13.75,20.0,0.70075,16.5,33.5,50.0,23.5,7.75,5.5,12.75,20.75,105.0,0.5185,0.49325,0.34524999999999995,0.21725,32.825,80.425,54.05,59.74999999999999,8.05,9.7,11.200000000000001,100.0,110.27499999999999,112.925,49.125,49.125,2.13875,0.48050000000000004,POR,240.0,39.0,80.5,0.48250000000000004,11.75,23.75,0.4845,18.25,24.0,0.77125,8.25,34.25,42.5,25.75,7.25,5.75,14.5,18.25,108.0,0.5905,0.5545,0.29275,0.30224999999999996,19.575,67.175,45.95,65.525,7.675000000000001,9.575,13.65,100.0,112.925,110.27499999999999,49.074999999999996,49.074999999999996,2.19475,0.521
201601150CHI,DAL,246.25,35.5,80.5,0.44225000000000003,9.25,30.75,0.30125,15.75,21.0,0.7449999999999999,10.5,31.0,41.5,22.5,6.0,4.5,15.25,19.0,96.0,0.5355000000000001,0.499,0.379,0.2615,25.249999999999996,68.85,48.025000000000006,63.27499999999999,6.525,7.775,14.5,100.0,104.17500000000001,108.35000000000001,47.6125,48.89440104249999,2.0212499999999998,0.47524999999999995,DAL,246.25,37.0,84.5,0.439,10.0,25.5,0.38375000000000004,16.25,24.0,0.69825,14.0,31.25,45.25,24.75,10.5,3.75,14.5,23.0,100.25,0.5267499999999999,0.49650000000000005,0.293,0.29,31.15,74.75,51.975,66.95,11.325,7.775,13.3,100.0,108.35,104.17499999999998,48.2,49.4578125,2.0772500000000003,0.51375
201601150DEN,MIA,240.0,35.5,79.0,0.4505,7.25,20.0,0.362,16.5,23.0,0.71475,8.75,35.25,44.0,23.5,5.75,6.25,15.0,16.0,94.75,0.5325,0.497,0.25775,0.302,19.925,78.80000000000001,50.175,66.15,6.200000000000001,10.225,14.350000000000001,100.0,100.80000000000001,108.475,48.08749999999999,48.08749999999999,1.9745,0.48525000000000007,MIA,240.0,40.0,85.75,0.47174999999999995,8.25,23.0,0.361,13.75,19.25,0.71225,9.75,34.0,43.75,21.25,9.5,4.25,11.5,20.25,102.0,0.54525,0.52025,0.269,0.2285,21.200000000000003,80.07499999999999,49.825,53.05,10.075,7.674999999999999,11.05,100.0,108.475,100.80000000000001,48.321875000000006,48.321875000000006,2.1109999999999998,0.43875
201601150HOU,CLE,246.25,39.0,87.5,0.44875000000000004,12.25,32.25,0.38325000000000004,16.0,19.75,0.8059999999999999,12.25,33.5,45.75,21.5,8.25,3.25,11.75,19.75,106.25,0.55425,0.5185,0.365,0.22825,26.075000000000003,80.775,52.025,55.025,8.75,5.525,11.0,100.0,113.32499999999999,104.025,48.190625,49.4484375,2.2055,0.44575,CLE,246.25,37.0,79.5,0.46575,7.25,19.75,0.36450000000000005,16.25,22.25,0.71975,8.0,34.5,42.5,22.0,6.0,5.75,14.5,17.75,97.5,0.5455,0.51125,0.249,0.27975000000000005,19.225,73.92500000000001,47.975,59.599999999999994,6.3999999999999995,10.375,13.950000000000001,100.0,104.025,113.32499999999999,48.284375,49.5662760425,2.0205,0.45475
201601150IND,WAS,240.0,40.25,85.75,0.47075,10.5,24.75,0.426,12.25,14.75,0.84575,8.25,25.5,33.75,26.25,11.75,5.75,14.75,23.75,103.25,0.5625,0.5329999999999999,0.291,0.1745,18.8,73.17500000000001,43.325,64.8,12.15,9.5,13.875,100.0,107.77499999999999,103.42500000000001,49.628125,49.628125,2.088,0.5325,WAS,240.0,36.0,75.5,0.47875,5.0,14.5,0.312,22.25,27.75,0.80775,9.25,34.5,43.75,18.5,7.75,5.75,20.0,16.75,99.25,0.56625,0.511,0.18975,0.369,26.825,81.2,56.675,50.925,8.1,9.325,18.45,100.0,103.42499999999998,107.775,49.715625,49.715625,2.00425,0.37575000000000003
201601150MIL,ATL,240.0,41.25,88.5,0.46225000000000005,11.25,30.0,0.37200000000000005,14.0,18.5,0.75775,10.5,31.0,41.5,27.0,10.25,6.75,15.0,22.5,107.75,0.55475,0.5255,0.34,0.211,23.1,72.10000000000001,46.75,64.25,10.125,11.05,13.475,100.0,109.15,106.24999999999999,50.89375,50.89375,2.114,0.52725,ATL,240.0,37.75,83.75,0.45049999999999996,7.5,23.25,0.3195,21.25,26.5,0.8005,12.0,35.25,47.25,20.75,7.75,6.25,17.0,18.5,104.25,0.54675,0.49574999999999997,0.27899999999999997,0.31675,27.9,76.9,53.25,55.1,7.85,10.975,14.924999999999999,100.0,106.25,109.15,50.66875,50.66875,2.066,0.41200000000000003
201601150NOP,CHO,240.0,33.75,84.0,0.4015,10.75,31.5,0.34075,17.75,22.75,0.7745,10.0,36.25,46.25,21.0,6.75,5.25,14.0,18.25,96.0,0.5105,0.46575,0.3765,0.27125,22.549999999999997,83.85,52.475,62.5,7.074999999999999,9.725000000000001,12.975,100.0,101.37500000000001,102.375,49.403125,49.403125,1.9412500000000001,0.42474999999999996,CHO,240.0,35.75,83.25,0.4285,11.5,29.0,0.3895,13.75,16.75,0.82625,7.25,34.5,41.75,21.5,7.25,5.5,12.5,20.25,96.75,0.53425,0.49824999999999997,0.3485,0.20575000000000002,16.15,77.45,47.525000000000006,60.825,7.649999999999999,10.600000000000001,12.125,100.0,102.375,101.375,48.228125000000006,48.228125000000006,2.00975,0.447
201601150OKC,MIN,240.0,35.25,79.25,0.445,6.5,16.75,0.387,19.5,25.25,0.7702500000000001,10.75,29.0,39.75,23.5,8.5,2.75,16.5,22.0,96.5,0.53375,0.486,0.2115,0.319,25.450000000000003,75.67500000000001,49.375,66.725,9.075,4.7749999999999995,15.375,100.0,103.05000000000001,113.80000000000001,48.496875,48.496875,1.98875,0.48475,MIN,240.0,38.75,79.25,0.489,8.75,24.75,0.35575,20.25,26.5,0.76825,9.25,31.25,40.5,20.75,9.0,3.5,14.0,19.5,106.5,0.5845,0.54375,0.31375000000000003,0.33799999999999997,24.325000000000003,74.55,50.625,53.575,9.575,5.6000000000000005,13.325,100.0,113.8,103.04999999999998,48.293749999999996,48.293749999999996,2.20675,0.431
201601160ATL,BRK,240.0,38.5,81.5,0.47125000000000006,6.0,14.25,0.41825,12.5,16.25,0.7865,8.5,31.25,39.75,21.25,6.0,3.5,14.0,15.0,95.5,0.537,0.5075000000000001,0.174,0.19799999999999998,20.325,72.25,47.2,54.974999999999994,6.425,5.449999999999999,13.725,100.0,102.52499999999999,115.6,47.359375,47.359375,2.01125,0.4465,BRK,240.0,43.75,89.5,0.49,8.5,24.25,0.33775,11.25,16.75,0.667,12.0,32.0,44.0,23.75,8.75,4.25,10.75,14.5,107.25,0.5547500000000001,0.53675,0.26749999999999996,0.18875,27.75,79.675,52.8,54.125,9.375,6.324999999999999,9.975,100.0,115.6,102.525,48.103125000000006,48.103125000000006,2.232,0.4955
201601160CHO,MIL,246.25,38.25,85.25,0.45175,2.5,11.0,0.22175,21.75,32.25,0.67225,14.75,32.5,47.25,22.25,9.25,7.0,14.75,17.5,100.75,0.50925,0.46599999999999997,0.1295,0.38325,31.925,72.92500000000001,52.475,58.125,9.6,11.225000000000001,12.825,100.0,104.42500000000001,106.125,50.284375,51.69811197999999,2.0045,0.44475,MIL,246.25,38.75,88.25,0.4395,10.0,27.5,0.3625,14.5,18.0,0.84375,12.0,31.25,43.25,25.75,7.75,7.0,15.25,24.25,102.0,0.531,0.49675,0.312,0.21050000000000002,27.075,68.075,47.52499999999999,66.375,7.8999999999999995,9.3,13.625,100.0,106.125,104.42500000000001,50.025000000000006,51.4944010425,2.0519999999999996,0.5145
201601160DET,GSW,240.0,43.75,86.75,0.50425,12.25,29.75,0.39925,16.5,21.25,0.7789999999999999,9.25,36.5,45.75,27.75,7.75,6.0,14.75,21.25,116.25,0.60575,0.5747500000000001,0.34275,0.24525,22.075,76.525,50.95,63.1,7.675,8.975,13.225000000000001,100.0,115.275,106.425,51.171875,51.171875,2.27125,0.542,GSW,240.0,40.25,90.0,0.44675,6.0,21.75,0.27925,20.75,26.5,0.77725,11.25,33.0,44.25,24.25,7.5,3.25,13.5,19.5,107.25,0.527,0.48025000000000007,0.242,0.29574999999999996,23.474999999999998,77.925,49.05,60.099999999999994,7.35,5.7,11.625,100.0,106.42500000000001,115.27499999999999,52.41875,52.41875,2.04625,0.46475000000000005
201601160LAC,SAC,240.0,41.25,83.75,0.49175,6.25,19.5,0.33749999999999997,19.75,28.0,0.69575,10.25,34.0,44.25,24.75,8.0,4.5,14.5,21.5,108.5,0.5645,0.529,0.23,0.34199999999999997,24.825,78.30000000000001,51.675,59.49999999999999,8.125,8.0,13.175,100.0,109.85,114.575,50.65,50.65,2.14125,0.486,SAC,240.0,41.75,86.5,0.486,12.25,32.0,0.377,17.5,22.25,0.787,9.5,31.5,41.0,23.5,8.25,4.5,14.0,23.75,113.25,0.5920000000000001,0.5555,0.37025,0.2685,21.700000000000003,75.175,48.325,54.7,8.4,6.9,12.75,100.0,114.575,109.85000000000001,50.784375,50.784375,2.229,0.46275
201601160MEM,NYK,240.0,40.25,86.75,0.466,7.5,21.75,0.34725,17.75,22.0,0.80225,10.75,32.5,43.25,21.75,5.25,4.75,10.75,16.25,105.75,0.5495000000000001,0.509,0.25149999999999995,0.256,23.675,76.325,49.275,54.05,5.525,7.125000000000001,10.025,100.0,112.37500000000001,109.225,48.6,48.6,2.17525,0.44899999999999995,NYK,240.0,40.0,86.25,0.46299999999999997,6.25,18.0,0.34450000000000003,16.75,21.75,0.7794999999999999,10.25,34.25,44.5,22.75,6.25,5.0,10.75,16.75,103.0,0.538,0.49950000000000006,0.20950000000000002,0.25575,23.675,76.325,50.725,57.075,6.65,7.625,10.125,100.0,109.22500000000001,112.375,48.540625000000006,48.540625000000006,2.1172500000000003,0.46749999999999997
201601160PHI,POR,240.0,41.5,94.25,0.44100000000000006,14.25,34.5,0.41200000000000003,12.25,17.0,0.7185,15.25,33.0,48.25,24.75,8.25,5.75,11.75,20.75,109.5,0.53925,0.51625,0.36375,0.18,31.299999999999997,77.675,52.52499999999999,59.75,8.55,9.925,10.325,100.0,114.7,111.0,49.412499999999994,49.412499999999994,2.2205,0.504,POR,240.0,38.0,81.0,0.46775,11.0,22.75,0.47025,19.75,26.75,0.74375,9.75,33.75,43.5,25.25,7.0,5.5,15.0,15.25,106.75,0.5735,0.5349999999999999,0.27949999999999997,0.33325,22.325,68.7,47.47500000000001,65.725,7.375,9.225,13.9,100.0,111.0,114.7,49.478125,49.478125,2.14775,0.506
201601160UTA,LAL,240.0,35.25,87.5,0.40349999999999997,5.5,24.75,0.21749999999999997,19.0,24.0,0.79775,13.25,29.0,42.25,16.75,9.5,4.0,12.75,20.0,95.0,0.48475,0.4355,0.28375,0.27549999999999997,27.025,71.925,47.175,47.925,10.05,6.5,11.325000000000001,100.0,101.0,108.89999999999999,49.2,49.2,1.9285,0.341,LAL,240.0,39.25,83.75,0.46825,7.25,22.25,0.3155,16.75,21.25,0.77475,11.5,35.5,47.0,19.75,7.5,5.25,14.25,19.25,102.5,0.55,0.5117499999999999,0.265,0.26025,28.075000000000003,72.975,52.825,50.625,7.95,8.325,13.325,100.0,108.89999999999999,101.0,48.296875,48.296875,2.115,0.40675
201601160WAS,BOS,240.0,40.25,90.0,0.4475,9.75,26.75,0.36025,17.75,24.5,0.7255,12.25,34.25,46.5,25.25,10.25,3.75,14.0,21.25,108.0,0.5357500000000001,0.50125,0.29725,0.27175,25.275,74.175,49.50000000000001,62.6,10.225,5.975,12.125,100.0,108.125,104.75,51.693749999999994,51.693749999999994,2.0905,0.48825,BOS,240.0,36.5,86.25,0.425,6.5,23.25,0.28425,25.0,29.5,0.8365,12.25,35.25,47.5,19.5,8.5,5.5,15.75,20.5,104.5,0.52825,0.4625,0.2675,0.34525,25.849999999999998,74.725,50.5,52.925,8.475000000000001,8.674999999999999,13.575000000000001,100.0,104.75,108.125,51.88125,51.88125,2.0185,0.37575000000000003
201601170DEN,IND,246.25,39.75,85.0,0.46975,6.75,25.5,0.2625,18.0,23.25,0.7762500000000001,8.0,32.75,40.75,23.75,11.5,4.0,15.25,18.5,104.25,0.549,0.5095000000000001,0.29775,0.28075,18.525,69.75,45.2,59.074999999999996,11.374999999999998,6.6,13.75,100.0,103.3,105.1,51.646875,53.049869792500004,2.024,0.45875,IND,246.25,41.5,91.5,0.4515,10.5,28.5,0.3685,12.75,20.0,0.6204999999999999,14.25,35.0,49.25,24.5,8.0,2.5,18.5,23.25,106.25,0.5295,0.50925,0.313,0.22124999999999997,30.25,81.475,54.8,59.8,7.875,4.2749999999999995,15.55,100.0,105.1,103.30000000000001,52.625,54.08235677,2.0235,0.4665
201601170LAL,HOU,246.25,33.75,78.75,0.42775,11.25,32.0,0.33875,20.75,29.25,0.71075,11.5,31.0,42.5,19.75,10.5,4.0,17.5,19.75,99.5,0.54225,0.49849999999999994,0.405,0.377,29.525,71.55000000000001,51.425000000000004,58.550000000000004,11.25,7.225,15.975,100.0,106.85,104.075,49.321875,50.77923177,2.03275,0.40174999999999994,HOU,246.25,36.5,81.75,0.44725,8.0,25.25,0.34475,16.25,21.75,0.7505000000000001,12.25,28.25,40.5,24.75,10.5,3.75,17.25,24.0,97.25,0.53375,0.49625,0.3035,0.27325,28.45,70.475,48.574999999999996,67.175,11.174999999999999,7.824999999999999,15.925,100.0,104.075,106.85,48.540625,49.9436197925,2.007,0.50625
201601170MIN,PHO,240.0,38.0,88.5,0.43,10.75,27.25,0.379,14.75,20.25,0.728,10.5,33.25,43.75,22.0,7.75,3.5,14.5,22.5,101.5,0.5235,0.49150000000000005,0.3095,0.22849999999999998,21.724999999999998,77.625,49.199999999999996,58.449999999999996,7.925,5.949999999999999,12.875,100.0,104.15,112.35,51.059375,51.059375,1.99,0.42925,PHO,240.0,39.25,83.75,0.47175,10.5,25.0,0.41650000000000004,20.5,28.0,0.7277500000000001,10.0,35.5,45.5,24.5,10.75,5.25,12.0,17.0,109.5,0.57225,0.53325,0.2965,0.33949999999999997,22.375000000000004,78.3,50.8,62.225,10.975000000000001,8.625,11.125,100.0,112.35,104.15,49.525,49.525,2.213,0.49424999999999997
201601170OKC,MIA,240.0,36.5,81.0,0.45075,6.5,18.5,0.348,14.0,20.25,0.6990000000000001,9.5,34.75,44.25,24.25,4.75,8.0,15.75,17.75,93.5,0.5202500000000001,0.49150000000000005,0.233,0.258,21.5,82.44999999999999,51.7,66.425,5.1,13.45,14.925,100.0,99.07500000000002,108.125,48.434375,48.434375,1.93125,0.49749999999999994,MIA,240.0,38.0,82.25,0.46549999999999997,8.25,21.5,0.38175,17.75,22.5,0.7797499999999999,7.5,34.0,41.5,23.25,9.25,4.75,11.25,19.25,102.0,0.5565000000000001,0.5157499999999999,0.2615,0.2765,17.55,78.5,48.3,61.65,9.774999999999999,8.024999999999999,11.1,100.0,108.125,99.07500000000002,48.34375,48.34375,2.1102499999999997,0.47975
201601170SAS,DAL,246.25,34.25,78.75,0.4355,7.75,25.25,0.31275,16.75,21.25,0.7935,8.25,33.5,41.75,20.75,4.75,4.75,13.5,17.75,93.0,0.5277499999999999,0.4845,0.3195,0.26925000000000004,20.325,71.75,47.625,60.675,5.124999999999999,8.275,13.174999999999999,100.0,101.8,103.925,47.046875,48.328776042499996,1.9792499999999997,0.4425,DAL,246.25,35.5,86.0,0.41325,9.5,28.0,0.29900000000000004,15.0,20.5,0.7597499999999999,13.25,33.0,46.25,22.75,9.25,3.25,12.75,22.75,95.5,0.5015,0.4675,0.32,0.24275000000000002,28.25,79.67500000000001,52.37499999999999,63.625,10.0,6.175000000000001,11.825,100.0,103.92499999999998,101.80000000000001,47.618750000000006,48.876562500000006,1.9975,0.47550000000000003
201601180ATL,ORL,246.25,36.75,83.25,0.44275,8.25,24.0,0.3515,11.0,13.75,0.7769999999999999,9.75,33.0,42.75,23.0,6.75,5.25,15.25,19.25,92.75,0.5197499999999999,0.4915,0.28875,0.17325,24.4,80.075,52.45,62.599999999999994,7.499999999999999,9.075,14.65,100.0,100.69999999999999,103.775,47.640625,49.0703125,1.95275,0.484,ORL,246.25,35.0,78.75,0.4455,8.5,22.75,0.37224999999999997,17.25,22.5,0.759,8.5,30.75,39.25,21.25,9.0,5.5,14.0,18.0,95.75,0.5425,0.5,0.29000000000000004,0.28300000000000003,19.924999999999997,75.6,47.55,60.275,9.625,9.0,13.825,100.0,103.77499999999999,100.69999999999999,47.46875,48.8193359375,2.0140000000000002,0.45000000000000007
201601180CHO,UTA,240.0,34.5,77.75,0.44325,7.75,23.25,0.3525,18.5,24.75,0.7525000000000001,9.25,33.75,43.0,16.25,8.0,6.25,12.75,19.0,95.25,0.53725,0.49275,0.29525,0.3195,22.224999999999998,67.80000000000001,47.150000000000006,47.975,8.925,9.55,12.625,100.0,105.725,99.3,46.503125,46.503125,2.04975,0.353,UTA,240.0,33.25,85.25,0.393,7.0,20.25,0.353,16.0,22.5,0.71475,15.75,32.5,48.25,18.75,8.0,5.0,13.25,21.25,89.5,0.47150000000000003,0.43400000000000005,0.23399999999999999,0.27675,32.2,77.775,52.85000000000001,55.824999999999996,8.85,8.975,12.225,100.0,99.3,105.725,46.71875,46.71875,1.9165,0.40225
201601180CLE,GSW,240.0,40.0,88.5,0.45399999999999996,10.0,26.75,0.37075,18.0,23.25,0.7805,10.5,35.0,45.5,23.5,8.0,6.25,13.25,19.0,108.0,0.54875,0.5105,0.303,0.26349999999999996,22.299999999999997,71.82499999999999,47.625,58.475,8.0,8.95,11.774999999999999,100.0,108.4,107.025,51.146875,51.146875,2.11225,0.45975,GSW,240.0,41.25,92.25,0.44625,6.0,21.75,0.27925,18.0,24.25,0.7250000000000001,13.75,36.25,50.0,23.0,7.5,5.25,13.25,19.5,106.5,0.51725,0.47875,0.2365,0.26649999999999996,28.174999999999997,77.7,52.375,56.099999999999994,7.45,8.175,11.35,100.0,107.025,108.39999999999999,51.63437499999999,51.63437499999999,2.06425,0.448
201601180DAL,BOS,240.0,40.75,90.0,0.45325000000000004,10.25,28.5,0.35825,21.5,27.75,0.7630000000000001,13.75,34.75,48.5,26.5,7.75,3.5,14.0,20.5,113.25,0.55425,0.5097499999999999,0.31725000000000003,0.30875,29.0,76.95,52.650000000000006,65.025,7.700000000000001,5.625,11.975,100.0,113.3,108.67500000000001,51.715625,51.715625,2.1905,0.51225,BOS,240.0,38.75,87.5,0.445,7.0,24.75,0.29000000000000004,24.0,28.5,0.833,10.5,33.0,43.5,22.75,9.75,4.5,13.75,21.5,108.5,0.5435,0.485,0.28175,0.32725,23.075,71.0,47.35,58.875,9.725000000000001,7.4,12.05,100.0,108.675,113.30000000000001,52.143750000000004,52.143750000000004,2.08475,0.4365
201601180DET,CHI,246.25,35.25,85.0,0.4145,7.5,21.75,0.33499999999999996,20.25,24.25,0.8375,14.75,35.5,50.25,18.25,5.75,4.5,16.0,20.0,98.25,0.512,0.45875,0.25675000000000003,0.28525,34.0,76.175,55.62500000000001,52.225,6.125,6.15,14.075,100.0,104.75,110.55,48.884375000000006,50.300065105,2.0025,0.37599999999999995,CHI,246.25,40.75,90.5,0.44725000000000004,8.0,21.5,0.35350000000000004,14.0,18.75,0.7847500000000001,11.25,28.75,40.0,25.5,8.75,6.75,8.75,21.25,103.5,0.5225000000000001,0.4915,0.2395,0.2095,23.825,66.0,44.375,62.8,9.125,11.0,8.15,100.0,110.55,104.74999999999999,48.453125,49.80078125,2.129,0.52525
201601180LAC,HOU,240.0,35.0,79.25,0.43925,9.25,27.75,0.31825,21.5,29.5,0.73525,11.75,31.25,43.0,19.0,10.25,4.5,15.25,19.25,100.75,0.545,0.49825,0.35600000000000004,0.3785,30.1,72.65,52.15,55.099999999999994,11.15,7.924999999999999,14.25,100.0,109.72500000000001,103.65,48.381249999999994,48.381249999999994,2.0912499999999996,0.395,HOU,240.0,35.0,79.75,0.4405,7.25,22.25,0.35125000000000006,18.0,24.0,0.7477500000000001,11.75,28.0,39.75,22.75,9.5,4.25,16.25,22.75,95.25,0.5287499999999999,0.48625,0.27549999999999997,0.3035,27.35,69.9,47.85,64.9,10.35,7.875,15.275,100.0,103.65,109.725,47.825,47.825,1.9945,0.47550000000000003
201601180MEM,NOP,246.25,40.75,94.5,0.433,10.5,28.25,0.36425,13.0,16.75,0.775,12.0,35.5,47.5,24.0,6.75,4.5,10.0,21.0,105.0,0.517,0.4885,0.29825,0.17575,23.75,82.2,50.7,58.575,6.800000000000001,8.175,8.85,100.0,106.875,105.00000000000001,50.228125000000006,51.69654948,2.09725,0.48375,NOP,246.25,39.25,86.5,0.45399999999999996,9.5,30.75,0.30025,15.25,23.0,0.6757500000000001,8.0,38.0,46.0,21.0,5.0,3.75,12.75,18.25,103.25,0.5355,0.50875,0.35450000000000004,0.26425,17.799999999999997,76.25,49.3,53.275000000000006,5.0,5.575,11.649999999999999,100.0,105.0,106.875,51.0875,52.534765625,2.01975,0.40950000000000003
201601180NYK,PHI,246.25,39.5,81.5,0.487,9.75,21.25,0.46475,12.5,20.75,0.5800000000000001,7.5,33.0,40.5,24.5,9.25,6.25,14.25,23.25,101.25,0.5582499999999999,0.546,0.26,0.258,17.725,74.275,47.599999999999994,62.175,9.575000000000001,10.375,13.625,100.0,104.80000000000001,105.65,49.053125,50.40078125,2.0622499999999997,0.5015,PHI,246.25,37.75,85.0,0.44825000000000004,6.5,23.75,0.28974999999999995,19.75,26.25,0.7449999999999999,11.25,33.5,44.75,18.25,7.75,3.75,14.75,18.5,101.75,0.5295,0.48624999999999996,0.27725,0.311,25.75,82.275,52.400000000000006,48.725,8.025,6.25,13.100000000000001,100.0,105.65,104.80000000000001,50.484375,51.900065104999996,2.01775,0.3635
201601180TOR,BRK,240.0,37.5,80.5,0.4645,6.25,17.0,0.35425,13.5,18.5,0.7445,9.0,30.25,39.25,20.75,6.0,3.5,14.75,15.0,94.75,0.5327500000000001,0.5025,0.2105,0.22849999999999998,21.45,74.825,47.875,55.349999999999994,6.425,5.8,14.35,100.0,101.725,118.525,47.51875,47.51875,1.98975,0.43450000000000005,BRK,240.0,44.0,86.25,0.5125000000000001,8.5,24.75,0.33275000000000005,13.5,19.25,0.6937500000000001,10.5,31.75,42.25,26.5,9.75,4.25,11.0,16.5,110.0,0.5825,0.5609999999999999,0.28600000000000003,0.22675,25.174999999999997,78.55,52.125,60.075,10.424999999999999,6.775,10.375,100.0,118.525,101.725,47.946875000000006,47.946875000000006,2.2967500000000003,0.5547500000000001
201601180WAS,POR,240.0,40.5,92.0,0.43975,12.5,33.5,0.364,11.25,16.0,0.70675,14.5,32.0,46.5,23.75,6.75,5.75,12.75,22.0,104.75,0.5285,0.5067499999999999,0.361,0.17600000000000002,30.25,78.625,51.875,58.425,7.175000000000001,9.975,11.350000000000001,100.0,111.22500000000001,109.025,48.925,48.925,2.147,0.4882500000000001,POR,240.0,37.0,78.25,0.47375,9.0,20.5,0.43825,20.25,29.0,0.6962499999999999,9.25,33.5,42.75,23.0,7.75,6.25,14.5,16.5,103.25,0.567,0.5315,0.26325,0.37174999999999997,21.374999999999996,69.75,48.125,62.224999999999994,8.2,10.7,13.7,100.0,109.02499999999999,111.225,48.637499999999996,48.637499999999996,2.118,0.4725
201601190DEN,OKC,240.0,41.0,85.75,0.47750000000000004,9.0,25.0,0.34975,14.25,20.25,0.75,11.5,33.25,44.75,25.0,10.5,5.75,13.5,20.25,105.25,0.55575,0.53075,0.29300000000000004,0.23775,26.9,75.975,51.650000000000006,60.75,11.274999999999999,9.5,12.375,100.0,113.05,94.29999999999998,48.684375,48.684375,2.16525,0.516,OKC,240.0,33.0,80.0,0.41275,5.5,18.75,0.3215,16.5,20.5,0.8195000000000001,10.5,31.25,41.75,16.75,5.75,5.0,16.25,16.5,88.0,0.49399999999999994,0.447,0.23375,0.25325,24.025,73.1,48.35,50.375,6.1,8.1,15.55,100.0,94.30000000000001,113.05,47.743750000000006,47.743750000000006,1.8425,0.34825000000000006
201601190MIA,MIL,246.25,40.0,83.25,0.48725,3.0,10.75,0.26825,22.0,31.25,0.70875,12.75,35.5,48.25,23.25,8.25,8.75,15.75,17.25,105.0,0.5485,0.50525,0.1305,0.37975,29.5,74.30000000000001,54.325,58.025,8.45,14.950000000000001,13.975000000000001,100.0,109.0,103.60000000000001,50.546875,51.960611979999996,2.08475,0.46399999999999997,MIL,246.25,37.25,89.0,0.41824999999999996,10.5,30.5,0.352,15.0,19.0,0.8287500000000001,12.25,29.0,41.25,26.25,8.5,5.75,13.75,24.0,100.0,0.514,0.478,0.34400000000000003,0.22025,25.7,70.5,45.675,70.8,8.75,7.525,12.175,100.0,103.6,109.0,49.7625,51.2319010425,2.0199999999999996,0.5289999999999999
201601190NOP,MIN,240.0,36.25,78.25,0.46775,6.75,16.25,0.41650000000000004,23.25,29.0,0.8022500000000001,12.25,31.25,43.5,21.25,8.0,4.0,16.25,21.5,102.5,0.5655,0.5115,0.2105,0.38,30.025,77.175,53.825,58.4,8.45,6.374999999999999,15.125,100.0,109.225,108.87499999999999,48.0125,48.0125,2.136,0.44100000000000006,MIN,240.0,39.5,82.25,0.47924999999999995,6.0,22.5,0.26475,17.0,25.75,0.6645,9.25,28.25,37.5,21.75,9.0,3.75,13.25,22.5,102.0,0.5445,0.51625,0.27625,0.31925,22.825000000000003,69.975,46.175,54.224999999999994,9.6,5.8,12.350000000000001,100.0,108.875,109.225,49.240625,49.240625,2.07625,0.44525000000000003
201601190PHO,IND,240.0,41.0,83.0,0.4965,6.75,22.75,0.3025,21.25,28.25,0.75125,9.0,30.25,39.25,22.25,11.0,4.25,14.5,20.5,110.0,0.578,0.5375,0.27275,0.34450000000000003,22.3,65.05000000000001,45.125,53.974999999999994,11.049999999999999,6.449999999999999,13.15,100.0,110.375,111.97500000000001,50.959375,50.959375,2.16225,0.4375,IND,240.0,43.25,92.0,0.46825000000000006,9.5,25.5,0.37274999999999997,15.75,23.75,0.63525,16.0,31.5,47.5,24.75,8.25,2.75,17.25,24.5,111.75,0.54425,0.52,0.27775,0.26125000000000004,34.95,77.7,54.875,58.0,8.25,4.625,14.400000000000002,100.0,111.975,110.375,52.265625,52.265625,2.137,0.47400000000000003
201601200BRK,CLE,246.25,37.25,85.75,0.43675,10.5,31.0,0.342,13.5,18.75,0.74075,12.75,30.75,43.5,21.0,7.25,4.0,13.75,23.25,98.5,0.52525,0.49675,0.355,0.222,27.275000000000002,78.7,51.1,56.225,7.8,7.975,12.9,100.0,105.82499999999999,111.25,47.828125,49.0859375,2.05825,0.4385,CLE,246.25,37.25,80.25,0.46099999999999997,10.25,27.5,0.35050000000000003,19.0,25.0,0.76725,8.5,33.0,41.5,22.5,6.75,5.5,13.25,19.25,103.75,0.5655,0.524,0.34199999999999997,0.31325000000000003,21.299999999999997,72.725,48.900000000000006,59.55,7.275,10.15,12.674999999999999,100.0,111.24999999999999,105.825,48.4375,49.7194010425,2.1365,0.4615
201601200CHI,GSW,240.0,41.25,88.25,0.47,13.0,31.0,0.4135,17.75,22.5,0.79175,9.75,32.75,42.5,25.5,8.5,6.5,13.0,20.75,113.25,0.57925,0.5445,0.354,0.25575000000000003,21.924999999999997,71.3,47.55,61.150000000000006,8.575,9.45,11.6,100.0,114.8,106.5,51.09375,51.09375,2.2199999999999998,0.50025,GSW,240.0,40.25,88.75,0.45375,6.0,21.75,0.27925,18.75,26.5,0.67625,13.5,33.75,47.25,20.75,7.75,5.25,14.5,21.0,105.25,0.52525,0.48800000000000004,0.246,0.30374999999999996,28.700000000000003,78.075,52.45,52.075,7.75,8.825000000000001,12.675,100.0,106.5,114.8,51.16875,51.16875,2.05825,0.40725
201601200DAL,MIN,240.0,36.25,77.0,0.47525,5.75,15.25,0.37274999999999997,25.0,31.0,0.811,12.5,29.5,42.0,20.25,8.75,4.25,15.75,23.0,103.25,0.57175,0.51275,0.201,0.411,31.275,74.225,53.1,55.625,9.350000000000001,6.875,14.775,100.0,111.225,113.65,47.4875,47.4875,2.17325,0.42474999999999996,MIN,240.0,40.25,82.0,0.48974999999999996,6.25,22.75,0.27125,18.5,27.0,0.6875,10.25,27.0,37.25,21.75,8.75,4.5,13.0,23.25,105.25,0.5602499999999999,0.52825,0.28,0.335,25.775,68.725,46.900000000000006,53.275000000000006,9.450000000000001,7.0249999999999995,12.125,100.0,113.64999999999999,111.225,48.7875,48.7875,2.162,0.44900000000000007
201601200HOU,DET,240.0,41.0,89.75,0.45975,8.5,26.0,0.3175,13.0,20.75,0.6275000000000001,14.0,31.75,45.75,20.0,6.75,4.25,13.0,20.75,103.5,0.53,0.5105,0.29975,0.23274999999999998,29.975,78.75,52.974999999999994,49.05,7.000000000000001,6.3,11.950000000000001,100.0,107.8,108.925,49.303125,49.303125,2.1027500000000003,0.40475,DET,240.0,39.0,84.75,0.46375,8.25,19.0,0.43724999999999997,18.25,23.75,0.7635000000000001,9.0,31.75,40.75,21.75,8.5,5.75,13.5,17.75,104.5,0.5522499999999999,0.5125,0.223,0.2825,21.25,70.025,47.02499999999999,55.525,8.9,8.774999999999999,12.400000000000002,100.0,108.925,107.8,50.265625,50.265625,2.082,0.4345
201601200LAL,SAC,240.0,38.5,81.5,0.47200000000000003,8.0,20.5,0.396,21.5,29.5,0.7185,10.0,38.0,48.0,23.75,7.25,5.0,15.0,21.25,106.5,0.56425,0.52175,0.2505,0.37099999999999994,23.575,76.7,51.725,61.925,7.375,8.625,13.774999999999999,100.0,108.2,111.875,50.25625,50.25625,2.11925,0.47100000000000003,SAC,240.0,41.0,91.5,0.45025,13.5,35.75,0.377,14.75,19.75,0.75575,11.5,32.75,44.25,24.5,7.25,4.5,12.25,23.25,110.25,0.55325,0.5235000000000001,0.39275000000000004,0.2225,23.299999999999997,76.425,48.275,58.3,7.4,7.275,10.899999999999999,100.0,111.875,108.2,50.815625,50.815625,2.16875,0.482
201601200NYK,UTA,252.5,37.75,86.5,0.43674999999999997,10.25,30.5,0.3575,17.75,23.5,0.7625,11.5,32.5,44.0,19.0,7.5,6.0,11.75,21.5,103.5,0.5345,0.495,0.3455,0.27699999999999997,23.85,70.80000000000001,46.45,50.425000000000004,8.0,9.475,10.925,100.0,108.65,106.875,48.95625,51.7817708325,2.1144999999999996,0.3875,UTA,252.5,36.25,85.0,0.42800000000000005,9.75,21.75,0.447,19.75,26.75,0.71675,13.5,37.0,50.5,20.0,7.25,5.0,14.5,20.25,102.0,0.5265,0.48450000000000004,0.25175000000000003,0.32549999999999996,29.199999999999996,76.15,53.55,55.099999999999994,7.65,8.799999999999999,13.05,100.0,106.87500000000001,108.65,49.353125,52.275,2.063,0.40925
201601200OKC,CHO,252.5,38.0,85.75,0.443,12.5,34.25,0.37549999999999994,19.0,23.0,0.8109999999999999,8.5,35.75,44.25,23.5,5.75,4.0,12.0,19.75,107.5,0.5605,0.516,0.40099999999999997,0.2685,19.225,80.475,50.75,63.2,6.0,6.9750000000000005,10.975000000000001,100.0,110.97500000000001,108.07499999999999,50.0875,53.009375,2.14175,0.47625,CHO,252.5,39.0,86.0,0.45725000000000005,9.75,27.25,0.3685,16.5,20.0,0.8255000000000001,8.75,33.75,42.5,24.0,5.25,7.25,12.25,19.75,104.25,0.55225,0.512,0.30475,0.24025000000000002,19.525,80.775,49.25,61.12500000000001,5.375,14.025,11.575000000000001,100.0,108.07499999999999,110.975,49.5,52.325520832500004,2.112,0.4875
201601200ORL,PHI,258.75,41.0,87.0,0.47525,9.5,24.0,0.39225,14.25,23.5,0.60275,7.0,37.5,44.5,24.75,9.25,6.75,14.25,23.75,105.75,0.5455000000000001,0.5295000000000001,0.27549999999999997,0.27549999999999997,15.6,74.325,47.7,60.5,9.049999999999999,10.500000000000002,12.925,100.0,103.22500000000001,101.775,52.70625,57.17565104249999,2.0095,0.4705,PHI,258.75,38.25,90.5,0.42225,7.25,24.5,0.31625,20.75,27.0,0.75875,12.25,36.5,48.75,20.0,7.5,4.0,15.0,19.25,104.5,0.509,0.46249999999999997,0.27199999999999996,0.29825,25.674999999999997,84.4,52.3,52.275,7.4,6.175000000000001,12.675,100.0,101.775,103.225,53.037499999999994,57.454492187499994,1.9645000000000001,0.376
201601200POR,ATL,246.25,39.5,85.0,0.46749999999999997,8.25,25.75,0.3325,12.0,15.25,0.815,5.5,36.25,41.75,27.75,8.25,6.0,15.0,21.5,99.25,0.5435000000000001,0.5165,0.3035,0.187,13.375,74.975,46.95,69.25,8.525,9.399999999999999,14.024999999999999,100.0,101.025,96.7,50.871875,52.3412760425,1.9622499999999998,0.5495,ATL,246.25,35.0,85.75,0.40925,7.0,22.75,0.3015,18.5,25.5,0.726,12.5,35.5,48.0,22.0,8.25,7.5,15.5,17.0,95.5,0.49374999999999997,0.45075,0.27225,0.294,25.025,86.625,53.05,63.6,8.350000000000001,12.225000000000001,13.85,100.0,96.69999999999999,101.02499999999999,50.431250000000006,51.84498698,1.89025,0.438
201601200TOR,BOS,246.25,40.25,92.0,0.43775,11.0,28.75,0.38075000000000003,21.5,27.75,0.7629999999999999,15.25,35.0,50.25,26.25,8.75,3.25,14.75,23.0,113.0,0.542,0.49675,0.31275,0.3025,30.75,74.75,51.925,65.15,8.625,5.25,12.399999999999999,100.0,111.57499999999999,106.65,52.340625,53.7123697925,2.15875,0.50175,BOS,246.25,38.0,90.5,0.41975,9.25,28.25,0.32025000000000003,22.75,27.0,0.83725,11.75,34.75,46.5,22.5,9.5,3.75,14.5,22.5,108.0,0.52675,0.47050000000000003,0.3115,0.29925,25.275000000000002,69.25,48.074999999999996,59.3,9.425,5.975,12.4,100.0,106.65,111.575,53.0375,54.4359375,2.0355,0.42374999999999996
201601200WAS,MIA,240.0,32.0,74.25,0.42975,5.5,18.0,0.30525,15.75,21.25,0.7675000000000001,8.25,33.0,41.25,19.25,5.5,7.75,17.25,15.5,85.25,0.509,0.46725,0.2455,0.28824999999999995,20.35,78.475,50.224999999999994,59.25,6.0249999999999995,12.15,17.075,100.0,92.92500000000001,106.175,46.671875,46.671875,1.8252499999999998,0.40675000000000006,MIA,240.0,37.0,83.5,0.44425,7.25,19.25,0.377,16.0,17.5,0.9125,9.0,31.75,40.75,23.0,9.75,5.75,12.75,18.75,97.25,0.5345,0.48675,0.22725,0.21375,21.525000000000002,79.65,49.775,62.425,10.5,10.275000000000002,12.375,100.0,106.17500000000001,92.92500000000001,47.78125,47.78125,2.035,0.48050000000000004
201601210CLE,LAC,252.5,41.75,92.5,0.4525,14.5,34.25,0.42525,17.25,25.5,0.7015,10.25,34.0,44.25,26.0,10.5,4.5,11.0,25.75,115.25,0.5547500000000001,0.531,0.37075,0.27825,19.85,75.925,45.825,62.425000000000004,10.325,8.425,9.524999999999999,100.0,111.9,107.55000000000001,52.68125,55.556575519999996,2.18325,0.494,LAC,252.5,37.75,83.5,0.45425,10.25,27.75,0.37649999999999995,25.0,35.75,0.71025,11.25,41.0,52.25,26.25,6.5,5.5,17.0,21.75,110.75,0.55975,0.51725,0.33399999999999996,0.43224999999999997,24.075,80.15,54.175,70.55,6.275,9.3,14.925,100.0,107.55000000000001,111.9,53.115625,56.02545573,2.0825,0.497
201601210DEN,MEM,240.0,36.0,76.25,0.47200000000000003,7.25,15.75,0.46825,20.25,26.25,0.7715,10.5,25.5,36.0,23.5,8.25,3.5,12.5,21.75,99.5,0.56675,0.5197499999999999,0.209,0.34475,27.275000000000002,72.92500000000001,49.225,65.525,9.425,7.225,12.475000000000001,100.0,114.35,115.85,45.359375,45.359375,2.1955,0.52025,MEM,240.0,35.25,75.0,0.47100000000000003,11.0,26.5,0.38725000000000004,19.0,22.75,0.8260000000000001,9.5,27.25,36.75,19.5,6.25,4.25,14.25,20.5,100.5,0.59175,0.54425,0.354,0.3025,27.075000000000003,72.72500000000001,50.775,55.525000000000006,7.325000000000001,6.975,14.3,100.0,115.85,114.35,45.278125,45.278125,2.22425,0.43175
201601210NOP,DET,240.0,41.0,87.0,0.474,10.0,27.75,0.35224999999999995,17.5,29.0,0.61225,14.75,33.75,48.5,20.25,6.75,5.5,12.5,19.0,109.5,0.55425,0.53525,0.33025,0.34575,31.25,79.85,54.575,49.699999999999996,6.95,8.075000000000001,11.475,100.0,113.30000000000001,109.75,49.2625,49.2625,2.2197500000000003,0.40975,DET,240.0,39.5,87.25,0.4565,10.0,21.5,0.47300000000000003,16.75,21.5,0.782,9.0,31.5,40.5,22.0,8.0,5.25,12.5,23.0,105.75,0.5499999999999999,0.5135000000000001,0.245,0.25025,20.15,68.75,45.425,55.525,8.375,8.425,11.475000000000001,100.0,109.75,113.3,50.48125,50.48125,2.0970000000000004,0.43775
201601210PHO,SAS,240.0,41.25,85.0,0.48600000000000004,4.75,16.0,0.30225,19.25,24.0,0.79775,9.5,36.75,46.25,21.5,7.5,5.25,11.75,18.0,106.5,0.55775,0.51375,0.18775,0.28150000000000003,23.2,83.1,53.925000000000004,51.825,7.875,8.775,10.9,100.0,111.875,93.42500000000001,49.324999999999996,49.324999999999996,2.1615,0.43775000000000003,SAS,240.0,34.5,81.75,0.42274999999999996,6.0,21.0,0.2685,14.0,18.75,0.7695000000000001,7.5,32.25,39.75,18.0,5.25,3.25,14.25,22.0,89.0,0.49575,0.459,0.2545,0.22675,16.9,76.80000000000001,46.075,52.975,5.475,4.675,13.825,100.0,93.42500000000001,111.875,48.703125,48.703125,1.8275,0.3675
201601210SAC,ATL,246.25,41.75,86.5,0.487,9.0,25.5,0.36675,11.75,15.75,0.7865,6.5,36.75,43.25,29.75,8.75,5.75,14.25,19.5,104.25,0.561,0.5395000000000001,0.29525,0.18825,15.649999999999999,74.44999999999999,48.325,71.1,9.075,8.274999999999999,13.2,100.0,106.4,94.575,50.865625,52.335026042500004,2.0614999999999997,0.589,ATL,246.25,36.25,88.75,0.4085,6.0,20.75,0.29074999999999995,14.75,21.75,0.6735,13.0,34.0,47.0,21.25,7.5,6.25,14.5,15.5,93.25,0.47450000000000003,0.44225,0.23575,0.244,25.549999999999997,84.35,51.675,59.575,7.6000000000000005,9.775,12.9,100.0,94.57499999999999,106.39999999999999,50.290625000000006,51.70436198,1.8504999999999998,0.42425
201601220BOS,CHI,246.25,38.25,89.5,0.43,4.75,19.25,0.249,18.0,22.5,0.7995000000000001,12.75,34.0,46.75,18.75,6.25,3.5,12.75,18.0,99.25,0.50125,0.4575,0.21600000000000003,0.251,27.825,73.675,50.85000000000001,48.625,6.6,5.4,11.125,100.0,104.1,109.925,50.09375,51.509440105,1.9760000000000002,0.378,CHI,246.25,41.0,90.0,0.4525,9.25,26.75,0.34375,13.75,19.25,0.7205,12.5,33.0,45.5,24.75,7.5,5.5,10.5,19.0,105.0,0.53125,0.5037499999999999,0.29675,0.2145,26.325,72.17500000000001,49.15,60.099999999999994,7.65,7.625,9.625,100.0,109.92500000000001,104.10000000000001,48.571875,49.91953125,2.15125,0.50525
201601220BRK,UTA,258.75,39.25,89.0,0.44225,11.25,32.5,0.36324999999999996,20.25,25.75,0.7935000000000001,12.5,32.0,44.5,18.75,6.5,5.5,11.25,23.25,110.0,0.54975,0.50475,0.3615,0.29474999999999996,27.275,72.35000000000001,48.95,47.15,6.824999999999999,8.425,10.100000000000001,100.0,114.675,110.82499999999999,49.990624999999994,54.101627602499995,2.207,0.37325,UTA,258.75,38.25,85.5,0.44775,8.75,19.5,0.44425000000000003,21.5,27.5,0.786,12.25,34.25,46.5,18.75,6.25,4.25,13.5,21.5,106.75,0.5465,0.4982500000000001,0.22525,0.333,27.65,72.725,51.05,49.725,6.475,7.3999999999999995,12.125,100.0,110.825,114.675,49.90625,54.072265625,2.13725,0.37675000000000003
201601220DAL,OKC,240.0,41.75,89.25,0.46900000000000003,6.75,24.25,0.281,17.5,23.5,0.7755000000000001,13.75,33.0,46.75,28.25,10.25,5.75,13.25,19.5,107.75,0.5425,0.507,0.27149999999999996,0.26325,31.099999999999998,76.55,53.525,67.75,10.875,9.225,11.625,100.0,114.125,96.42499999999998,49.95625,49.95625,2.1630000000000003,0.5665,OKC,240.0,33.25,80.25,0.41475,6.25,18.25,0.3465,18.75,22.75,0.8465,10.25,30.5,40.75,16.25,5.5,4.75,16.0,19.25,91.5,0.50575,0.45299999999999996,0.22725,0.27925,23.45,68.9,46.475,48.525,5.775,7.174999999999999,15.200000000000001,100.0,96.42500000000001,114.125,48.403125,48.403125,1.88575,0.333
201601220GSW,IND,240.0,39.25,84.0,0.46924999999999994,5.25,21.75,0.24824999999999997,21.5,29.0,0.7414999999999999,9.5,31.0,40.5,19.5,11.75,4.5,14.75,21.0,105.25,0.54525,0.5005000000000001,0.257,0.349,21.9,66.6,44.825,49.02499999999999,11.725,7.75,13.2,100.0,104.925,110.65,51.5125,51.5125,2.045,0.37875000000000003,IND,240.0,41.25,90.0,0.45375,10.25,28.0,0.37124999999999997,18.25,24.25,0.7105,15.25,34.25,49.5,22.5,7.75,2.5,18.25,24.0,111.0,0.54925,0.51125,0.3155,0.275,33.4,78.1,55.175,54.725,7.700000000000001,4.05,15.375,100.0,110.64999999999999,104.92500000000001,52.259375000000006,52.259375000000006,2.12275,0.43075
201601220HOU,MIL,246.25,38.25,78.5,0.49325,3.5,10.5,0.31475,21.25,28.25,0.77575,11.0,37.0,48.0,21.0,7.0,7.5,18.75,17.25,101.25,0.563,0.51575,0.136,0.3585,27.925,78.35,56.675,54.95,7.174999999999999,12.850000000000001,17.175,100.0,106.25,98.75,49.83437500000001,51.248111980000004,2.03675,0.42374999999999996,MIL,246.25,35.25,86.25,0.4065,8.75,28.75,0.30524999999999997,15.25,19.5,0.8230000000000001,10.25,26.25,36.5,24.0,9.25,4.25,13.0,21.25,94.5,0.4975,0.45725000000000005,0.333,0.2375,21.650000000000002,72.075,43.325,67.1,9.65,5.825,11.925,100.0,98.75,106.25,49.13125000000001,50.600651042500004,1.92625,0.48475
201601220LAL,SAS,240.0,40.75,86.0,0.47375,6.0,16.25,0.386,21.75,26.25,0.82775,9.5,37.5,47.0,20.75,7.5,5.75,10.75,19.5,109.25,0.55975,0.50875,0.18875,0.30500000000000005,21.725,81.32499999999999,52.15,50.74999999999999,7.775,9.5,9.85,100.0,113.325,95.0,49.859375,49.859375,2.193,0.41600000000000004,SAS,240.0,34.25,83.75,0.4085,7.0,22.5,0.31000000000000005,16.0,21.25,0.7645,8.5,34.5,43.0,18.75,4.75,3.5,13.75,24.0,91.5,0.49225,0.4505,0.269,0.25325,18.674999999999997,78.275,47.85,55.675,4.875,5.0,12.95,100.0,95.0,113.325,49.546875,49.546875,1.8485,0.37725
201601220NYK,LAC,246.25,40.25,90.25,0.447,13.0,31.5,0.40199999999999997,18.75,26.0,0.736,10.25,31.0,41.25,24.25,10.75,4.5,9.75,25.0,112.25,0.5507500000000001,0.51825,0.348,0.29525,20.65,74.35,45.099999999999994,60.14999999999999,10.899999999999999,8.725,8.7,100.0,113.125,112.975,51.05,52.478059895,2.1905,0.47375,LAC,246.25,38.25,79.25,0.48075,11.5,27.25,0.42574999999999996,23.75,34.5,0.6995,11.0,39.0,50.0,28.5,5.75,5.5,16.75,23.5,111.75,0.5905,0.55325,0.34325000000000006,0.432,25.65,79.35,54.9,75.3,5.775,9.25,15.225000000000001,100.0,112.975,113.125,50.69375,52.13515625,2.206,0.5635000000000001
201601220ORL,CHO,252.5,37.5,85.5,0.43825,11.5,31.25,0.3755,18.0,21.75,0.81375,7.25,32.0,39.25,21.25,5.75,2.25,12.0,19.0,104.5,0.5487500000000001,0.50525,0.36524999999999996,0.254,16.175,75.2,45.925,57.65,5.975,3.8,11.1,100.0,107.44999999999999,114.025,50.290625000000006,53.21249999999999,2.07375,0.42974999999999997,CHO,252.5,41.25,86.5,0.48225,10.25,27.0,0.39225,17.75,22.25,0.8062499999999999,10.75,35.25,46.0,26.75,6.25,7.0,13.25,18.5,110.5,0.57775,0.5395,0.29975,0.26575,24.799999999999997,83.825,54.075,64.89999999999999,6.375,13.1,12.1,100.0,114.025,107.44999999999999,49.784375,52.6098958325,2.22375,0.5387500000000001
201601220TOR,MIA,240.0,32.5,73.75,0.44025000000000003,5.0,15.75,0.32825000000000004,14.5,18.5,0.79825,8.75,28.0,36.75,18.5,5.0,7.0,16.5,15.5,84.5,0.51625,0.47475,0.215,0.251,22.874999999999996,75.25,48.825,55.7,5.625,11.05,16.875,100.0,94.975,110.1,45.143750000000004,45.143750000000004,1.86875,0.40750000000000003,MIA,240.0,38.25,81.5,0.46849999999999997,5.75,17.0,0.34525,15.5,16.75,0.92075,9.25,29.25,38.5,23.25,8.0,5.25,13.5,17.25,97.75,0.55025,0.50375,0.20725000000000002,0.209,24.75,77.125,51.175,61.175,9.075,8.975,13.2,100.0,110.1,94.975,46.853125000000006,46.853125000000006,2.08875,0.49675
201601230CHO,NYK,258.75,39.5,87.25,0.45200000000000007,6.0,18.75,0.321,20.0,23.0,0.8775,10.0,32.25,42.25,22.5,4.5,5.75,12.0,21.5,105.0,0.5385,0.48624999999999996,0.21675,0.264,23.25,77.925,49.625,58.225,4.625,8.700000000000001,10.85,100.0,109.025,115.625,50.087500000000006,54.332942707499996,2.1015,0.44849999999999995,NYK,258.75,41.0,86.5,0.47824999999999995,10.0,22.0,0.46649999999999997,18.75,26.5,0.70075,9.25,33.5,42.75,24.25,6.25,4.75,10.5,20.75,110.75,0.5695,0.5367500000000001,0.2535,0.3095,22.075,76.75,50.375,58.925,6.324999999999999,6.975,9.575000000000001,100.0,115.625,109.025,50.16875,54.5759765625,2.231,0.48750000000000004
201601230CLE,CHI,240.0,37.5,89.75,0.42025,3.75,18.25,0.20375,17.0,21.25,0.80125,12.25,33.75,46.0,17.25,5.75,4.0,12.0,17.75,95.75,0.48550000000000004,0.44199999999999995,0.20425000000000001,0.236,25.525,71.675,48.65,45.475,6.125,6.025,10.65,100.0,100.94999999999999,110.0,49.796875,49.796875,1.922,0.3515,CHI,240.0,41.25,90.75,0.4515,8.25,25.75,0.31975,14.0,19.5,0.7235,13.75,34.75,48.5,25.5,7.75,5.75,10.5,17.75,104.75,0.5257499999999999,0.49724999999999997,0.28425,0.2155,28.325000000000003,74.475,51.35,61.525000000000006,7.925000000000001,7.8500000000000005,9.55,100.0,110.0,100.95,48.38125,48.38125,2.15425,0.52175
201601230DEN,DET,240.0,41.25,91.75,0.45,8.0,27.25,0.29325,18.5,29.75,0.63575,17.25,33.5,50.75,20.0,7.25,5.5,11.25,17.25,109.0,0.5195,0.49475,0.30175,0.34175,33.825,76.32499999999999,53.4,48.724999999999994,7.5,7.925,9.725,100.0,112.82499999999999,113.1,49.940625,49.940625,2.1790000000000003,0.39925,DET,240.0,41.75,89.75,0.4685,9.0,20.5,0.43650000000000005,16.25,19.75,0.8320000000000001,10.5,33.75,44.25,23.25,6.75,5.75,11.0,22.5,108.75,0.5549999999999999,0.518,0.22725,0.22025,23.675,66.175,46.599999999999994,55.449999999999996,7.025,8.6,9.975,100.0,113.1,112.825,49.815625,49.815625,2.192,0.471
201601230MIN,MEM,240.0,36.75,76.25,0.4825,7.0,16.5,0.4425,21.75,27.5,0.7909999999999999,8.25,29.25,37.5,23.25,7.75,4.25,11.25,21.5,102.25,0.5795,0.5285,0.21949999999999997,0.36225,21.45,79.60000000000001,50.625,63.425,8.6,8.45,11.299999999999999,100.0,114.55,110.85,46.15625,46.15625,2.21875,0.5065,MEM,240.0,36.0,75.75,0.47625,8.75,25.25,0.33375,18.25,22.5,0.80525,7.5,28.75,36.25,20.75,5.25,3.5,13.25,22.0,99.0,0.57925,0.5345000000000001,0.33399999999999996,0.296,20.4,78.55000000000001,49.375,57.675,5.8999999999999995,5.625,13.375,100.0,110.85,114.55,46.09375000000001,46.09375000000001,2.1477500000000003,0.45025
201601230NOP,MIL,246.25,38.5,81.75,0.47600000000000003,4.0,12.0,0.33699999999999997,19.5,25.25,0.7925000000000001,12.0,36.25,48.25,22.75,6.25,9.5,15.75,16.25,100.5,0.54725,0.501,0.14950000000000002,0.30525,28.375,75.6,54.75,59.050000000000004,6.575000000000001,16.975,14.675,100.0,107.57499999999999,99.89999999999999,48.746874999999996,50.16061197999999,2.0645,0.47,MIL,246.25,35.25,88.75,0.3945,9.5,33.0,0.2795,13.5,17.5,0.8075,11.75,27.75,39.5,24.0,7.25,5.75,11.75,20.0,93.5,0.48375,0.44725000000000004,0.36975,0.20850000000000002,24.400000000000002,71.625,45.25,67.1,7.875,7.775,10.75,100.0,99.89999999999999,107.575,48.53125,50.000651042499996,1.93125,0.49125
201601230PHO,ATL,240.0,39.75,82.5,0.48375,8.75,26.25,0.35225,12.75,18.0,0.7032499999999999,6.5,36.5,43.0,27.75,11.25,5.75,14.75,18.0,101.0,0.5595000000000001,0.5367500000000001,0.3185,0.21800000000000003,15.650000000000002,75.475,48.62500000000001,69.25,11.625,8.95,13.975000000000001,100.0,104.80000000000001,92.1,49.65,49.65,2.04075,0.56225,ATL,240.0,34.5,87.75,0.39399999999999996,7.0,24.25,0.28874999999999995,13.0,18.5,0.6920000000000001,12.0,34.0,46.0,22.5,8.5,4.0,15.25,15.5,89.0,0.46525,0.4335,0.275,0.213,24.525,84.35,51.375,65.875,8.725000000000001,7.075,13.674999999999999,100.0,92.1,104.8,49.89375,49.89375,1.7850000000000001,0.4505
201601230POR,LAL,240.0,34.5,86.5,0.40074999999999994,6.25,20.75,0.3105,16.0,21.5,0.732,10.75,30.75,41.5,19.25,5.25,5.25,12.0,16.0,91.25,0.47775,0.43700000000000006,0.239,0.2475,21.75,73.8,46.25,55.574999999999996,5.449999999999999,7.95,11.149999999999999,100.0,97.10000000000001,117.37499999999999,48.98125,48.98125,1.866,0.3925,LAL,240.0,42.75,87.0,0.49174999999999996,8.75,21.5,0.4025,16.0,20.75,0.78575,11.0,38.0,49.0,23.0,8.5,9.5,10.75,18.25,110.25,0.5745,0.5425,0.248,0.23725000000000002,26.200000000000003,78.25,53.775000000000006,53.7,9.075,14.35,9.875000000000002,100.0,117.375,97.1,48.303125,48.303125,2.29,0.47675
201601230SAC,IND,240.0,41.0,85.0,0.48325,4.75,18.5,0.2505,22.5,30.75,0.73,10.0,29.5,39.5,20.5,11.5,4.75,13.75,21.0,109.25,0.55625,0.5117499999999999,0.21925,0.365,22.475,65.6,44.150000000000006,49.375,11.45,8.325,12.25,100.0,108.725,115.175,51.678125,51.678125,2.115,0.39675,IND,240.0,42.0,90.0,0.46225,11.5,29.75,0.39075,20.25,25.5,0.7555,15.25,34.5,49.75,24.25,8.25,3.0,17.75,25.5,115.75,0.5700000000000001,0.52675,0.33499999999999996,0.28900000000000003,34.4,77.525,55.849999999999994,57.75,8.200000000000001,4.5,14.95,100.0,115.175,108.725,52.30625,52.30625,2.21175,0.46375
201601240BRK,OKC,240.0,41.25,89.75,0.46075,7.5,26.0,0.2935,16.75,21.75,0.7997500000000001,15.0,33.5,48.5,25.0,8.5,5.5,15.25,19.0,106.75,0.5387500000000001,0.5025,0.2895,0.24275000000000002,33.65,80.925,56.45,61.25,8.875,9.6,13.325,100.0,111.775,98.92500000000001,50.165625,50.165625,2.1315,0.49524999999999997,OKC,240.0,34.75,80.75,0.42974999999999997,7.5,23.5,0.318,17.75,21.5,0.8512500000000001,8.0,29.75,37.75,18.5,7.0,5.75,15.0,18.25,94.75,0.523,0.475,0.28675,0.26325,19.075,66.35,43.575,52.5,7.375,8.875,14.35,100.0,98.92500000000001,111.775,48.98125,48.98125,1.929,0.37575
201601240HOU,DAL,252.5,37.75,89.5,0.42025,9.25,28.75,0.30874999999999997,18.5,22.25,0.8347499999999999,8.0,35.75,43.75,21.25,7.0,4.0,11.5,18.5,103.25,0.519,0.47175,0.32175000000000004,0.25025,17.475,75.425,46.525,57.35,7.075,6.1,10.350000000000001,100.0,103.8,107.72500000000001,51.784375000000004,54.6079427075,1.994,0.41275,DAL,252.5,41.75,91.5,0.45699999999999996,7.5,25.75,0.2835,16.0,20.0,0.795,11.5,38.25,49.75,22.5,5.75,5.75,12.5,22.75,107.0,0.5327500000000001,0.497,0.281,0.21850000000000003,24.575,82.525,53.5,54.35,5.75,9.325,11.05,100.0,107.72500000000001,103.80000000000001,51.0,53.7158203125,2.1014999999999997,0.44000000000000006
201601240PHI,BOS,246.25,41.25,90.75,0.45575,10.25,27.0,0.37999999999999995,20.0,24.5,0.798,13.5,30.25,43.75,26.75,9.5,3.25,13.5,24.0,112.75,0.5567500000000001,0.51225,0.29875,0.27025,28.974999999999998,71.25,49.199999999999996,64.875,9.600000000000001,4.85,11.774999999999999,100.0,114.1,114.175,51.193749999999994,52.5654947925,2.2024999999999997,0.524,BOS,246.25,41.0,88.5,0.465,9.0,24.5,0.3385,21.75,25.75,0.8325,12.25,32.75,45.0,20.5,7.75,4.0,15.0,20.5,112.75,0.5665,0.51575,0.27699999999999997,0.28975,28.75,71.025,50.8,49.725,7.875,6.4,13.025,100.0,114.17500000000001,114.1,51.740624999999994,53.139062499999994,2.18525,0.39875
201601240TOR,LAC,246.25,41.0,85.75,0.482,13.5,31.0,0.43324999999999997,19.75,28.0,0.7097500000000001,8.5,31.0,39.5,24.5,8.75,4.0,10.25,23.0,115.25,0.5895,0.56,0.35724999999999996,0.33175,18.299999999999997,70.975,44.974999999999994,59.60000000000001,8.975,7.125,9.424999999999999,100.0,117.67500000000001,113.575,50.39999999999999,51.828059894999996,2.284,0.48649999999999993,LAC,246.25,38.75,83.0,0.46699999999999997,10.25,25.75,0.38749999999999996,23.5,32.25,0.76075,12.75,35.5,48.25,28.0,5.75,4.25,15.25,25.0,111.25,0.57175,0.5295000000000001,0.3105,0.38725,29.025,81.7,55.025,72.5,5.85,7.675,13.625,100.0,113.57499999999999,117.67500000000001,50.409375,51.85078125,2.206,0.55625
201601250CHI,MIA,240.0,30.75,73.75,0.4185,5.0,17.0,0.30374999999999996,13.75,18.0,0.7757499999999999,10.0,26.75,36.75,15.25,4.75,4.25,16.25,14.5,80.25,0.49374999999999997,0.45299999999999996,0.23049999999999998,0.24475,24.4,74.7,48.175000000000004,49.300000000000004,5.425000000000001,6.625,16.675,100.0,91.99999999999999,113.7,44.275,44.275,1.8125000000000002,0.344,MIA,240.0,39.0,80.75,0.48275,7.5,18.75,0.392,13.75,15.5,0.8945000000000001,9.25,30.25,39.5,22.25,8.0,5.75,13.25,16.5,99.25,0.56725,0.52975,0.23275,0.19575,25.3,75.60000000000001,51.824999999999996,56.775000000000006,9.15,9.925,13.149999999999999,100.0,113.70000000000002,92.0,46.056250000000006,46.056250000000006,2.1557500000000003,0.483
201601250CLE,MIN,246.25,37.25,76.0,0.49474999999999997,5.0,18.0,0.2785,24.5,29.5,0.82725,9.5,33.0,42.5,23.25,8.0,7.0,15.75,22.0,104.0,0.5875,0.52825,0.23700000000000002,0.4095,25.974999999999998,76.30000000000001,53.25,62.625,8.600000000000001,10.774999999999999,15.05,100.0,110.55,108.05,48.131249999999994,49.47532552,2.169,0.48324999999999996,MIN,246.25,39.0,85.0,0.45975,6.75,20.5,0.32725,17.25,23.0,0.7552500000000001,10.0,27.5,37.5,19.25,8.5,3.25,13.5,22.75,102.0,0.53775,0.50025,0.24025,0.27275,23.700000000000003,74.025,46.75,49.525000000000006,8.95,5.6,12.5,100.0,108.04999999999998,110.55,49.7125,51.1376302075,2.0585,0.3905
201601250DEN,ATL,240.0,37.25,83.75,0.44575000000000004,9.75,27.5,0.3715,12.0,16.5,0.724,8.0,35.75,43.75,25.0,9.75,6.25,16.25,17.25,96.25,0.52975,0.5037499999999999,0.328,0.1955,17.700000000000003,71.67500000000001,46.8,66.82499999999999,10.0,9.675,15.175,100.0,99.44999999999999,94.99999999999999,49.91875,49.91875,1.93025,0.502,ATL,240.0,34.5,89.5,0.38499999999999995,8.0,25.25,0.31799999999999995,15.0,20.25,0.7262500000000001,14.0,36.0,50.0,22.5,9.75,4.75,15.25,15.5,92.0,0.46775,0.42975,0.2815,0.22849999999999998,28.325000000000003,82.3,53.2,65.875,10.025,8.575,13.325,100.0,95.0,99.45,50.184375,50.184375,1.835,0.448
201601250GSW,SAS,240.0,41.25,86.0,0.47975,7.5,18.0,0.42775,19.0,22.75,0.8354999999999999,8.5,35.0,43.5,22.25,7.75,7.75,8.0,18.0,109.0,0.56775,0.5235000000000001,0.20925,0.26375000000000004,19.4,79.425,49.5,53.675,8.375,12.425,7.675,100.0,116.92500000000001,97.375,48.153125,48.153125,2.26675,0.46399999999999997,SAS,240.0,34.25,82.0,0.41700000000000004,7.0,20.75,0.3385,15.0,19.25,0.7815000000000001,8.75,35.25,44.0,18.0,3.5,4.25,13.5,21.0,90.5,0.50075,0.45975,0.25325000000000003,0.23525000000000001,20.575,80.6,50.525,53.7,3.7249999999999996,6.25,12.999999999999998,100.0,97.375,116.925,47.946875,47.946875,1.893,0.3755
201601250MEM,ORL,252.5,38.0,89.75,0.42175,7.5,21.25,0.34425000000000006,13.25,18.25,0.73575,9.25,36.5,45.75,24.75,8.25,6.5,15.25,18.5,96.75,0.49375,0.46275,0.23625,0.20775,19.45,82.75,50.025000000000006,65.025,8.475,9.875,13.450000000000001,100.0,96.6,105.075,52.209374999999994,55.097721355,1.84475,0.46975,ORL,252.5,39.75,86.25,0.46399999999999997,9.0,22.25,0.41274999999999995,16.5,21.0,0.7742499999999999,8.25,37.5,45.75,23.5,9.5,7.25,12.5,18.5,105.0,0.5527500000000001,0.51675,0.25725,0.24274999999999997,17.25,80.55000000000001,49.975,59.099999999999994,9.5,10.475,11.875,100.0,105.075,96.6,50.2375,52.974153645,2.08675,0.4695
201601250NOP,HOU,246.25,42.0,91.5,0.45999999999999996,13.25,36.0,0.38149999999999995,18.5,26.75,0.7197499999999999,12.75,32.75,45.5,26.5,8.5,6.25,11.25,27.75,115.75,0.55975,0.5325,0.39475000000000005,0.2965,27.65,74.475,50.800000000000004,63.3,8.725000000000001,10.925,9.725,100.0,117.475,117.5,51.353125,52.79453125,2.25175,0.517,HOU,246.25,40.0,83.75,0.4765,13.0,27.75,0.42725,23.25,34.0,0.7165,11.25,33.0,44.25,24.5,7.25,6.75,12.75,21.0,116.25,0.58675,0.5535,0.33175,0.4095,25.525,72.35000000000001,49.199999999999996,61.05,7.2749999999999995,12.375,11.525,100.0,117.5,117.475,50.699999999999996,52.128059895,2.28225,0.48275
201601250SAC,CHO,258.75,37.0,88.0,0.41825,10.5,28.0,0.378,24.5,28.0,0.8765000000000001,9.5,35.75,45.25,19.25,7.25,3.25,13.0,19.5,109.0,0.542,0.47775,0.32125000000000004,0.32299999999999995,19.25,76.57499999999999,47.375,52.65,7.074999999999999,5.45,11.575,100.0,106.64999999999999,104.69999999999999,52.4,56.7079427075,2.0737499999999995,0.36674999999999996,CHO,258.75,39.25,88.75,0.44125,10.5,29.0,0.3695,18.0,25.25,0.729,11.0,38.75,49.75,27.25,6.25,6.75,15.75,23.75,107.0,0.53475,0.49900000000000005,0.32175000000000004,0.2945,23.424999999999997,80.75,52.625,70.35,6.124999999999999,11.25,13.675,100.0,104.69999999999999,106.65,52.746874999999996,57.031054687499996,2.02175,0.5152500000000001
201601250UTA,DET,240.0,39.5,87.5,0.45275,8.75,28.75,0.30100000000000005,18.25,29.5,0.62975,15.75,33.5,49.25,20.25,6.25,4.0,13.0,17.25,106.0,0.5275,0.504,0.331,0.34875,32.2,81.05,55.050000000000004,51.400000000000006,6.5249999999999995,6.175000000000001,11.524999999999999,100.0,110.825,116.475,49.381249999999994,49.381249999999994,2.1430000000000002,0.40925,DET,240.0,42.25,85.75,0.4935,8.5,19.75,0.42750000000000005,18.0,21.25,0.85425,7.75,32.75,40.5,23.25,9.0,4.5,10.0,23.25,111.0,0.5842499999999999,0.5425,0.23125,0.252,18.95,67.8,44.95,54.725,9.475,7.55,9.425,100.0,116.475,110.825,49.046875,49.046875,2.26775,0.47650000000000003
201601250WAS,BOS,246.25,42.25,93.0,0.45575,10.75,26.0,0.4125,15.75,20.25,0.773,13.0,31.75,44.75,27.25,11.25,3.0,13.5,22.0,111.0,0.5465,0.5137499999999999,0.28075,0.21699999999999997,27.174999999999997,72.575,49.0,64.42500000000001,11.2,4.525,11.725000000000001,100.0,111.07499999999999,106.82499999999999,51.559375,52.9311197925,2.1542499999999998,0.5297499999999999,BOS,246.25,39.75,88.5,0.451,9.5,25.5,0.34725,17.5,21.75,0.79225,12.0,34.25,46.25,18.5,7.5,4.25,17.5,18.75,106.5,0.5445,0.5045000000000001,0.28824999999999995,0.245,27.425,72.825,51.0,46.25,7.5,6.35,15.025,100.0,106.82499999999999,111.07500000000002,52.165625000000006,53.564062500000006,2.0527499999999996,0.358
201601260BRK,MIA,240.0,32.5,76.0,0.4285,4.75,17.0,0.28575,14.25,19.5,0.725,9.75,29.5,39.25,17.5,5.0,2.75,14.25,15.25,84.0,0.499,0.46075,0.22525,0.259,23.3,76.675,49.025,53.5,5.65,4.3,14.5,100.0,95.27499999999999,108.60000000000001,44.881249999999994,44.881249999999994,1.8707500000000001,0.38825,MIA,240.0,37.75,80.75,0.46849999999999997,7.0,17.75,0.382,13.0,15.5,0.832,9.0,31.75,40.75,20.75,6.5,4.5,13.0,17.75,95.5,0.547,0.51275,0.2215,0.19575,23.325,76.7,50.974999999999994,54.625,7.399999999999999,7.6,12.95,100.0,108.6,95.275,46.05624999999999,46.05624999999999,2.0765000000000002,0.45125000000000004
201601260IND,LAC,246.25,40.0,80.75,0.49475,12.25,27.75,0.427,20.75,30.75,0.6755000000000001,6.75,29.75,36.5,23.75,8.75,3.75,10.75,24.0,113.0,0.5980000000000001,0.569,0.34125,0.381,16.225,70.75,44.15,59.25,9.025,6.4,10.224999999999998,100.0,115.92500000000001,114.72500000000001,49.678124999999994,51.106184895,2.2675,0.478,LAC,246.25,40.0,84.75,0.472,10.0,25.0,0.39375000000000004,21.75,30.5,0.7442499999999999,12.5,33.75,46.25,25.75,6.5,3.0,14.75,26.75,111.75,0.5680000000000001,0.53125,0.2945,0.357,29.249999999999996,83.775,55.85,64.625,6.65,5.675000000000001,13.100000000000001,100.0,114.725,115.92500000000001,50.74375,52.18515625,2.2015000000000002,0.5085
201601260LAL,DAL,252.5,39.5,89.0,0.44475,11.5,30.5,0.3685,18.0,21.5,0.838,8.75,32.75,41.5,20.5,7.0,3.5,11.75,17.75,108.5,0.55275,0.51075,0.34575,0.2425,20.1,72.6,46.65,51.900000000000006,7.15,6.175000000000001,10.65,100.0,111.19999999999999,110.85000000000001,51.10625,53.9298177075,2.12725,0.40249999999999997,DAL,252.5,42.0,91.25,0.46099999999999997,10.0,31.75,0.30625,13.75,18.25,0.7565000000000001,12.25,34.75,47.0,23.75,6.25,6.25,12.5,22.75,107.75,0.54225,0.51525,0.349,0.19975,27.4,79.9,53.375,56.95,6.425,10.75,11.125,100.0,110.85000000000001,111.19999999999999,50.084374999999994,52.8001953125,2.1574999999999998,0.47375
201601260MIL,ORL,252.5,37.0,87.0,0.42450000000000004,7.75,22.5,0.33575,14.75,19.75,0.7625,9.75,36.0,45.75,23.75,7.75,5.75,16.25,18.5,96.5,0.504,0.4685,0.2585,0.228,20.425,80.125,49.150000000000006,64.125,8.0,8.299999999999999,14.475000000000001,100.0,97.0,106.225,51.440625,54.24889322999999,1.86775,0.458,ORL,252.5,41.25,88.75,0.46875,8.5,20.75,0.41274999999999995,14.5,19.5,0.74075,10.0,37.5,47.5,24.75,9.75,5.75,12.5,18.5,105.5,0.5465,0.51775,0.23550000000000001,0.21925,19.875,79.57499999999999,50.85,60.099999999999994,9.825,8.899999999999999,11.75,100.0,106.22500000000001,97.0,50.25625,52.994856770000005,2.0955,0.49324999999999997
201601260NYK,OKC,240.0,42.0,91.0,0.46249999999999997,7.75,27.0,0.291,16.75,23.5,0.70775,15.25,33.75,49.0,24.0,7.5,4.75,15.25,20.5,108.5,0.53675,0.50525,0.297,0.25975,33.675,76.525,54.800000000000004,57.875,7.574999999999999,7.775,13.1,100.0,111.27499999999999,108.025,51.08125,51.08125,2.12825,0.4665,OKC,240.0,38.5,86.25,0.44525,8.5,24.25,0.36425,19.75,25.0,0.804,10.75,30.25,41.0,21.5,8.0,5.25,13.0,19.5,105.25,0.5405,0.4942500000000001,0.2835,0.2915,23.475,66.325,45.225,55.825,8.275,8.075,11.775,100.0,108.025,111.275,50.1875,50.1875,2.10075,0.42975
201601260PHI,PHO,240.0,32.25,82.0,0.39325,7.5,23.0,0.316,20.0,25.75,0.7715000000000001,11.5,33.0,44.5,17.75,5.5,3.5,16.75,23.75,92.0,0.49249999999999994,0.439,0.28025,0.31425,25.299999999999997,76.7,50.125,55.075,5.775,6.175,15.125,100.0,96.52499999999999,112.025,49.740624999999994,49.740624999999994,1.85025,0.35775,PHO,240.0,37.25,80.5,0.46699999999999997,8.0,21.5,0.39625,24.0,30.0,0.8062500000000001,9.75,33.5,43.25,21.0,10.75,6.5,13.25,21.5,106.5,0.57075,0.51675,0.2675,0.3825,23.299999999999997,74.69999999999999,49.875,56.225,11.2,11.15,12.399999999999999,100.0,112.025,96.52499999999999,49.125,49.125,2.1742500000000002,0.43
201601260POR,SAC,252.5,40.5,89.25,0.45400000000000007,6.25,20.75,0.30225,22.5,30.0,0.74875,13.5,42.25,55.75,26.75,7.5,7.0,17.25,22.5,109.75,0.5355,0.489,0.23174999999999998,0.33799999999999997,29.700000000000003,79.82499999999999,56.725,65.69999999999999,7.425000000000001,11.1,14.299999999999999,100.0,107.275,99.025,53.625,56.7291666675,2.0452500000000002,0.49524999999999997,SAC,252.5,36.75,92.5,0.398,9.75,30.25,0.30625,18.5,24.25,0.7502500000000001,11.0,31.5,42.5,20.75,9.75,6.5,11.75,24.5,101.75,0.49150000000000005,0.44800000000000006,0.323,0.26249999999999996,20.199999999999996,70.3,43.275,56.125,9.475,9.45,10.375,100.0,99.02499999999999,107.275,52.384375000000006,55.388281250000006,1.9335,0.39325
201601260TOR,WAS,240.0,38.5,81.75,0.47,6.75,20.75,0.32675,19.25,24.75,0.7809999999999999,8.5,29.0,37.5,25.25,8.75,3.5,13.0,20.25,103.0,0.55575,0.51175,0.2565,0.30375,21.175,74.82499999999999,47.324999999999996,66.275,9.299999999999999,6.074999999999999,12.2,100.0,109.17500000000001,113.12499999999999,49.003125,49.003125,2.10975,0.5185,WAS,240.0,39.75,82.5,0.48224999999999996,10.5,24.25,0.43350000000000005,17.5,22.0,0.737,10.0,32.25,42.25,26.5,6.75,2.5,15.25,22.0,107.5,0.58325,0.5457500000000001,0.29100000000000004,0.26525,25.174999999999997,78.825,52.675000000000004,66.875,6.975,3.95,14.450000000000001,100.0,113.12499999999999,109.17500000000001,49.1,49.1,2.18225,0.5387500000000001
201601270ATL,LAC,240.0,36.25,77.5,0.46825,10.5,27.75,0.3795,17.75,28.5,0.61875,6.75,30.5,37.25,20.75,8.5,3.5,11.5,21.5,100.75,0.5607500000000001,0.53625,0.358,0.36725,16.225,72.69999999999999,45.075,56.849999999999994,9.05,5.6,11.3,100.0,107.25,107.4,47.89375,47.89375,2.10625,0.434,LAC,240.0,37.75,83.5,0.45249999999999996,8.5,21.0,0.386,17.0,23.5,0.73125,11.5,33.75,45.25,22.5,6.25,2.25,15.5,24.0,101.0,0.53825,0.5035,0.25175000000000003,0.2815,27.299999999999997,83.775,54.925,59.85,6.625,4.575,14.15,100.0,107.4,107.25,49.33125,49.33125,2.053,0.45899999999999996
201601270BOS,DEN,240.0,35.0,81.25,0.43175,7.5,23.0,0.32849999999999996,26.0,32.0,0.80975,9.25,31.5,40.75,20.75,9.0,3.5,12.5,21.75,103.5,0.54375,0.47800000000000004,0.284,0.39275,20.65,76.375,47.275,59.175,9.375,5.775,11.425,100.0,107.325,111.80000000000001,49.85,49.85,2.08075,0.41974999999999996,DEN,240.0,40.0,84.75,0.47475,8.0,26.25,0.303,20.0,26.0,0.7525,10.25,35.25,45.5,25.5,8.25,4.75,13.75,24.25,108.0,0.5647500000000001,0.5225,0.31,0.31,23.625,79.35,52.725,63.525,8.45,8.375,12.6,100.0,111.80000000000001,107.325,50.3,50.3,2.14825,0.5045000000000001
201601270CLE,PHO,240.0,33.25,82.5,0.40275,8.25,24.0,0.34500000000000003,21.25,26.5,0.80125,11.75,36.5,48.25,20.5,5.75,4.5,17.25,24.0,96.0,0.50925,0.45275,0.29125,0.32125,25.775,78.95,52.625,60.95,5.949999999999999,8.025,15.4,100.0,99.19999999999999,109.175,50.293749999999996,50.293749999999996,1.90875,0.4075,PHO,240.0,37.25,83.5,0.446,9.0,24.0,0.39725,22.0,29.0,0.7730000000000001,9.75,33.5,43.25,21.5,10.25,6.25,12.25,21.0,105.5,0.5475,0.5,0.28875,0.3485,21.049999999999997,74.225,47.375,57.5,10.525,10.85,11.25,100.0,109.175,99.2,49.8875,49.8875,2.11725,0.43274999999999997
201601270DET,PHI,252.5,38.75,86.5,0.45025,9.5,25.25,0.383,16.5,25.5,0.65025,8.0,37.0,45.0,22.25,9.5,6.75,15.25,21.75,103.5,0.5325,0.506,0.2925,0.2995,17.4,75.4,47.824999999999996,57.074999999999996,9.3,9.675,13.475,100.0,101.1,102.30000000000001,52.931250000000006,56.0529947925,1.96475,0.421,PHI,252.5,39.5,90.25,0.43725,7.25,20.25,0.34775,19.0,25.75,0.73875,12.0,37.0,49.0,25.25,9.5,4.75,15.25,20.0,105.25,0.517,0.477,0.22375,0.288,24.599999999999998,82.6,52.175,63.675,9.425,7.7,13.1,100.0,102.30000000000001,101.1,52.865625,55.866927082500005,1.98475,0.47650000000000003
201601270GSW,DAL,246.25,37.75,84.75,0.44575,9.0,28.25,0.31075,17.5,22.0,0.801,7.25,30.25,37.5,20.0,7.25,3.25,9.75,17.5,102.0,0.54175,0.5002500000000001,0.33649999999999997,0.2635,17.1,73.44999999999999,44.575,53.425000000000004,7.6,5.9,9.275,100.0,108.875,109.175,48.849999999999994,50.2751302075,2.0927499999999997,0.413,DAL,246.25,39.5,86.25,0.45575,8.75,30.5,0.27625,14.25,18.75,0.75975,11.0,35.5,46.5,21.5,5.0,7.25,12.5,21.5,102.0,0.5385,0.5062500000000001,0.35375,0.225,26.55,82.9,55.45,54.45,5.375,12.9,11.625,100.0,109.175,108.875,48.328125,49.67220052,2.1142499999999997,0.44200000000000006
201601270MIN,OKC,246.25,43.25,91.5,0.47300000000000003,9.0,25.0,0.375,17.5,23.25,0.74,15.25,35.5,50.75,22.25,6.5,4.0,15.25,19.0,113.0,0.55525,0.52175,0.27525,0.25575,34.150000000000006,78.45,56.4,52.075,6.549999999999999,6.5,13.049999999999999,100.0,114.7,111.5,51.271874999999994,52.70123698,2.2032499999999997,0.43275,OKC,246.25,40.75,89.25,0.4555,9.5,25.0,0.39625,18.75,23.5,0.8082499999999999,10.0,29.5,39.5,22.25,9.0,5.5,11.0,18.5,109.75,0.55,0.5085000000000001,0.28375,0.262,21.55,65.85,43.625,54.45,9.175,8.125,10.025,100.0,111.5,114.7,50.70625,52.12877604250001,2.16425,0.4395
201601270SAS,HOU,240.0,40.5,89.5,0.45375,15.25,38.0,0.41425,14.5,19.0,0.7635,10.5,31.5,42.0,24.25,8.25,6.25,11.0,25.75,110.75,0.5680000000000001,0.54025,0.42875,0.2145,23.6,70.975,47.625,60.15,8.700000000000001,10.625000000000002,10.1,100.0,116.275,114.15,49.5125,49.5125,2.239,0.4915,HOU,240.0,38.75,83.75,0.463,10.75,25.75,0.3905,20.75,32.0,0.6747500000000001,13.0,33.5,46.5,23.25,6.75,6.25,12.75,17.5,109.0,0.557,0.5275000000000001,0.30974999999999997,0.38749999999999996,29.025,76.4,52.375,59.849999999999994,7.05,12.2,11.6,100.0,114.15,116.27499999999999,49.35,49.35,2.20525,0.47124999999999995
201601270UTA,CHO,258.75,37.75,93.5,0.40175000000000005,12.0,32.25,0.362,22.75,26.5,0.85975,11.75,32.5,44.25,21.0,8.5,2.75,11.25,22.75,110.25,0.523,0.46425000000000005,0.34450000000000003,0.291,21.325,77.275,46.025,55.800000000000004,8.100000000000001,4.475,9.9,100.0,106.075,105.1,52.79375,57.18372395750001,2.0805,0.3945,CHO,258.75,40.25,85.5,0.46725,8.5,23.5,0.36225,20.25,28.25,0.72425,9.5,42.0,51.5,29.5,5.75,7.0,18.75,24.5,109.25,0.5552499999999999,0.51675,0.27675,0.33449999999999996,22.725,78.675,53.975,73.75,5.6,11.399999999999999,15.974999999999998,100.0,105.1,106.07499999999999,54.084375,58.6472005225,2.01025,0.5417500000000001
201601280IND,ATL,240.0,36.25,83.25,0.435,9.75,29.25,0.34075,14.0,18.25,0.73075,9.0,35.0,44.0,23.25,10.0,5.5,17.75,19.25,96.25,0.52525,0.49325,0.35075,0.21799999999999997,20.075,72.525,47.300000000000004,64.07499999999999,10.15,8.65,16.299999999999997,100.0,98.525,97.05,50.334374999999994,50.334374999999994,1.9115,0.46175,ATL,240.0,33.25,86.5,0.385,7.0,23.75,0.2985,21.25,27.0,0.7695000000000001,13.25,36.0,49.25,20.5,12.25,4.5,15.5,15.75,94.75,0.48175,0.42575,0.27475,0.3135,27.474999999999998,79.925,52.7,61.6,12.525,8.45,13.525,100.0,97.05000000000001,98.525,50.787499999999994,50.787499999999994,1.86525,0.40325
201601280LAL,CHI,240.0,37.0,91.0,0.40800000000000003,4.0,17.0,0.24275000000000002,15.75,19.25,0.81375,14.0,36.25,50.25,16.0,4.5,4.0,12.5,18.0,93.75,0.47275,0.4305,0.1865,0.20999999999999996,28.1,74.825,50.825,43.349999999999994,4.675,5.85,11.025,100.0,98.94999999999999,106.5,49.321875000000006,49.321875000000006,1.9089999999999998,0.3325,CHI,240.0,41.25,91.5,0.45075000000000004,6.75,23.25,0.276,12.5,20.0,0.63175,12.5,36.25,48.75,25.5,8.5,5.75,9.25,18.0,101.75,0.507,0.487,0.25125000000000003,0.2185,25.175,71.9,49.175000000000004,60.474999999999994,8.825000000000001,7.65,8.45,100.0,106.49999999999999,98.95,48.875,48.875,2.071,0.51625
201601280MEM,MIL,240.0,38.0,77.5,0.49150000000000005,4.75,13.5,0.354,18.0,21.75,0.8300000000000001,9.5,34.25,43.75,22.75,5.25,6.75,15.5,19.75,98.75,0.56825,0.5225,0.17475000000000002,0.28025,25.324999999999996,72.875,52.175,59.724999999999994,5.825,12.425,15.175,100.0,108.925,109.125,46.915625,46.915625,2.10525,0.48375,MIL,240.0,35.25,85.5,0.40975,12.5,30.25,0.41450000000000004,16.25,22.0,0.7364999999999999,12.75,27.25,40.0,23.75,8.0,5.0,11.0,18.5,99.25,0.5195000000000001,0.48125,0.34875,0.26625,27.125,74.675,47.824999999999996,65.64999999999999,8.750000000000002,7.6000000000000005,10.45,100.0,109.125,108.925,47.099999999999994,47.099999999999994,2.1,0.4985
201601280NOP,SAC,252.5,38.75,88.5,0.43800000000000006,6.5,20.5,0.31925000000000003,22.0,31.0,0.7110000000000001,12.25,40.0,52.25,26.25,7.75,5.25,17.0,21.25,106.0,0.5185,0.47450000000000003,0.23074999999999998,0.35224999999999995,26.375,79.625,54.075,67.475,7.65,8.55,14.149999999999999,100.0,102.95,103.35,53.9875,57.0916666675,1.9580000000000002,0.48175,SAC,252.5,39.75,92.5,0.43125,11.0,31.5,0.34125,16.0,21.25,0.746,10.5,33.75,44.25,23.5,9.75,7.25,12.5,24.75,106.5,0.5215,0.4882500000000001,0.33675,0.22925,20.4,73.625,45.925,58.75,9.45,10.625,11.1,100.0,103.35000000000001,102.94999999999999,52.296875,55.30078125,2.0307500000000003,0.44825000000000004
201601280TOR,NYK,252.5,38.25,86.75,0.4375,7.25,20.5,0.35100000000000003,19.25,25.0,0.8012499999999999,10.25,33.0,43.25,22.75,5.25,6.0,12.25,23.5,103.0,0.52425,0.47900000000000004,0.23875000000000002,0.29175,23.25,75.69999999999999,48.775,62.275000000000006,5.35,10.075,11.175,100.0,106.525,116.94999999999999,50.3125,52.9791666675,2.04575,0.452,NYK,252.5,38.5,85.75,0.4505,11.25,25.25,0.46225,24.75,30.25,0.81025,11.0,35.0,46.0,21.5,6.5,3.0,11.25,20.25,113.0,0.57325,0.51675,0.29924999999999996,0.355,24.3,76.75,51.225,56.224999999999994,6.725,4.625,10.149999999999999,100.0,116.94999999999999,106.525,50.184375,52.899218749999996,2.25325,0.43074999999999997
201601280WAS,DEN,240.0,35.25,81.5,0.43350000000000005,7.5,23.25,0.32425,25.25,31.0,0.80975,9.75,32.25,42.0,21.25,8.75,3.5,13.25,21.0,103.25,0.5435,0.47950000000000004,0.28625,0.3795,21.7,77.475,48.4,60.15,9.125,5.800000000000001,11.975,100.0,107.35,112.32499999999999,49.8625,49.8625,2.0755,0.429,DEN,240.0,40.0,84.5,0.47575,8.75,26.25,0.32975,19.5,24.5,0.7775000000000001,9.75,34.75,44.5,25.25,9.25,4.75,13.25,23.25,108.25,0.5702499999999999,0.5275000000000001,0.31074999999999997,0.29525,22.525,78.3,51.6,62.9,9.475,8.375,12.3,100.0,112.32499999999999,107.35,49.81875000000001,49.81875000000001,2.1717500000000003,0.505
201601290BOS,ORL,252.5,37.75,85.25,0.4415,9.5,23.0,0.40299999999999997,16.25,22.0,0.756,10.0,35.0,45.0,24.0,6.5,5.5,15.75,20.75,101.25,0.533,0.49725,0.27025,0.26125,21.85,75.75,48.95,63.3,6.8,7.825,14.15,100.0,103.85,110.60000000000001,50.724999999999994,53.533268230000004,1.9955000000000003,0.47000000000000003,ORL,252.5,40.5,88.0,0.46399999999999997,7.5,19.25,0.39049999999999996,19.25,24.75,0.7755000000000001,11.75,35.25,47.0,22.5,8.75,6.0,11.25,19.25,107.75,0.5487500000000001,0.507,0.21825,0.28875,24.25,78.15,51.05,55.675,8.875,9.725,10.475,100.0,110.60000000000001,103.85,49.628125,52.36673177,2.17125,0.45349999999999996
201601290DAL,BRK,240.0,37.25,81.0,0.46075,6.75,17.5,0.38925,13.25,18.5,0.68425,9.0,27.0,36.0,23.0,6.0,3.75,12.5,15.75,94.5,0.53025,0.5027499999999999,0.2185,0.23125,19.9,76.05,45.475,62.45,6.5,5.8,12.45,100.0,103.25,111.85,46.643750000000004,46.643750000000004,2.01775,0.4935,BRK,240.0,41.75,82.0,0.51125,6.25,17.0,0.3745,12.0,16.0,0.7747499999999999,8.5,33.5,42.0,22.5,7.0,4.0,13.25,18.0,101.75,0.5747500000000001,0.5495,0.2055,0.196,23.95,80.125,54.525,53.325,7.65,6.35,13.0,100.0,111.85,103.25,47.175,47.175,2.16425,0.48149999999999993
201601290DET,CLE,240.0,41.75,86.75,0.485,9.75,27.75,0.34475,13.5,20.5,0.671,13.0,30.75,43.75,27.5,7.25,3.25,11.25,21.0,106.75,0.5627500000000001,0.542,0.3215,0.2365,30.650000000000002,75.075,52.5,64.975,8.0,5.275,10.525,100.0,116.92500000000001,109.17500000000001,47.368750000000006,47.368750000000006,2.2540000000000004,0.5805,CLE,240.0,37.0,80.25,0.4615,6.25,19.5,0.3255,19.25,24.75,0.80175,10.25,29.75,40.0,23.25,6.75,3.0,12.0,20.0,99.5,0.54675,0.5015,0.246,0.31325000000000003,24.925,69.375,47.5,63.05,7.2749999999999995,4.95,11.649999999999999,100.0,109.17500000000001,116.92500000000001,46.878125,46.878125,2.12275,0.4965
201601290LAC,LAL,240.0,33.5,78.0,0.4315,7.25,20.75,0.35675,20.5,25.25,0.80025,8.75,32.0,40.75,17.25,4.25,5.5,13.75,18.5,94.75,0.534,0.47825000000000006,0.267,0.33175,21.4,76.875,49.974999999999994,51.7,4.625,9.075,13.375,100.0,103.925,118.94999999999999,47.496874999999996,47.496874999999996,1.99625,0.3635,LAL,240.0,42.5,87.25,0.485,8.25,23.5,0.36,15.5,19.25,0.81575,9.5,31.25,40.75,25.5,9.75,5.0,7.5,18.75,108.75,0.56725,0.5325,0.272,0.225,23.125,78.6,50.050000000000004,60.275000000000006,10.600000000000001,7.825,7.175000000000001,100.0,118.95,103.92499999999998,47.196875000000006,47.196875000000006,2.30075,0.5395
201601290MIL,MIA,240.0,37.0,78.25,0.47275,4.25,13.75,0.31224999999999997,11.5,15.5,0.75775,8.0,31.0,39.0,21.0,6.0,3.25,13.75,16.75,89.75,0.5295,0.501,0.178,0.20124999999999998,20.150000000000002,79.825,50.075,56.474999999999994,6.625,5.375,14.0,100.0,99.925,108.725,45.68125,45.68125,1.9620000000000002,0.45724999999999993,MIA,240.0,37.75,80.0,0.47375,8.0,19.25,0.40275,13.75,17.25,0.7979999999999999,8.0,31.0,39.0,22.0,6.25,4.0,12.75,16.75,97.25,0.55775,0.52525,0.2445,0.22275,20.174999999999997,79.85000000000001,49.925,58.099999999999994,7.024999999999999,6.35,12.75,100.0,108.725,99.925,46.471875,46.471875,2.096,0.47400000000000003
201601290NYK,PHO,240.0,34.5,79.75,0.43400000000000005,7.5,20.25,0.36650000000000005,19.25,25.5,0.7585,11.5,32.0,43.5,23.0,6.25,4.5,17.25,22.5,95.75,0.5275,0.48150000000000004,0.25475,0.321,26.849999999999998,76.14999999999999,51.225,66.5,6.624999999999999,8.175,16.0,100.0,101.75,117.15,48.80625,48.80625,1.96175,0.47125000000000006,PHO,240.0,40.0,83.0,0.4825,10.75,26.0,0.4455,19.25,24.5,0.808,9.75,31.25,41.0,26.5,9.25,5.5,12.0,19.5,110.0,0.587,0.54725,0.315,0.2955,23.875,73.15,48.775000000000006,66.1,9.9,9.1,11.350000000000001,100.0,117.15,101.75,48.44375,48.44375,2.27475,0.5505
201601290OKC,HOU,240.0,36.75,84.0,0.4365,14.25,39.5,0.356,19.25,27.5,0.7095,10.75,29.25,40.0,22.5,8.25,8.25,11.5,21.0,107.0,0.5585,0.52075,0.46825,0.34525,24.125,70.35,46.85,60.449999999999996,8.775,13.225,10.675,100.0,113.62499999999999,117.225,48.90624999999999,48.90624999999999,2.1904999999999997,0.4615,HOU,240.0,41.75,86.25,0.48325,10.75,24.0,0.421,16.5,22.5,0.74075,12.5,33.25,45.75,26.0,6.5,5.25,13.5,20.25,110.75,0.57575,0.5455,0.28,0.26125,29.65,75.875,53.15,61.724999999999994,6.8999999999999995,11.475,12.35,100.0,117.225,113.625,48.96875,48.96875,2.25775,0.529
201601290POR,CHO,258.75,35.5,90.25,0.38875000000000004,11.25,31.75,0.33875,22.5,26.5,0.848,11.5,33.0,44.5,19.25,8.0,2.25,11.75,21.25,104.75,0.50975,0.4485,0.35324999999999995,0.3035,20.724999999999998,80.875,46.974999999999994,53.300000000000004,7.775,3.6250000000000004,10.85,100.0,102.57499999999999,106.22500000000001,51.54375,55.93372395750001,2.01125,0.36525,CHO,258.75,40.5,85.0,0.47325,9.25,25.25,0.36525,17.25,24.5,0.70775,7.75,42.25,50.0,28.25,6.0,7.75,16.25,25.0,107.5,0.5589999999999999,0.52775,0.30025,0.2905,19.125,79.275,53.05,70.175,6.1499999999999995,13.5,14.225000000000001,100.0,106.225,102.57499999999999,52.56875,57.1315755225,2.04225,0.5325
201601290UTA,MIN,246.25,41.25,83.25,0.496,4.75,17.5,0.27949999999999997,20.25,24.5,0.8227500000000001,9.5,31.25,40.75,27.75,6.75,5.0,12.5,20.5,107.5,0.57275,0.52475,0.21225,0.30875,23.525,72.325,48.875,67.95,7.125,7.449999999999999,11.8,100.0,112.55,116.65,48.94375,50.28782552,2.202,0.56775,MIN,246.25,43.0,89.0,0.48350000000000004,8.75,23.75,0.38225,17.0,21.25,0.79825,11.5,31.0,42.5,23.25,6.75,3.5,12.75,20.25,111.75,0.56925,0.53325,0.26675,0.24025,27.675,76.475,51.125,54.25,7.0,5.275,11.525000000000002,100.0,116.65,112.55,50.171875,51.597005207500004,2.2350000000000003,0.46649999999999997
201601300CLE,SAS,240.0,41.5,83.75,0.49225,9.25,18.0,0.5115000000000001,19.0,23.25,0.8255,9.5,31.75,41.25,26.25,9.0,6.5,13.0,21.0,111.25,0.5895,0.54675,0.21375,0.28275,22.675,74.625,48.675,63.325,9.450000000000001,10.6,11.875,100.0,117.1,105.225,49.146874999999994,49.146874999999994,2.2735,0.536,SAS,240.0,35.5,80.75,0.43725,7.75,22.5,0.34950000000000003,22.0,29.5,0.76525,10.75,32.5,43.25,20.5,7.0,5.75,15.0,21.25,100.75,0.5365,0.48499999999999993,0.28225,0.376,25.375,77.325,51.35,56.7,7.075,8.7,13.649999999999999,100.0,105.225,117.1,49.50625,49.50625,2.0305,0.41075
201601300HOU,WAS,240.0,37.0,81.75,0.45075,6.75,20.75,0.31625000000000003,19.0,25.25,0.7657499999999999,8.75,28.5,37.25,23.0,9.0,4.0,13.75,22.5,99.75,0.53625,0.49174999999999996,0.254,0.31275000000000003,21.7,78.0,48.349999999999994,62.825,9.525,6.800000000000001,12.85,100.0,105.10000000000001,111.375,49.371875,49.371875,2.02675,0.46875,WAS,240.0,38.25,79.5,0.48074999999999996,9.0,21.0,0.43875000000000003,21.0,26.5,0.79325,8.0,32.25,40.25,24.75,7.75,3.25,15.0,21.5,106.5,0.5832499999999999,0.53775,0.2635,0.33325,22.0,78.3,51.675,64.575,7.975,5.2,14.375,100.0,111.375,105.1,49.54375,49.54375,2.14225,0.499
201601300IND,DEN,240.0,36.5,81.75,0.4475,7.5,20.25,0.37424999999999997,26.75,32.75,0.8145,9.0,32.75,41.75,21.0,9.5,4.5,14.5,21.0,107.25,0.5585,0.4935,0.248,0.4,20.725,73.6,47.625,57.35,9.725,7.375,12.9,100.0,108.55,112.24999999999999,51.403125,51.403125,2.0875,0.40775,DEN,240.0,40.75,88.5,0.4615,10.0,28.0,0.3565,19.5,24.75,0.7705,11.75,33.75,45.5,25.25,10.75,5.0,13.75,24.5,111.0,0.55925,0.5185,0.31725,0.27975,26.4,79.27499999999999,52.4,61.775,10.775,8.15,12.250000000000002,100.0,112.25,108.55,51.128125,51.128125,2.17,0.49375
201601300MEM,SAC,252.5,40.5,87.75,0.4605,7.25,21.5,0.3355,21.25,30.0,0.7110000000000001,9.0,39.25,48.25,27.5,6.0,6.25,15.5,22.75,109.5,0.54175,0.5017499999999999,0.24425000000000002,0.34325000000000006,20.775,77.175,51.3,67.425,5.85,9.375,13.175,100.0,105.125,108.39999999999999,54.25,57.3541666675,2.0145,0.503,SAC,252.5,41.75,96.0,0.43674999999999997,11.5,29.75,0.377,18.0,23.5,0.76675,11.75,33.75,45.5,24.5,8.25,6.5,11.25,25.0,113.0,0.53125,0.49475,0.30475,0.24574999999999997,22.85,79.225,48.699999999999996,58.275,7.85,9.775,9.625,100.0,108.39999999999999,105.125,53.33125,56.33515625,2.1157500000000002,0.45875
201601300NOP,BRK,240.0,35.5,79.5,0.44625000000000004,6.75,17.75,0.3865,17.0,22.25,0.76575,9.25,28.0,37.25,21.25,7.5,3.25,12.0,15.25,94.75,0.53075,0.48899999999999993,0.226,0.28125,20.3,74.55000000000001,45.7,59.775,8.275,4.975,11.975000000000001,100.0,104.32499999999999,112.75,46.409375000000004,46.409375000000004,2.0324999999999998,0.45625000000000004,BRK,240.0,42.0,82.75,0.51,7.0,18.0,0.39625,10.75,14.75,0.74975,9.5,33.5,43.0,24.25,7.0,4.5,13.0,19.0,101.75,0.5735,0.55275,0.216,0.178,25.45,79.69999999999999,54.3,57.775,7.7,7.35,12.75,100.0,112.75,104.32499999999999,46.628125,46.628125,2.188,0.5247499999999999
201601300PHI,GSW,240.0,46.0,87.75,0.5255000000000001,12.75,30.0,0.42625,18.75,22.75,0.81875,10.75,36.75,47.5,33.25,9.25,5.0,14.25,21.0,123.5,0.63375,0.5985,0.342,0.2605,26.525000000000002,75.875,53.6,72.2,9.174999999999999,7.125,12.55,100.0,124.65,101.3,51.028125,51.028125,2.4307499999999997,0.65425,GSW,240.0,39.0,89.0,0.4395,5.0,20.5,0.2345,17.25,23.5,0.7262500000000001,12.0,29.25,41.25,19.25,7.5,3.0,14.5,19.75,100.25,0.50825,0.469,0.231,0.27025,24.125,73.475,46.4,50.25,7.449999999999999,5.025,12.774999999999999,100.0,101.30000000000001,124.65,51.331250000000004,51.331250000000004,1.9605000000000001,0.37625
201601300TOR,DET,240.0,38.25,83.5,0.4585,8.5,23.75,0.35525,18.0,29.0,0.61325,12.0,33.75,45.75,19.25,6.25,3.0,11.25,20.75,103.0,0.536,0.51075,0.28575,0.3485,26.25,79.85,52.55,50.475,6.725,5.15,10.475000000000001,100.0,110.92500000000001,109.60000000000001,48.262499999999996,48.262499999999996,2.1332500000000003,0.399,DET,240.0,37.0,82.0,0.452,8.25,23.25,0.35824999999999996,19.5,23.25,0.8245,8.5,33.0,41.5,20.0,7.5,4.0,11.0,24.25,101.75,0.55125,0.502,0.28300000000000003,0.285,20.15,73.75,47.45,53.925,8.024999999999999,6.6000000000000005,10.599999999999998,100.0,109.6,110.925,47.771874999999994,47.771874999999994,2.1310000000000002,0.4185
201601310DAL,PHO,240.0,35.25,80.75,0.43825,7.75,22.25,0.35050000000000003,16.25,22.75,0.6977500000000001,12.25,32.25,44.5,23.5,6.5,4.75,18.0,20.75,94.5,0.5217499999999999,0.48675000000000007,0.27575,0.28525,27.375,76.275,50.975,66.7,6.9,8.725,16.65,100.0,100.675,113.47500000000001,48.653124999999996,48.653124999999996,1.94125,0.483,PHO,240.0,38.5,82.5,0.46775,10.25,27.5,0.37225,19.0,24.0,0.815,9.75,32.75,42.5,26.5,10.25,5.75,12.0,18.75,106.25,0.57175,0.5295000000000001,0.33375,0.2915,23.75,72.625,49.025000000000006,68.5,11.0,9.7,11.4,100.0,113.475,100.675,48.074999999999996,48.074999999999996,2.214,0.5545
201601310LAC,CHI,240.0,39.5,89.75,0.43925000000000003,5.25,16.25,0.3185,14.5,17.25,0.8345,13.0,37.75,50.75,19.75,6.5,4.25,12.5,18.5,98.75,0.5062500000000001,0.46825,0.18125000000000002,0.192,28.475,76.0,52.9,49.325,6.8,6.3500000000000005,11.174999999999999,100.0,105.25,99.125,48.721875,48.721875,2.0295,0.41025,CHI,240.0,36.75,89.0,0.41325000000000006,6.0,21.5,0.27225,13.75,20.75,0.665,12.25,33.0,45.25,21.25,8.0,4.5,10.25,18.0,93.25,0.476,0.44699999999999995,0.2405,0.23349999999999999,24.0,71.525,47.1,57.875,8.4,6.1000000000000005,9.45,100.0,99.12499999999999,105.25,48.428125,48.428125,1.9212500000000001,0.43724999999999997
201601310LAL,CHO,252.5,32.0,85.0,0.37424999999999997,11.25,32.25,0.3325,22.25,28.0,0.7905,11.5,32.75,44.25,17.75,7.75,2.25,13.5,19.5,97.5,0.49749999999999994,0.43724999999999997,0.37725,0.3365,21.075,78.075,46.474999999999994,54.224999999999994,7.824999999999999,3.55,12.675,100.0,98.55,107.9,50.15,53.15390625,1.9250000000000003,0.34650000000000003,CHO,252.5,40.5,85.25,0.47174999999999995,8.25,24.5,0.33325,16.5,23.75,0.698,9.25,41.5,50.75,26.5,7.0,6.5,14.25,24.0,105.75,0.5505,0.52075,0.29125,0.28174999999999994,21.924999999999997,78.925,53.55,66.275,7.3999999999999995,12.399999999999999,12.7,100.0,107.9,98.54999999999998,50.76562499999999,53.8697916675,2.083,0.51725
201601310MIA,ATL,240.0,35.75,83.0,0.43025,9.5,28.0,0.34275,16.25,19.75,0.7902500000000001,8.5,33.0,41.5,23.0,8.5,4.25,16.5,20.0,97.25,0.5285,0.48724999999999996,0.33675,0.23650000000000002,19.125,73.95,46.45,64.225,8.75,6.925,15.274999999999999,100.0,100.375,103.05000000000001,50.190625,50.190625,1.93575,0.45799999999999996,ATL,240.0,34.5,83.0,0.41700000000000004,7.5,21.5,0.3755,23.25,28.5,0.7987500000000001,11.5,36.0,47.5,19.5,11.5,5.5,14.75,16.5,99.75,0.523,0.46275,0.2575,0.34450000000000003,26.05,80.875,53.550000000000004,56.575,11.875,10.125,13.35,100.0,103.04999999999998,100.375,49.89375,49.89375,1.9985,0.39125
201601310NYK,GSW,240.0,45.25,87.75,0.51775,13.0,29.5,0.44075000000000003,15.75,18.25,0.78125,10.75,37.25,48.0,33.0,8.5,4.5,17.5,21.25,119.25,0.624,0.592,0.33675000000000005,0.21300000000000002,26.675,78.875,55.075,72.875,8.399999999999999,7.074999999999999,15.175,100.0,119.7,103.32499999999999,51.584375,51.584375,2.326,0.6419999999999999,GSW,240.0,40.25,87.0,0.46125,7.25,22.75,0.30824999999999997,15.25,22.75,0.65925,10.0,29.0,39.0,21.5,11.0,3.0,14.5,17.5,103.0,0.5317500000000001,0.503,0.25975000000000004,0.26725,21.125,73.325,44.925000000000004,54.5,10.799999999999999,5.0,12.95,100.0,103.32500000000002,119.69999999999999,51.153124999999996,51.153124999999996,2.0195,0.42024999999999996
201601310ORL,BOS,240.0,42.75,92.25,0.46475,9.75,24.75,0.39675,17.75,21.75,0.8145,11.0,36.0,47.0,29.25,12.25,3.5,12.25,21.0,113.0,0.5562499999999999,0.51775,0.26825,0.2365,23.525,78.25,51.2,68.42500000000001,12.1,5.825,10.725,100.0,112.10000000000001,94.225,51.915625,51.915625,2.178,0.56375,BOS,240.0,33.75,81.75,0.41350000000000003,7.25,22.75,0.32075,20.25,27.75,0.7275,10.25,34.75,45.0,20.25,7.5,4.75,19.75,19.75,95.0,0.50575,0.4575,0.27875,0.34325,21.75,76.475,48.8,60.15,7.425,7.0,17.3,100.0,94.22500000000001,112.1,52.215625,52.215625,1.8210000000000002,0.38775
201601310POR,MIN,240.0,40.0,79.25,0.50275,4.0,14.25,0.27525,22.5,28.25,0.79125,10.25,27.0,37.25,25.5,8.0,3.25,11.75,18.5,106.5,0.5805,0.528,0.18225000000000002,0.36525,25.75,69.575,47.775000000000006,63.85,8.775,5.3,11.5,100.0,116.225,121.225,47.084374999999994,47.084374999999994,2.2560000000000002,0.538,MIN,240.0,42.5,83.75,0.50675,10.0,23.75,0.43225,16.0,19.75,0.80825,11.75,29.25,41.0,24.75,6.0,4.25,13.25,21.75,111.0,0.6,0.5664999999999999,0.28450000000000003,0.23625,30.425,74.25,52.22500000000001,58.525,6.699999999999999,6.475,12.575,100.0,121.225,116.225,47.315625,47.315625,2.3455000000000004,0.52275
201602010ATL,DAL,240.0,36.25,80.25,0.45,8.25,26.5,0.313,14.5,19.0,0.73725,9.0,31.0,40.0,19.5,6.0,1.75,10.5,19.25,95.25,0.53675,0.50125,0.32999999999999996,0.24075,20.475,77.45,47.525,54.25,6.800000000000001,3.15,10.524999999999999,100.0,107.6,105.32499999999999,45.387499999999996,45.387499999999996,2.09625,0.43,DAL,240.0,33.0,76.75,0.42724999999999996,7.5,24.25,0.29500000000000004,20.0,24.0,0.8360000000000001,9.0,34.75,43.75,18.5,6.5,4.75,12.5,19.25,93.5,0.5335,0.47600000000000003,0.31575,0.314,22.549999999999997,79.52499999999999,52.474999999999994,53.675,7.375,9.099999999999998,12.45,100.0,105.325,107.6,45.825,45.825,2.03775,0.40225
201602010BRK,DET,240.0,38.0,84.25,0.4515,8.0,23.75,0.338,20.5,32.75,0.62875,11.75,31.0,42.75,15.75,7.75,3.25,10.0,22.5,104.5,0.5305,0.50025,0.28275,0.38975,25.325,73.85,48.800000000000004,41.875,8.225,5.275,9.2,100.0,111.625,110.525,49.028125,49.028125,2.1317500000000003,0.325,DET,240.0,37.0,82.0,0.452,7.25,21.25,0.33875,22.25,27.75,0.80375,11.0,33.75,44.75,18.5,6.0,3.75,12.25,24.5,103.5,0.5485,0.4955,0.25725,0.34275,26.15,74.67500000000001,51.2,49.75,6.3500000000000005,6.075,11.474999999999998,100.0,110.525,111.62499999999999,48.215625,48.215625,2.1470000000000002,0.38525
201602010DEN,TOR,240.0,37.25,81.25,0.4585,8.75,21.25,0.4025,24.75,33.5,0.7355,11.75,35.0,46.75,18.0,7.75,5.0,13.25,21.75,108.0,0.5627500000000001,0.512,0.2615,0.4155,29.25,79.625,55.849999999999994,48.375,8.2,7.9750000000000005,12.125000000000002,100.0,114.85000000000001,101.775,49.331250000000004,49.331250000000004,2.1895,0.36624999999999996,TOR,240.0,35.75,82.0,0.4355,7.0,22.0,0.3185,17.25,28.0,0.6095,9.0,28.0,37.0,17.5,7.25,5.0,11.0,25.0,95.75,0.5075,0.47824999999999995,0.2685,0.34375,20.375,70.75,44.150000000000006,50.0,7.675,8.15,10.475000000000001,100.0,101.775,114.85000000000001,48.650000000000006,48.650000000000006,1.96625,0.36425
201602010IND,CLE,240.0,43.5,83.75,0.5202500000000001,10.0,26.25,0.3825,18.0,21.5,0.8282499999999999,10.5,32.0,42.5,27.0,6.75,2.75,11.0,20.25,115.0,0.618,0.5795,0.31275,0.257,28.575000000000003,77.4,54.3,61.72500000000001,7.425,4.575,10.5,100.0,126.4,112.225,47.23125,47.23125,2.44,0.572,CLE,240.0,38.5,79.75,0.48225,6.25,19.25,0.32175000000000004,19.0,23.75,0.8035,9.25,26.5,35.75,23.25,5.75,2.5,11.75,21.0,102.25,0.567,0.5225000000000001,0.243,0.30000000000000004,22.6,71.44999999999999,45.7,61.025,6.2,4.324999999999999,11.45,100.0,112.225,126.4,46.765625,46.765625,2.18675,0.49674999999999997
201602010NOP,MEM,246.25,39.75,84.5,0.473,8.25,20.75,0.40199999999999997,20.5,26.0,0.7865,9.75,29.5,39.25,24.5,10.75,5.5,11.75,22.0,108.25,0.5674999999999999,0.52325,0.24975,0.3115,21.475,70.725,46.099999999999994,61.85,11.125,8.9,11.025,100.0,113.85,107.05,49.425,50.7775390625,2.19125,0.49924999999999997,MEM,246.25,35.25,81.25,0.43625,6.25,21.25,0.27225,25.25,28.75,0.8762500000000001,12.5,32.75,45.25,20.75,6.75,4.25,16.75,21.5,102.0,0.545,0.47375,0.26,0.36175,29.275,78.525,53.9,59.3,7.175000000000001,6.575000000000001,15.124999999999998,100.0,107.05,113.85000000000001,49.578125,50.927734375,2.05625,0.42375
201602010OKC,WAS,240.0,37.0,81.75,0.45075,8.25,24.75,0.324,21.75,29.5,0.7375,7.75,32.25,40.0,23.75,7.75,4.5,14.25,24.0,104.0,0.5467500000000001,0.5005,0.3005,0.36225,19.0,78.625,49.00000000000001,64.5,7.85,7.825,13.100000000000001,100.0,105.35,116.82499999999999,51.13125,51.13125,2.02975,0.46324999999999994,WAS,240.0,40.25,84.0,0.47874999999999995,11.5,26.0,0.4435,23.25,30.25,0.7729999999999999,8.75,33.0,41.75,25.0,9.0,3.0,12.5,23.25,115.25,0.59175,0.5475000000000001,0.31,0.363,21.375,81.0,51.025000000000006,61.775,9.1,5.175,11.4,100.0,116.825,105.35,51.059375,51.059375,2.2565,0.4885
201602010SAC,MIL,240.0,36.0,77.5,0.46575,3.5,14.0,0.25375000000000003,22.5,26.0,0.8634999999999999,11.5,32.0,43.5,19.25,6.5,5.25,15.75,19.75,98.0,0.55225,0.48874999999999996,0.18125000000000002,0.3345,28.924999999999997,75.85,53.575,53.8,7.125,9.174999999999999,15.024999999999999,100.0,107.325,116.725,47.05,47.05,2.0812500000000003,0.41,MIL,240.0,37.75,82.0,0.46125,11.75,25.25,0.459,19.25,24.5,0.788,10.25,27.5,37.75,27.5,8.75,5.5,11.75,21.25,106.5,0.5745,0.5317500000000001,0.30574999999999997,0.3065,24.15,71.075,46.425000000000004,72.525,9.5,8.55,11.274999999999999,100.0,116.725,107.32499999999999,47.56875,47.56875,2.238,0.57725
201602010SAS,ORL,246.25,37.25,81.75,0.455,10.0,24.0,0.4165,19.25,26.75,0.7435,10.25,33.75,44.0,22.5,6.0,5.0,15.25,21.5,103.75,0.5537500000000001,0.516,0.29300000000000004,0.32999999999999996,23.35,73.375,48.6,60.300000000000004,6.275,8.225000000000001,13.95,100.0,107.62500000000001,114.67500000000001,49.728125000000006,51.077734375000006,2.0875000000000004,0.45225,ORL,246.25,40.75,89.0,0.46075,9.25,25.25,0.37075,19.75,25.5,0.7722500000000001,12.5,34.0,46.5,23.0,8.5,5.0,11.0,20.25,110.5,0.55425,0.51225,0.28075,0.2915,26.625,76.65,51.4,56.175,8.7,8.675,10.0,100.0,114.675,107.625,49.80625,51.1587890625,2.2215000000000003,0.4625
201602010UTA,CHI,240.0,40.0,90.75,0.44,5.75,16.75,0.344,11.0,13.5,0.80475,12.0,36.75,48.75,21.75,5.25,4.25,9.75,18.75,96.75,0.4992500000000001,0.47150000000000003,0.185,0.1485,25.65,79.25,51.8,53.974999999999994,5.575,6.8999999999999995,9.125,100.0,104.6,103.375,47.45625,47.45625,2.038,0.45725,CHI,240.0,37.25,86.0,0.43525,8.25,23.75,0.318,13.0,20.25,0.6455,10.0,35.25,45.25,21.25,6.5,4.5,10.0,16.25,95.75,0.50775,0.48375,0.27575,0.23525,20.75,74.35,48.199999999999996,57.2,7.025,6.05,9.55,100.0,103.37499999999999,104.60000000000001,47.809374999999996,47.809374999999996,2.0005,0.44375
201602020HOU,MIA,240.0,39.5,79.75,0.495,4.5,15.25,0.2965,17.25,21.25,0.8162499999999999,7.25,33.75,41.0,24.0,9.75,5.0,14.5,20.25,100.75,0.5654999999999999,0.5235000000000001,0.19275,0.27075,19.299999999999997,82.47500000000001,52.05,60.9,10.299999999999999,8.325,13.925,100.0,106.5,98.42499999999998,48.546875,48.546875,2.074,0.495,MIA,240.0,34.0,77.25,0.4415,5.25,17.5,0.29300000000000004,19.75,23.75,0.8142499999999999,7.5,30.5,38.0,18.25,7.5,3.25,16.25,19.0,93.0,0.53225,0.47625,0.23075,0.31675000000000003,17.525,80.7,47.95,53.4,7.875,5.25,15.649999999999999,100.0,98.42500000000001,106.5,48.640625,48.640625,1.91275,0.377
201602020LAL,MIN,240.0,40.25,82.25,0.48725,3.75,14.0,0.26425,19.0,26.25,0.7317500000000001,12.0,28.0,40.0,24.0,8.75,3.0,12.0,19.0,103.25,0.5485,0.5095,0.16975,0.3205,28.025,71.075,48.825,59.0,9.525,5.275,11.399999999999999,100.0,111.85000000000001,119.07499999999999,47.359375,47.359375,2.1735,0.50275,MIN,240.0,41.25,83.0,0.495,9.25,25.75,0.36924999999999997,18.0,21.75,0.8205,11.25,30.5,41.75,23.25,5.5,4.75,13.25,21.25,109.75,0.5922499999999999,0.5505,0.313,0.2655,28.925,71.97500000000001,51.175,56.15,6.1,6.950000000000001,12.55,100.0,119.07499999999999,111.85,47.665625000000006,47.665625000000006,2.3032500000000002,0.48775
201602020NYK,BOS,240.0,41.75,91.25,0.45875,11.0,30.0,0.37375,19.0,23.25,0.81725,10.5,34.0,44.5,26.25,11.0,3.5,10.75,22.25,113.5,0.5602499999999999,0.519,0.3275,0.25475000000000003,22.25,77.375,49.475,62.475,11.0,5.875,9.625,100.0,114.05,102.275,51.271875,51.271875,2.2142500000000003,0.51175,BOS,240.0,36.0,80.0,0.4495,7.75,22.25,0.348,22.0,31.5,0.7025,10.0,35.75,45.75,22.75,6.25,4.75,17.75,20.75,101.75,0.541,0.4975,0.279,0.39375,22.625,77.75,50.525,63.35,6.300000000000001,8.125,15.875,100.0,102.275,114.05000000000001,51.35625,51.35625,1.9825,0.44225000000000003
201602020PHO,TOR,240.0,34.25,80.0,0.42800000000000005,7.75,22.0,0.34625,27.0,36.75,0.7355,12.0,32.5,44.5,16.5,9.0,5.75,12.5,19.5,103.25,0.5367500000000001,0.47625,0.27549999999999997,0.46225,27.924999999999997,78.4,52.175,48.0,9.45,8.925,11.5,100.0,109.4,105.875,48.978125000000006,48.978125000000006,2.1095,0.33875,TOR,240.0,38.5,83.75,0.45925,7.5,21.0,0.35525,15.75,24.25,0.6595,9.0,31.75,40.75,19.25,7.25,5.5,12.5,24.25,100.25,0.5319999999999999,0.50375,0.24925000000000003,0.29025,21.6,72.07499999999999,47.825,50.1,7.625,9.275,11.675,100.0,105.875,109.39999999999999,49.384375000000006,49.384375000000006,2.02625,0.39225
201602020POR,MIL,240.0,36.75,80.0,0.45899999999999996,4.0,15.25,0.25375000000000003,21.75,25.75,0.83175,12.5,29.5,42.0,21.0,8.5,5.0,15.0,21.5,99.25,0.54325,0.48375,0.19,0.32425,30.2,71.975,51.05,57.05,9.225,8.875,14.05,100.0,108.42500000000001,115.15,47.365624999999994,47.365624999999994,2.0934999999999997,0.44325000000000003,MIL,240.0,36.75,80.0,0.46025,9.75,24.0,0.40850000000000003,22.0,27.75,0.7967499999999998,11.75,29.0,40.75,24.5,8.0,5.25,13.75,21.25,105.25,0.57125,0.52125,0.29874999999999996,0.3485,28.025,69.8,48.95,66.8,8.7,8.025,12.925,100.0,115.15,108.42500000000001,47.590624999999996,47.590624999999996,2.2115,0.5157499999999999
201602030BOS,DET,240.0,40.0,90.0,0.4455,7.75,25.75,0.29625,19.25,28.5,0.6795,14.75,29.75,44.5,15.5,7.25,4.0,9.75,21.75,107.0,0.52275,0.4885,0.28600000000000003,0.3205,30.675,75.5,51.175,38.625,7.675,6.35,8.675,100.0,114.52499999999999,112.85,49.26875,49.26875,2.1740000000000004,0.31775,DET,240.0,38.5,81.25,0.474,6.75,18.0,0.37075,21.75,27.0,0.81225,9.75,32.5,42.25,21.0,6.0,3.75,11.75,21.75,105.5,0.56575,0.51475,0.22075,0.3355,24.5,69.325,48.825,54.025000000000006,6.3500000000000005,5.675000000000001,11.149999999999999,100.0,112.85,114.52499999999999,48.037499999999994,48.037499999999994,2.1975000000000002,0.44025000000000003
201602030BRK,IND,252.5,40.0,90.5,0.44375,7.75,21.25,0.3855,16.0,21.0,0.7642500000000001,13.25,34.25,47.5,22.0,8.5,6.75,16.0,19.75,103.75,0.52225,0.48675000000000007,0.2305,0.24325,28.175,80.75,53.550000000000004,54.724999999999994,8.55,11.125,13.9,100.0,104.05,99.975,51.6125,54.415234375,2.0115,0.42449999999999993,IND,252.5,37.25,84.0,0.442,8.25,26.25,0.29875,17.0,23.25,0.73525,8.0,33.5,41.5,20.5,9.0,3.75,16.0,20.75,99.75,0.5287499999999999,0.49224999999999997,0.317,0.27725,19.25,71.825,46.449999999999996,55.15,9.05,5.5,14.475,100.0,99.975,104.05,51.521875,54.31875,1.9347499999999997,0.39575000000000005
201602030CHO,CLE,246.25,43.25,83.5,0.51875,9.0,24.0,0.37325,18.75,22.25,0.83975,10.0,33.0,43.0,25.0,7.0,2.75,11.25,20.5,114.25,0.61375,0.57275,0.28825,0.266,28.175,74.35,53.675000000000004,57.55,7.575000000000001,4.5,10.675,100.0,124.125,110.525,47.659375000000004,49.025585937500004,2.4075,0.529,CLE,246.25,39.0,84.0,0.46674999999999994,7.25,22.0,0.33325,16.75,21.5,0.7895,11.5,25.75,37.25,22.25,6.0,3.75,13.25,20.75,102.0,0.5487500000000001,0.51075,0.26225,0.26625,25.650000000000002,71.85,46.325,57.9,6.300000000000001,6.125,12.3,100.0,110.525,124.125,47.98125,49.369921875,2.1317500000000003,0.46475
201602030DAL,MIA,240.0,39.75,80.75,0.49250000000000005,5.25,16.0,0.33125,19.25,23.75,0.8250000000000001,9.0,33.25,42.25,25.25,9.25,5.0,16.0,21.0,104.0,0.57125,0.52525,0.1995,0.29775,23.174999999999997,86.425,54.95,63.800000000000004,9.675,8.775,14.874999999999998,100.0,108.44999999999999,105.02499999999999,49.515625,49.515625,2.10175,0.51125,MIA,240.0,36.25,76.25,0.473,8.0,21.75,0.33775000000000005,20.25,24.75,0.7987500000000001,5.25,29.0,34.25,21.25,8.5,4.0,15.75,19.25,100.75,0.57775,0.5245,0.28375,0.33025,13.575,76.82499999999999,45.05,57.6,8.825,6.325000000000001,15.3,100.0,105.025,108.45,49.253125,49.253125,2.0465,0.4325
201602030LAC,MIN,240.0,41.5,81.25,0.509,3.75,14.25,0.26049999999999995,18.5,26.75,0.6935,12.0,26.75,38.75,26.0,7.75,3.5,13.25,18.25,105.25,0.5645,0.5315,0.17550000000000002,0.33025,29.15,72.75,50.0,61.5,8.5,6.275,12.55,100.0,114.35000000000001,120.82499999999999,47.603125,47.603125,2.203,0.5402499999999999,MIN,240.0,40.0,80.75,0.49350000000000005,9.5,24.5,0.396,21.5,25.5,0.85075,10.0,28.75,38.75,21.5,6.0,4.5,11.75,22.75,111.0,0.6025,0.5525,0.30724999999999997,0.31875000000000003,27.25,70.85,50.0,53.85,6.65,6.65,11.375,100.0,120.82499999999999,114.35000000000001,47.306250000000006,47.306250000000006,2.3449999999999998,0.4565
201602030OKC,ORL,240.0,37.0,84.25,0.44025000000000003,8.75,21.25,0.40075000000000005,18.5,26.0,0.73375,13.0,32.25,45.25,21.25,7.75,5.0,14.5,20.75,101.25,0.5295,0.49325,0.25575,0.318,27.275,78.025,50.8,57.474999999999994,8.15,9.175,13.100000000000001,100.0,106.625,116.17500000000001,49.05,49.05,2.0637499999999998,0.43324999999999997,ORL,240.0,40.0,83.5,0.48150000000000004,10.0,26.75,0.38125,20.25,24.5,0.8265,9.25,34.25,43.5,23.5,7.0,6.25,11.75,19.75,110.25,0.586,0.54,0.31275,0.29625,21.975,72.725,49.199999999999996,58.525,7.299999999999999,9.7,11.175,100.0,116.175,106.625,48.818749999999994,48.818749999999994,2.2592499999999998,0.48300000000000004
201602030PHI,ATL,240.0,33.75,78.0,0.4317500000000001,9.0,27.0,0.328,17.0,21.5,0.7542500000000001,5.0,35.5,40.5,20.75,6.75,4.0,17.0,21.75,93.5,0.53425,0.48874999999999996,0.34500000000000003,0.28125,12.475,77.80000000000001,47.075,60.324999999999996,6.95,6.65,16.25,100.0,96.80000000000001,102.9,50.106249999999996,50.106249999999996,1.86725,0.4145,ATL,240.0,35.25,82.25,0.43024999999999997,6.5,22.0,0.32599999999999996,22.5,28.75,0.77925,9.75,35.0,44.75,18.25,10.25,4.75,12.75,18.0,99.5,0.52625,0.47024999999999995,0.26575,0.35,22.2,87.525,52.925,51.525000000000006,10.575000000000001,9.025,11.825000000000001,100.0,102.9,96.8,49.453125,49.453125,2.011,0.36874999999999997
201602030SAC,CHI,246.25,40.25,91.5,0.439,5.25,17.75,0.3005,11.0,14.75,0.7505,10.75,35.25,46.0,21.25,5.75,4.75,11.5,20.5,96.75,0.4925,0.4675,0.1945,0.161,22.6,80.725,50.099999999999994,52.325,5.975,7.725,10.475,100.0,100.525,105.25,49.628125,51.00182291749999,1.94825,0.42799999999999994,CHI,246.25,38.0,83.75,0.454,9.0,22.25,0.3735,16.25,23.0,0.7100000000000001,8.5,37.25,45.75,21.75,6.5,4.25,12.5,17.5,101.25,0.5397500000000001,0.50725,0.265,0.27375,19.275,77.4,49.9,57.55,6.800000000000001,5.7250000000000005,11.700000000000001,100.0,105.24999999999999,100.525,49.3375,50.700455729999995,2.053,0.4425
201602030SAS,NOP,240.0,41.0,92.5,0.443,11.0,27.0,0.40625,13.25,20.0,0.68225,14.0,31.5,45.5,22.75,7.75,5.0,11.0,16.75,106.25,0.524,0.50275,0.29225,0.21675,28.925,84.60000000000001,52.775,55.375,8.125,9.125,9.725,100.0,111.575,113.375,49.5,49.5,2.15,0.46025,NOP,240.0,40.25,81.0,0.5015,11.75,26.0,0.46125,15.25,20.5,0.7505,6.0,34.5,40.5,25.25,5.75,5.75,12.5,18.5,107.5,0.6022500000000001,0.5747500000000001,0.3195,0.254,15.4,71.075,47.225,62.675,6.050000000000001,8.725,12.275,100.0,113.375,111.575,48.61875,48.61875,2.22175,0.51975
201602030UTA,DEN,246.25,40.5,83.75,0.48425,7.5,19.75,0.3775,20.75,26.25,0.7945,9.0,37.5,46.5,25.0,7.25,4.75,18.25,23.5,109.25,0.5745,0.52925,0.236,0.314,22.1,75.3,51.875,61.775,7.125,7.65,16.05,100.0,107.95,105.025,52.734375,54.1650390625,2.0742499999999997,0.47500000000000003,DEN,246.25,38.25,90.5,0.4205,9.25,27.0,0.34175,20.75,27.25,0.76875,12.25,31.0,43.25,22.25,11.75,7.0,13.0,22.75,106.5,0.51925,0.472,0.30025,0.31275,24.700000000000003,77.89999999999999,48.150000000000006,57.099999999999994,11.7,10.825,11.275000000000002,100.0,105.025,107.94999999999999,52.096875,53.5109375,2.0425,0.42475000000000007
201602030WAS,GSW,240.0,45.0,83.5,0.542,13.5,28.5,0.47275,14.25,17.75,0.73525,8.0,38.5,46.5,33.0,8.25,4.75,17.75,20.5,117.75,0.6475,0.62425,0.34425,0.22225,20.875,80.575,54.72500000000001,73.3,8.225,7.525,16.025,100.0,119.5,100.67500000000001,50.840625,50.840625,2.3305000000000002,0.651,GSW,240.0,37.5,85.75,0.43725,8.0,23.0,0.3475,16.25,22.5,0.7044999999999999,9.25,29.0,38.25,20.75,9.75,3.0,14.0,17.5,99.25,0.52,0.48325,0.265,0.26849999999999996,19.425,79.125,45.275,56.400000000000006,9.649999999999999,5.525,12.7,100.0,100.67500000000001,119.5,50.59374999999999,50.59374999999999,1.9685,0.41
201602040DET,NYK,240.0,34.5,85.75,0.40275,6.5,19.0,0.343,19.25,25.0,0.755,12.5,32.5,45.0,19.0,6.75,5.75,11.0,18.25,94.75,0.48975,0.4405,0.22224999999999998,0.2925,25.75,76.525,49.050000000000004,54.7,7.3,9.725000000000001,10.15,100.0,102.175,107.65,48.0625,48.0625,1.9735,0.39625,NYK,240.0,38.5,83.25,0.46649999999999997,8.5,23.5,0.34475,14.5,20.25,0.70675,10.5,36.0,46.5,23.0,7.0,5.75,13.5,20.75,100.0,0.5469999999999999,0.52025,0.28725,0.2465,23.475,74.25,50.949999999999996,59.425,7.5249999999999995,8.450000000000001,12.875,100.0,107.65,102.17500000000001,47.934375,47.934375,2.08375,0.47824999999999995
201602040NOP,LAL,240.0,33.25,80.75,0.4125,8.5,23.25,0.37075,21.25,26.5,0.806,8.25,32.25,40.5,19.0,6.75,4.5,13.75,20.5,96.25,0.5197499999999999,0.46499999999999997,0.28725,0.32949999999999996,19.275,76.9,47.599999999999994,56.775,7.025,7.225,12.925,100.0,100.6,113.5,49.41875,49.41875,1.9505,0.38549999999999995,LAL,240.0,42.25,88.0,0.48474999999999996,7.75,24.0,0.31425000000000003,16.5,22.75,0.7395,9.75,35.5,45.25,28.25,9.0,6.5,10.75,18.75,108.75,0.5585,0.528,0.272,0.262,23.1,80.725,52.4,66.95,9.399999999999999,11.299999999999999,9.899999999999999,100.0,113.5,100.6,49.903125,49.903125,2.1822500000000002,0.56525
201602040PHO,HOU,240.0,37.25,84.5,0.44099999999999995,12.5,34.75,0.36025,24.0,36.0,0.6715,9.0,28.75,37.75,22.75,9.5,6.75,11.5,21.25,111.0,0.55725,0.5147499999999999,0.4115,0.43475,17.975,73.1,42.8,60.15,9.399999999999999,10.299999999999999,10.35,100.0,110.45,117.2,52.05,52.05,2.1407499999999997,0.4385,HOU,240.0,43.5,86.75,0.50075,9.25,22.75,0.41,21.5,27.0,0.7995,10.75,39.75,50.5,28.25,6.0,4.5,15.0,25.0,117.75,0.5965,0.5535,0.26225,0.31224999999999997,26.9,82.02499999999999,57.2,64.80000000000001,5.975,8.85,13.174999999999999,100.0,117.2,110.45,51.9125,51.9125,2.2695,0.5457500000000001
201602040POR,TOR,240.0,34.25,78.75,0.4355,7.25,21.5,0.33475,27.0,36.75,0.7354999999999999,11.25,30.0,41.25,15.25,9.5,5.75,11.75,19.5,102.75,0.5419999999999999,0.4815,0.275,0.469,26.15,76.65,49.7,44.449999999999996,10.075,9.3,11.024999999999999,100.0,109.67500000000001,108.75000000000001,48.353125,48.353125,2.12775,0.3175,TOR,240.0,39.75,84.0,0.47375,9.5,25.0,0.38525000000000004,13.25,21.0,0.65525,9.25,32.25,41.5,20.0,6.75,5.75,13.75,24.75,102.25,0.5505,0.5307499999999999,0.29925,0.248,23.349999999999998,73.85,50.300000000000004,50.025,7.125,9.9,12.875,100.0,108.75,109.675,49.2375,49.2375,2.0745,0.4095
201602050ATL,IND,252.5,42.25,91.75,0.46325,9.5,23.25,0.43225,16.0,19.25,0.8245,12.75,33.75,46.5,23.25,9.5,7.5,15.5,20.5,110.0,0.5525,0.51575,0.25050000000000006,0.21925,27.9,80.525,53.6,54.95,9.475,12.05,13.450000000000001,100.0,109.375,101.225,51.821875,54.624609375,2.12775,0.44775,IND,252.5,38.25,84.75,0.4505,6.25,22.75,0.2735,19.25,25.0,0.7795000000000001,8.0,32.5,40.5,22.75,8.0,3.0,16.25,20.75,102.0,0.53225,0.48775,0.26949999999999996,0.29600000000000004,19.475,72.1,46.4,60.0,7.949999999999999,4.4,14.475,100.0,101.225,109.375,52.4375,55.234375,1.9445000000000001,0.43375
201602050BRK,SAC,240.0,39.75,88.75,0.448,8.5,24.5,0.3445,20.75,26.75,0.756,12.25,35.0,47.25,21.75,8.75,5.5,16.0,20.75,108.75,0.5407500000000001,0.49624999999999997,0.27625,0.30074999999999996,26.65,81.35,53.550000000000004,54.6,8.6,8.15,13.674999999999999,100.0,107.0,109.45,52.603125,52.603125,2.07025,0.41475,SAC,240.0,41.5,87.25,0.47825,9.25,21.25,0.43825000000000003,19.25,24.75,0.764,8.5,32.75,41.25,25.25,10.75,5.0,14.75,23.5,111.5,0.5695000000000001,0.53125,0.2425,0.2885,18.65,73.375,46.449999999999996,60.875,10.575,7.825,13.1,100.0,109.44999999999999,107.0,52.628125,52.628125,2.1197500000000002,0.482
201602050CHO,MIA,240.0,37.75,82.0,0.46199999999999997,5.0,17.5,0.28125,21.25,27.0,0.78475,10.5,36.0,46.5,23.0,7.5,6.75,14.75,21.0,101.75,0.54375,0.49325,0.215,0.33299999999999996,25.1,84.65,55.05,60.949999999999996,7.8,11.0,13.525,100.0,106.625,103.44999999999999,49.5375,49.5375,2.05325,0.4635,MIA,240.0,35.75,80.25,0.44400000000000006,7.75,22.25,0.31275000000000003,19.5,23.75,0.79825,6.5,31.25,37.75,19.75,8.25,4.75,12.75,19.5,98.75,0.54475,0.49125,0.27775,0.30375,15.35,74.9,44.95,54.15,8.575,7.350000000000001,12.175,100.0,103.45000000000002,106.625,48.89062499999999,48.89062499999999,2.01925,0.40374999999999994
201602050CLE,BOS,240.0,41.0,91.25,0.45025,9.0,27.5,0.31399999999999995,15.5,19.0,0.8200000000000001,9.75,35.5,45.25,23.25,8.5,4.25,10.5,22.5,106.5,0.5349999999999999,0.4995,0.301,0.20925,21.225,75.22500000000001,48.975,56.35,8.725000000000001,7.624999999999999,9.575,100.0,109.125,101.625,50.512499999999996,50.512499999999996,2.10975,0.45925000000000005,BOS,240.0,34.75,82.0,0.42400000000000004,8.5,24.5,0.34775,21.25,30.0,0.71425,11.5,35.75,47.25,18.75,5.5,4.75,15.75,19.0,99.25,0.52075,0.47575,0.2975,0.366,24.775000000000002,78.775,51.025,53.175,5.6499999999999995,7.8999999999999995,14.175,100.0,101.625,109.125,50.25000000000001,50.25000000000001,1.9745,0.37175
201602050DAL,SAS,240.0,43.0,82.5,0.5205,9.0,20.0,0.45749999999999996,17.5,20.25,0.867,7.25,32.5,39.75,27.75,5.25,5.75,11.5,18.5,112.5,0.6145,0.5745,0.24275000000000002,0.24575,18.375,71.65,46.85000000000001,64.225,5.4750000000000005,8.6,11.100000000000001,100.0,119.0,107.8,48.184375,48.184375,2.3325,0.57225,SAS,240.0,38.25,85.25,0.44875,6.25,22.25,0.27749999999999997,18.5,24.5,0.80125,13.0,31.75,44.75,19.5,8.0,6.25,14.0,21.25,101.25,0.52925,0.4865,0.26975000000000005,0.30974999999999997,28.35,81.625,53.15,50.8,8.375,9.975,12.625,100.0,107.8,119.0,48.943749999999994,48.943749999999994,2.08,0.4015
201602050DEN,CHI,246.25,41.5,91.5,0.45325000000000004,6.75,18.5,0.362,12.75,17.0,0.7535,10.25,35.75,46.0,23.25,6.5,4.0,12.5,21.25,102.5,0.5175000000000001,0.4902500000000001,0.20299999999999999,0.18675,22.25,79.55,50.225,55.725,6.575,6.6,11.15,100.0,103.975,106.12499999999999,50.912499999999994,52.286197917500004,2.0145,0.45675,CHI,246.25,39.25,85.5,0.45899999999999996,9.75,23.75,0.395,16.25,23.5,0.6915000000000001,9.25,36.25,45.5,21.75,7.75,5.5,13.75,18.5,104.5,0.54625,0.51625,0.2785,0.27525,20.474999999999998,77.75,49.775,55.849999999999994,7.825,7.625,12.475000000000001,100.0,106.12499999999999,103.975,50.58125,51.94420572999999,2.07025,0.43200000000000005
201602050NYK,MEM,246.25,41.25,82.5,0.5075,8.25,20.0,0.42424999999999996,19.75,25.0,0.7902499999999999,8.0,32.75,40.75,25.75,9.5,6.0,12.0,21.5,110.5,0.5994999999999999,0.55925,0.24575,0.3055,18.1,70.1,47.275,62.675,9.725,9.45,11.6,100.0,116.2,103.8,49.1875,50.5400390625,2.2525,0.52925,MEM,246.25,35.75,86.25,0.41350000000000003,7.5,23.5,0.295,20.25,25.0,0.8017500000000001,14.0,31.0,45.0,19.0,7.0,4.0,15.25,19.75,99.25,0.509,0.456,0.27125,0.28925,29.9,81.9,52.725,53.375,7.425000000000001,6.324999999999999,13.450000000000001,100.0,103.8,116.2,49.6875,51.037109375,1.9917500000000001,0.38475
201602050ORL,LAC,240.0,37.75,81.25,0.4645,10.25,29.25,0.34199999999999997,17.25,24.5,0.6984999999999999,8.0,33.25,41.25,21.0,11.0,6.5,10.75,17.5,103.0,0.5602499999999999,0.52775,0.36175,0.3055,18.475,76.45,47.6,55.725,11.725,10.1,10.425,100.0,110.25,101.04999999999998,47.81875000000001,47.81875000000001,2.1545,0.43875000000000003,LAC,240.0,36.5,81.75,0.4475,7.0,17.0,0.406,14.25,19.0,0.71825,10.0,35.25,45.25,20.75,5.0,3.5,15.75,20.5,94.25,0.5237499999999999,0.49100000000000005,0.21,0.2385,23.549999999999997,81.525,52.400000000000006,57.125,5.325,6.8,14.85,100.0,101.05000000000001,110.25,48.2625,48.2625,1.9569999999999999,0.43025
201602050UTA,MIL,240.0,36.75,82.25,0.446,4.0,15.5,0.24675,18.75,24.0,0.7677499999999999,12.75,28.75,41.5,21.25,9.0,4.25,15.25,20.25,96.25,0.51875,0.47,0.1885,0.29325,28.849999999999998,72.4,49.325,57.7,9.625,7.6,14.1,100.0,102.925,114.675,48.075,48.075,1.99925,0.44125000000000003,MIL,240.0,38.25,81.25,0.47175,9.25,25.75,0.36174999999999996,21.25,26.75,0.79575,11.25,32.0,43.25,25.25,8.0,6.0,14.75,21.5,107.0,0.57575,0.52875,0.31499999999999995,0.33125,27.6,71.15,50.675000000000004,66.15,8.575,8.875,13.649999999999999,100.0,114.67500000000001,102.92500000000001,48.728125,48.728125,2.1977499999999996,0.52
201602050WAS,PHI,240.0,38.75,84.75,0.45775,8.5,25.75,0.33199999999999996,14.25,22.0,0.6527499999999999,7.75,31.5,39.25,24.75,10.0,6.75,15.0,19.5,100.25,0.5302499999999999,0.5075000000000001,0.3035,0.2615,17.4,70.45,43.45,64.375,9.85,9.875,13.675,100.0,99.875,110.44999999999999,51.225,51.225,1.96275,0.48325,PHI,240.0,43.25,90.25,0.47900000000000004,8.5,22.5,0.37175,16.25,23.25,0.6525000000000001,13.5,37.75,51.25,26.75,8.25,5.5,17.0,19.75,111.25,0.554,0.52525,0.24825,0.262,29.549999999999997,82.60000000000001,56.55,61.175,8.175,9.475000000000001,14.450000000000001,100.0,110.45,99.875,52.396875,52.396875,2.1237500000000002,0.5065
201602060CHO,WAS,240.0,43.75,86.75,0.50425,8.0,25.75,0.3085,16.5,23.75,0.6915,5.5,33.5,39.0,25.5,9.25,4.0,12.75,20.0,112.0,0.5752499999999999,0.5505,0.29725,0.27275,14.25,76.225,46.8,58.075,8.9,7.25,11.625,100.0,109.625,113.225,52.640625,52.640625,2.12775,0.48549999999999993,WAS,240.0,42.5,87.25,0.48675,13.25,31.0,0.4095,17.75,25.75,0.70325,10.25,34.0,44.25,26.75,8.5,5.25,15.25,20.25,116.0,0.58675,0.56175,0.353,0.29550000000000004,23.775,85.75,53.224999999999994,62.55,8.3,8.55,13.325,100.0,113.225,109.625,52.240624999999994,52.240624999999994,2.2177499999999997,0.509
201602060CLE,NOP,240.0,39.75,89.0,0.4465,7.0,23.0,0.2875,11.75,17.75,0.7035,11.5,31.0,42.5,20.0,8.5,4.5,10.25,18.75,98.25,0.50725,0.4855,0.25775,0.20225,24.375,83.475,50.35,50.2,9.024999999999999,7.35,9.525,100.0,105.225,112.975,48.090625,48.090625,2.04725,0.41725,NOP,240.0,41.0,79.25,0.5205,8.5,17.75,0.49075,15.0,19.75,0.7715000000000001,6.5,35.5,42.0,23.5,5.0,4.5,13.5,17.25,105.5,0.6035,0.5745,0.22375,0.24925,16.525,75.625,49.65,56.9,5.35,6.75,13.35,100.0,112.975,105.225,47.815625,47.815625,2.2102500000000003,0.49275
201602060GSW,OKC,240.0,44.0,88.25,0.49875,8.5,22.0,0.393,21.75,25.75,0.8492500000000001,14.75,37.0,51.75,24.0,5.5,7.0,15.25,21.75,118.25,0.59425,0.5467500000000001,0.249,0.2935,36.05,80.15,59.650000000000006,54.725,5.5,10.65,13.274999999999999,100.0,119.9,112.45,50.490624999999994,50.490624999999994,2.3465,0.4765,OKC,240.0,43.25,91.5,0.47375,7.75,25.5,0.323,16.5,24.5,0.7092499999999999,9.25,26.0,35.25,24.75,7.75,4.75,10.0,18.25,110.75,0.543,0.5155,0.27775,0.266,19.85,63.95,40.375,57.275000000000006,7.675,7.125,8.975,100.0,112.45,119.9,51.94375,51.94375,2.14525,0.48050000000000004
201602060HOU,POR,240.0,38.5,83.5,0.4595,8.5,25.75,0.33175,18.25,23.5,0.7689999999999999,10.25,34.0,44.25,21.5,7.75,5.5,13.25,21.25,103.75,0.5525,0.51075,0.3115,0.28675,23.749999999999996,71.725,48.85,55.675,8.25,8.6,12.375,100.0,109.975,103.17500000000001,48.831250000000004,48.831250000000004,2.12475,0.43925,POR,240.0,36.0,82.75,0.43474999999999997,7.75,19.5,0.396,17.5,26.25,0.66525,13.25,32.75,46.0,20.75,8.25,4.5,14.75,17.75,97.25,0.5155,0.48124999999999996,0.2375,0.31825,28.275,76.25,51.15,57.475,8.775,7.975,13.55,100.0,103.17500000000001,109.975,48.359375,48.359375,2.0095,0.42825
201602060IND,DET,240.0,38.25,87.25,0.43975,9.75,27.5,0.374,18.25,27.75,0.66425,10.5,34.0,44.5,15.5,6.25,4.5,12.25,21.0,104.5,0.5265,0.496,0.3135,0.32525,22.175,79.85,50.25,41.2,6.3999999999999995,6.749999999999999,10.975,100.0,107.35,107.15,51.090624999999996,51.090624999999996,2.04925,0.305,DET,240.0,38.5,85.0,0.45425,6.0,18.25,0.3325,21.5,27.25,0.8130000000000001,8.5,35.5,44.0,22.0,7.25,3.5,10.75,21.0,104.5,0.5395,0.48874999999999996,0.21375,0.3315,20.15,77.825,49.75,56.4,7.375,6.2,9.975000000000001,100.0,107.14999999999999,107.35000000000001,50.096875,50.096875,2.0895,0.4405
201602060MEM,DAL,240.0,32.25,80.75,0.40125,6.5,22.5,0.28625,21.0,26.75,0.79125,9.0,31.25,40.25,16.0,6.25,2.5,9.75,19.0,92.0,0.49875,0.44125000000000003,0.27825,0.3325,18.75,78.5,45.875,49.5,6.825,4.15,9.575000000000001,100.0,99.92500000000001,107.87499999999999,47.103125,47.103125,1.95425,0.34075,DAL,240.0,36.75,80.5,0.45575,8.25,23.75,0.32375,18.0,22.75,0.7869999999999999,8.75,38.75,47.5,19.75,4.5,6.75,13.5,22.0,99.75,0.5515,0.508,0.2985,0.28400000000000003,21.5,81.25,54.125,53.0,4.949999999999999,11.424999999999999,13.0,100.0,107.875,99.92499999999998,48.028125,48.028125,2.0715,0.40874999999999995
201602060MIN,CHI,246.25,40.5,91.0,0.445,6.5,17.25,0.378,14.0,19.75,0.71075,10.0,33.25,43.25,21.25,4.75,4.5,12.5,24.25,101.5,0.50875,0.481,0.1905,0.21725,21.075000000000003,77.3,47.75,52.5,4.7,7.050000000000001,11.100000000000001,100.0,101.89999999999999,111.27499999999999,51.440625,52.8143229175,1.97275,0.41275,CHI,246.25,41.0,86.0,0.477,9.0,22.0,0.38825,19.5,28.75,0.672,9.75,37.5,47.25,22.0,7.5,6.5,12.75,20.25,110.5,0.5619999999999999,0.52975,0.25675,0.33399999999999996,22.724999999999998,78.92500000000001,52.25,53.550000000000004,7.525,8.825,11.424999999999999,100.0,111.27499999999999,101.89999999999999,51.328125,52.691080729999996,2.1585,0.4305
201602060PHI,BRK,240.0,41.0,83.25,0.4915,10.25,21.75,0.45875,15.5,21.0,0.7715000000000001,9.25,33.0,42.25,26.25,5.25,3.75,14.5,17.0,107.75,0.5825,0.5527500000000001,0.26075,0.2535,23.05,74.15,49.85000000000001,64.325,5.525,5.725,13.4,100.0,112.375,115.67500000000001,49.237500000000004,49.237500000000004,2.18675,0.5337500000000001,BRK,240.0,43.5,92.0,0.47425,10.25,26.75,0.387,13.5,16.25,0.81675,12.0,31.0,43.0,23.75,9.25,4.5,11.0,17.75,110.75,0.55975,0.53025,0.29025,0.17775000000000002,25.85,76.94999999999999,50.150000000000006,54.425,9.475,7.325,10.0,100.0,115.675,112.375,49.359375,49.359375,2.2435,0.47975
201602060PHO,UTA,246.25,35.25,78.0,0.45225000000000004,7.5,23.0,0.328,16.25,23.0,0.7189999999999999,10.0,33.25,43.25,17.5,8.0,6.75,14.0,20.25,94.25,0.53575,0.5005000000000001,0.29725,0.292,24.35,78.125,51.5,48.925,8.899999999999999,11.675,13.75,100.0,103.75,95.775,46.4625,47.82545573,2.033,0.379,UTA,246.25,32.5,76.5,0.4235,4.5,15.75,0.29000000000000004,17.5,25.0,0.6917500000000001,9.25,31.25,40.5,14.0,9.25,4.5,15.5,18.5,87.0,0.49775,0.45325000000000004,0.20500000000000002,0.334,21.875,75.65,48.5,42.400000000000006,10.375,8.025,15.125,100.0,95.775,103.75,47.3125,48.686197917499996,1.842,0.295
201602060SAS,LAL,240.0,35.0,79.75,0.43875,8.0,22.0,0.36824999999999997,20.25,25.75,0.78525,7.75,34.5,42.25,17.25,6.25,3.5,14.25,21.75,98.25,0.538,0.489,0.27549999999999997,0.3235,19.125,80.25,50.075,49.35,6.5249999999999995,5.95,13.5,100.0,102.975,109.1,49.240625,49.240625,1.99825,0.351,LAL,240.0,40.25,85.5,0.47575,7.25,24.75,0.276,16.5,25.25,0.65525,8.5,34.0,42.5,25.0,8.0,6.25,10.0,19.25,104.25,0.54325,0.517,0.28600000000000003,0.2965,19.75,80.875,49.925,61.775000000000006,8.375,10.874999999999998,9.375,100.0,109.10000000000001,102.975,49.496875,49.496875,2.10875,0.50325
201602070BOS,SAC,240.0,41.0,88.75,0.46225,8.0,24.0,0.33225,22.25,27.25,0.80725,12.5,32.5,45.0,22.0,11.0,4.25,15.5,20.5,112.25,0.55725,0.5075,0.2705,0.30625,27.2,80.175,52.125,53.150000000000006,10.850000000000001,6.675,13.25,100.0,111.375,113.9,52.346875,52.346875,2.14625,0.422,SAC,240.0,42.75,84.25,0.508,11.25,21.75,0.50275,18.25,22.5,0.80975,8.25,32.75,41.0,26.25,9.75,4.5,16.5,23.5,115.0,0.611,0.5745,0.25775000000000003,0.27075000000000005,19.825,72.825,47.875,61.45,9.674999999999999,6.95,14.875,100.0,113.9,111.375,51.59375,51.59375,2.2285,0.51025
201602070MIA,LAC,240.0,39.5,78.5,0.50275,11.0,29.25,0.36974999999999997,18.5,25.0,0.73825,7.25,33.5,40.75,20.25,10.25,7.25,13.5,19.75,108.5,0.6064999999999999,0.5720000000000001,0.3735,0.3215,18.375,75.3,48.75,51.475,10.875,11.15,12.975000000000001,100.0,115.22500000000001,102.975,48.31250000000001,48.31250000000001,2.24625,0.42025,LAC,240.0,36.75,82.25,0.448,5.5,16.25,0.34724999999999995,17.75,22.5,0.78075,10.75,32.0,42.75,20.25,5.0,3.0,14.75,21.25,96.75,0.5265,0.48175,0.199,0.28075,24.700000000000003,81.625,51.25,55.2,5.3,6.025,13.775,100.0,102.975,115.225,48.46875,48.46875,1.9994999999999998,0.41874999999999996
201602070NYK,DEN,246.25,37.5,81.75,0.45525,6.0,19.0,0.308,22.25,29.25,0.7757499999999999,9.25,36.5,45.75,21.25,8.25,4.5,15.5,22.5,103.25,0.54525,0.492,0.23399999999999999,0.36124999999999996,23.475,77.75,53.15,55.224999999999994,8.600000000000001,6.8,14.125,100.0,105.525,101.525,50.946875,52.3775390625,2.021,0.41175000000000006,DEN,246.25,37.25,86.25,0.43,6.75,21.5,0.32425000000000004,18.0,25.5,0.7115,10.5,30.0,40.5,18.5,7.0,8.25,12.75,22.25,99.25,0.50875,0.46924999999999994,0.25425,0.305,22.25,76.525,46.85,48.775000000000006,7.15,13.4,11.675,100.0,101.52499999999999,105.52499999999999,50.30625,51.7203125,1.9685000000000001,0.3635
201602070ORL,ATL,240.0,39.0,79.5,0.4865,9.75,26.0,0.37424999999999997,18.5,24.0,0.758,5.25,36.0,41.25,24.75,8.75,5.25,16.25,19.0,106.25,0.5884999999999999,0.54725,0.331,0.3075,13.6,75.95,48.150000000000006,62.45,8.8,8.925,15.299999999999999,100.0,107.725,97.92500000000001,50.95,50.95,2.082,0.48624999999999996,ATL,240.0,35.75,85.25,0.42024999999999996,7.75,26.0,0.29,16.75,21.75,0.76875,11.25,32.5,43.75,21.25,7.0,5.0,16.5,19.75,96.0,0.5067499999999999,0.46475,0.30375,0.2585,24.050000000000004,86.4,51.85,59.14999999999999,7.074999999999999,8.7,14.725000000000001,100.0,97.925,107.725,50.415625000000006,50.415625000000006,1.911,0.4205
201602080ATL,ORL,240.0,39.75,89.25,0.44500000000000006,6.5,21.25,0.30225,12.75,15.75,0.8294999999999999,12.5,30.5,43.0,21.75,6.75,5.5,15.25,17.5,98.75,0.5135,0.48075,0.24,0.182,26.049999999999997,73.4,47.95,54.825,7.05,9.175,13.675,100.0,103.15,110.92499999999998,49.740625,49.740625,1.9875000000000003,0.43775,ORL,240.0,39.75,84.0,0.47800000000000004,9.75,26.5,0.367,17.0,21.0,0.804,12.0,34.5,46.5,22.25,8.25,8.75,16.0,16.75,106.25,0.5734999999999999,0.536,0.31775,0.2535,26.6,73.94999999999999,52.05,56.175000000000004,8.549999999999999,12.850000000000001,14.725,100.0,110.92500000000001,103.14999999999999,48.9875,48.9875,2.16825,0.45599999999999996
201602080BRK,DEN,240.0,36.75,81.5,0.44775,6.25,19.75,0.312,22.5,30.0,0.76225,10.0,36.5,46.5,20.25,7.25,4.5,12.5,21.75,102.25,0.53975,0.486,0.24325,0.371,24.675000000000004,79.3,53.949999999999996,53.74999999999999,7.85,6.9750000000000005,11.725,100.0,108.275,101.97500000000001,49.125,49.125,2.07325,0.4075,DEN,240.0,35.5,82.25,0.43,6.5,20.25,0.332,18.5,26.5,0.6989999999999998,9.5,30.25,39.75,16.75,6.0,7.25,11.5,22.75,96.0,0.51075,0.47,0.25225,0.3245,20.7,75.325,46.05,46.849999999999994,6.275,12.075000000000001,11.024999999999999,100.0,101.975,108.27499999999999,48.418749999999996,48.418749999999996,1.98,0.34525000000000006
201602080CHO,CHI,246.25,40.5,89.0,0.45525000000000004,7.25,18.5,0.39475000000000005,16.25,21.75,0.7527499999999999,9.5,31.0,40.5,23.25,5.5,4.5,13.0,23.5,104.5,0.5305,0.49625,0.209,0.24374999999999997,21.2,72.175,46.025000000000006,57.5,5.574999999999999,6.45,11.625,100.0,106.42499999999998,110.6,51.415625000000006,52.7893229175,2.03625,0.4545,CHI,246.25,41.0,86.75,0.47224999999999995,5.0,17.0,0.27625,21.5,29.5,0.73975,11.5,35.5,47.0,21.5,7.25,6.0,12.25,20.25,108.5,0.5442499999999999,0.50125,0.196,0.34075,27.85,78.8,53.974999999999994,52.425,7.3500000000000005,8.450000000000001,10.9,100.0,110.6,106.42499999999998,50.75625,52.11920573,2.14575,0.42625
201602080CLE,SAC,240.0,43.25,89.5,0.48275,8.25,24.5,0.33475,18.0,22.5,0.794,9.75,30.5,40.25,26.0,12.25,4.75,14.25,18.25,112.75,0.56675,0.52875,0.27375,0.253,21.8,73.5,46.65,59.65,11.924999999999999,7.325,12.5,100.0,110.975,114.64999999999999,52.34375,52.34375,2.1555,0.494,SAC,240.0,45.25,87.25,0.51825,12.5,23.25,0.52725,13.75,17.0,0.8170000000000001,10.75,34.5,45.25,29.0,8.25,3.5,19.25,21.75,116.75,0.61625,0.59,0.26675000000000004,0.19499999999999998,26.5,78.225,53.35,64.1,8.174999999999999,5.45,16.8,100.0,114.65,110.975,51.912499999999994,51.912499999999994,2.24725,0.5575
201602080DET,TOR,240.0,35.0,78.75,0.4445,8.25,21.25,0.39275000000000004,26.25,35.75,0.7344999999999999,10.5,29.5,40.0,15.75,9.5,4.5,12.75,19.25,104.5,0.5535,0.49624999999999997,0.27225,0.45725,24.575000000000003,77.2,49.025000000000006,44.625,9.975,8.0,11.875,100.0,110.1,110.1,48.990625,48.990625,2.13475,0.32175000000000004,TOR,240.0,39.75,82.5,0.48175,10.25,26.75,0.388,15.0,21.75,0.715,8.75,32.75,41.5,20.25,7.25,5.25,15.0,25.0,104.75,0.5705,0.54425,0.32475,0.2615,22.799999999999997,75.42500000000001,50.975,50.699999999999996,7.575,9.1,14.05,100.0,110.1,110.1,49.540625000000006,49.540625000000006,2.1142499999999997,0.412
201602080IND,LAL,240.0,35.0,81.75,0.4285,9.25,26.25,0.35525,21.25,26.25,0.8075000000000001,8.25,33.5,41.75,17.25,6.0,3.25,12.0,22.0,100.5,0.53775,0.48525,0.32099999999999995,0.32175,19.5,75.425,47.975,49.35,6.3,5.3,11.4,100.0,106.125,110.14999999999999,48.984375,48.984375,2.05675,0.35325,LAL,240.0,40.0,87.25,0.463,7.25,24.25,0.28225,17.25,25.5,0.67825,11.0,34.75,45.75,26.75,6.5,5.5,10.5,19.25,104.5,0.53375,0.5035,0.274,0.2935,24.6,80.5,52.025,66.575,6.8,10.1,9.675,100.0,110.15,106.125,49.43125,49.43125,2.11725,0.5407500000000001
201602080MEM,POR,240.0,36.0,82.25,0.43775,9.5,29.5,0.32275,19.0,25.25,0.7445,12.0,33.0,45.0,20.75,9.0,6.0,15.75,21.25,100.5,0.5385,0.4955,0.35775,0.30925,26.475,71.92500000000001,49.775000000000006,57.349999999999994,9.5,10.3,14.325,100.0,105.92500000000001,99.475,48.996875,48.996875,2.0515000000000003,0.4225,POR,240.0,34.5,82.0,0.41900000000000004,7.0,21.25,0.35824999999999996,18.25,26.75,0.67875,12.75,32.25,45.0,19.75,9.25,4.5,16.5,20.0,94.25,0.5017499999999999,0.46124999999999994,0.26375000000000004,0.32825000000000004,28.075000000000003,73.525,50.225,56.775,9.75,8.5,14.925,100.0,99.475,105.92500000000001,49.228125000000006,49.228125000000006,1.91825,0.4025
201602080MIN,NOP,240.0,37.5,87.5,0.42875,5.5,22.0,0.24,12.5,19.25,0.6755,11.25,29.75,41.0,18.5,8.25,3.5,10.0,18.5,93.0,0.48425,0.45999999999999996,0.25125,0.22125,23.325000000000003,82.75,48.849999999999994,49.475,8.775,6.025,9.35,100.0,100.125,112.625,47.696875000000006,47.696875000000006,1.95,0.38825,NOP,240.0,40.75,80.75,0.5097499999999999,9.75,23.0,0.4635,13.25,15.75,0.8692500000000001,6.5,36.75,43.25,23.0,5.0,4.75,14.0,18.25,104.5,0.59975,0.56975,0.27825,0.20025,17.25,76.675,51.15,55.975,5.375,7.200000000000001,13.8,100.0,112.625,100.125,47.865625,47.865625,2.1870000000000003,0.48175
201602080PHI,LAC,240.0,38.75,78.5,0.4935,11.25,29.0,0.38275000000000003,18.5,27.25,0.6900000000000001,7.75,34.0,41.75,19.5,9.75,6.25,13.0,21.25,107.25,0.5940000000000001,0.5642499999999999,0.3705,0.34925,19.125,74.775,48.75,50.45,10.35,9.6,12.45,100.0,113.94999999999999,103.0,48.346875000000004,48.346875000000004,2.2184999999999997,0.40425,LAC,240.0,36.5,83.5,0.4385,6.0,17.25,0.354,17.75,23.5,0.75325,11.25,32.75,44.0,19.0,4.0,2.0,13.75,21.25,96.75,0.5175000000000001,0.47475,0.2085,0.28775,25.225,80.875,51.25,51.825,4.225,4.2,12.775,100.0,103.0,113.94999999999999,48.58125,48.58125,1.995,0.392
201602080PHO,OKC,240.0,41.0,86.75,0.473,7.75,22.5,0.34750000000000003,24.0,29.75,0.80725,14.0,38.5,52.5,23.75,8.0,6.75,16.0,20.0,113.75,0.5705,0.5175000000000001,0.25875000000000004,0.3445,32.849999999999994,80.6,58.35,58.025,7.975,10.425,13.825,100.0,113.55,108.85,51.440625,51.440625,2.215,0.46325,OKC,240.0,42.75,93.25,0.4585,8.25,28.5,0.301,15.25,22.5,0.7110000000000001,9.5,28.5,38.0,23.0,8.0,4.75,10.5,20.0,109.0,0.52975,0.5025000000000001,0.30575,0.23975,19.4,67.15,41.675,54.275000000000006,7.825,7.300000000000001,9.3,100.0,108.85000000000001,113.54999999999998,52.46875,52.46875,2.0865,0.4405
201602090DAL,UTA,246.25,33.75,78.5,0.42974999999999997,6.25,20.75,0.30624999999999997,19.25,26.75,0.7172499999999999,10.0,34.25,44.25,15.0,7.75,7.25,13.0,21.5,93.0,0.5145,0.4695,0.26625,0.3385,23.950000000000003,79.15,51.925,44.224999999999994,8.575,12.875,12.6,100.0,101.89999999999999,95.125,47.103125000000006,48.46608073,1.9725000000000001,0.31675,UTA,246.25,31.25,77.75,0.4005,6.25,19.25,0.33375,18.0,25.0,0.7110000000000001,9.0,31.75,40.75,14.5,7.75,5.5,14.5,21.0,86.75,0.48924999999999996,0.441,0.24675000000000002,0.3285,20.85,76.05000000000001,48.075,46.075,8.625,9.475000000000001,14.125,100.0,95.125,101.9,47.5625,48.936197917499996,1.82525,0.304
201602090GSW,HOU,240.0,36.75,83.25,0.43899999999999995,13.75,37.0,0.3735,19.5,27.75,0.7015,10.75,30.0,40.75,22.75,11.5,4.5,15.0,21.5,106.75,0.5579999999999999,0.5205,0.445,0.334,21.875,68.5,44.24999999999999,60.9,11.725,7.8500000000000005,13.475000000000001,100.0,108.4,108.275,50.340624999999996,50.340624999999996,2.1229999999999998,0.45299999999999996,HOU,240.0,37.5,85.25,0.4395,9.75,28.25,0.34750000000000003,21.75,28.0,0.766,14.5,36.5,51.0,24.75,8.75,3.75,18.5,22.5,106.5,0.54525,0.49674999999999997,0.33075,0.32925,31.500000000000004,78.125,55.75,65.975,8.95,8.200000000000001,15.825,100.0,108.275,108.4,51.275,51.275,2.0740000000000003,0.48200000000000004
201602090MIA,SAS,240.0,40.5,81.75,0.497,9.5,21.25,0.46325000000000005,19.25,22.25,0.87025,8.0,34.75,42.75,25.75,5.5,7.0,12.5,17.25,109.75,0.601,0.5555,0.26025,0.27199999999999996,18.95,75.3,49.0,63.60000000000001,5.799999999999999,10.4,12.075,100.0,116.35,101.05000000000001,48.409375,48.409375,2.2674999999999996,0.53175,SAS,240.0,36.75,86.25,0.42725,5.25,20.25,0.24625000000000002,16.5,19.75,0.8355000000000001,12.0,32.5,44.5,19.0,8.25,3.75,13.75,21.75,95.25,0.50275,0.4575,0.2355,0.23875000000000002,24.700000000000003,81.075,51.0,51.825,8.675,6.325,12.65,100.0,101.05,116.35,48.690625000000004,48.690625000000004,1.9585,0.39
201602090MIL,BOS,240.0,42.75,91.25,0.46849999999999997,7.5,21.0,0.34575,14.75,17.5,0.84425,10.25,37.75,48.0,25.75,8.0,4.75,14.75,23.5,107.75,0.545,0.5097499999999999,0.23024999999999998,0.19325,24.35,76.45,52.35,59.675,8.0,8.225,12.8,100.0,106.9,100.67499999999998,52.03125,52.03125,2.06675,0.491,BOS,240.0,36.75,87.25,0.4185,8.75,27.5,0.319,19.25,27.5,0.71325,11.75,32.5,44.25,21.0,7.25,5.0,15.0,19.25,101.5,0.50975,0.4685,0.31575,0.318,23.55,75.65,47.65,55.775,7.025,7.15,13.125,100.0,100.67500000000001,106.89999999999999,51.78125,51.78125,1.95575,0.4
201602090NYK,WAS,240.0,42.0,86.75,0.484,7.5,24.0,0.3125,15.75,22.25,0.70625,5.75,33.0,38.75,23.5,10.0,4.0,12.5,19.0,107.25,0.555,0.52725,0.27699999999999997,0.25525,13.649999999999999,77.35,45.725,55.875,9.7,7.125000000000001,11.475000000000001,100.0,105.45,110.325,52.034375,52.034375,2.0614999999999997,0.45249999999999996,WAS,240.0,41.75,86.0,0.48475,12.0,29.0,0.399,17.0,23.75,0.729,9.5,36.25,45.75,26.5,8.25,5.75,16.5,19.75,112.5,0.58175,0.5535,0.3345,0.27675,22.65,86.35,54.3,63.05,8.1,9.2,14.575,100.0,110.32499999999999,105.45,52.140625,52.140625,2.153,0.505
201602100BOS,LAC,246.25,36.25,81.25,0.4515,8.25,26.5,0.30674999999999997,21.0,30.25,0.7045,9.5,33.75,43.25,18.25,10.75,5.75,13.25,23.0,101.75,0.54425,0.50375,0.33325,0.37425,20.675,74.675,47.949999999999996,51.0,11.1,9.225000000000001,12.274999999999999,100.0,105.67500000000001,100.425,49.684375,51.08704427,2.0547500000000003,0.36775,LAC,246.25,35.0,82.75,0.42550000000000004,6.25,19.75,0.33075,20.25,26.0,0.78575,11.25,35.75,47.0,19.25,5.25,2.25,16.5,24.0,96.5,0.51475,0.46325,0.23775,0.3165,25.325000000000003,79.325,52.05,54.65,5.375,3.975,14.875,100.0,100.42499999999998,105.675,50.175,51.5939453125,1.9337499999999999,0.385
201602100BRK,MEM,252.5,40.75,80.25,0.51,7.25,19.0,0.386,15.5,21.0,0.73925,4.75,37.0,41.75,22.25,5.0,4.25,12.25,21.75,104.25,0.5865,0.5555,0.236,0.263,13.625,76.675,50.5,54.4,5.4,7.7250000000000005,12.075,100.0,110.875,107.44999999999999,48.8625,51.570182290000005,2.1390000000000002,0.45799999999999996,MEM,252.5,37.0,86.25,0.4275,11.25,30.5,0.3675,16.25,22.75,0.7244999999999999,11.25,29.5,40.75,20.5,6.25,4.25,10.25,20.25,101.5,0.5257499999999999,0.493,0.354,0.263,23.325,86.375,49.5,55.3,6.549999999999999,7.025,9.675,100.0,107.45,110.875,48.028125,50.6736328125,2.10625,0.42425
201602100CHI,ATL,246.25,41.25,87.75,0.47175,11.25,26.0,0.437,13.75,20.0,0.6882499999999999,10.0,35.25,45.25,27.5,9.75,5.75,15.75,15.25,107.5,0.55775,0.536,0.29874999999999996,0.22925,21.0,78.575,49.8,66.925,9.65,9.65,14.05,100.0,106.67500000000001,98.35000000000001,51.5,52.899739582500004,2.083,0.5337500000000001,ATL,246.25,39.5,88.25,0.44725000000000004,8.75,28.0,0.30775,11.0,14.25,0.7839999999999999,9.75,35.5,45.25,27.75,8.25,8.0,18.25,18.25,98.75,0.5209999999999999,0.496,0.317,0.161,21.425,79.0,50.2,69.875,8.15,12.675,16.200000000000003,100.0,98.35,106.675,51.759375,53.1975260425,1.9097499999999998,0.533
201602100CLE,LAL,240.0,35.5,85.0,0.422,9.25,27.75,0.3435,21.5,27.0,0.792,10.75,33.25,44.0,17.25,7.0,1.75,11.25,23.0,101.75,0.52825,0.47700000000000004,0.32425000000000004,0.31975000000000003,23.375,77.7,49.825,48.525000000000006,7.324999999999999,2.95,10.399999999999999,100.0,107.525,107.27499999999999,49.162499999999994,49.162499999999994,2.0755,0.3525,LAL,240.0,38.75,82.75,0.46849999999999997,5.0,22.0,0.229,19.0,27.25,0.69875,9.5,34.75,44.25,23.0,6.5,4.75,12.0,20.5,101.5,0.5365,0.49849999999999994,0.26675,0.33149999999999996,22.325,76.625,50.175,57.599999999999994,6.8,8.325,11.225,100.0,107.275,107.525,49.096875,49.096875,2.071,0.4705
201602100DET,DEN,240.0,36.0,83.25,0.429,6.0,20.5,0.28825,22.25,29.5,0.77375,11.25,33.5,44.75,19.25,8.25,3.75,10.75,19.5,100.25,0.51925,0.46475,0.2465,0.36174999999999996,26.35,78.42500000000001,52.35,52.474999999999994,9.0,5.425,10.125,100.0,107.625,106.45000000000002,48.38125,48.38125,2.06575,0.39525,DEN,240.0,38.75,83.0,0.46675,6.75,18.75,0.3705,14.75,20.5,0.726,9.25,31.5,40.75,19.25,4.25,7.25,12.25,21.25,99.0,0.53825,0.5077499999999999,0.23074999999999998,0.24575000000000002,21.575,73.65,47.65,49.349999999999994,4.55,11.924999999999999,11.875,100.0,106.45,107.625,47.86875,47.86875,2.06475,0.401
201602100IND,CHO,240.0,37.0,80.25,0.46125,11.25,29.0,0.38775,19.0,23.5,0.8167500000000001,7.75,39.5,47.25,23.0,5.5,6.5,13.5,17.5,104.25,0.57525,0.53125,0.3615,0.29325,19.3,85.575,54.2,62.05,5.775,9.45,12.95,100.0,109.85000000000001,102.6,48.58125,48.58125,2.1470000000000002,0.47475,CHO,240.0,38.5,88.25,0.4365,7.25,21.75,0.27925,13.25,17.5,0.75775,6.75,33.5,40.25,20.75,7.5,7.5,8.25,19.5,97.5,0.50925,0.47825,0.2505,0.19875,14.425,80.7,45.8,54.475,7.9,14.725000000000001,7.8999999999999995,100.0,102.6,109.85000000000001,49.03125,49.03125,1.9895,0.42325
201602100MIN,TOR,240.0,35.75,76.75,0.46824999999999994,10.0,22.75,0.45875000000000005,21.0,28.25,0.7542499999999999,7.75,30.0,37.75,18.25,10.0,4.25,13.25,19.75,102.5,0.57925,0.5335000000000001,0.299,0.36724999999999997,18.500000000000004,77.04999999999998,47.625,50.4,10.725000000000001,7.65,13.024999999999999,100.0,110.15,107.29999999999998,47.834375,47.834375,2.1470000000000002,0.38275000000000003,TOR,240.0,39.0,80.75,0.48225,10.0,26.5,0.382,12.25,17.5,0.7002499999999999,9.0,32.5,41.5,23.5,6.5,4.25,16.25,22.25,100.25,0.5665,0.54425,0.32899999999999996,0.217,22.949999999999996,81.5,52.375,60.199999999999996,6.95,7.75,15.5,100.0,107.29999999999998,110.15,48.15625,48.15625,2.0785,0.487
201602100NOP,UTA,246.25,36.25,80.25,0.4485,6.0,22.75,0.26675000000000004,18.5,25.25,0.7264999999999999,10.75,32.0,42.75,16.0,7.25,6.75,12.0,22.0,97.0,0.528,0.486,0.284,0.31475,25.825,79.275,52.1,43.699999999999996,8.125,12.5,11.725000000000001,100.0,107.275,102.19999999999999,46.746874999999996,48.072721355,2.06525,0.33899999999999997,UTA,246.25,30.5,74.0,0.41225,7.75,21.25,0.369,23.75,30.25,0.768,8.5,30.75,39.25,15.75,8.0,4.0,13.75,20.0,92.5,0.5277499999999999,0.46399999999999997,0.28525,0.40975,20.725,74.17500000000001,47.900000000000006,50.575,8.925,7.25,13.675,100.0,102.19999999999999,107.275,46.809375,48.10462239499999,1.9685,0.33474999999999994
201602100ORL,SAS,240.0,42.25,84.5,0.50075,8.75,18.75,0.47675000000000006,19.5,23.5,0.83875,9.5,33.5,43.0,25.25,6.5,5.5,11.75,18.0,112.75,0.59575,0.55325,0.22250000000000003,0.27775,22.275,83.025,52.225,60.025000000000006,6.824999999999999,8.95,11.1,100.0,118.95,102.97500000000001,48.95625,48.95625,2.303,0.5155000000000001,SAS,240.0,37.0,79.75,0.46849999999999997,5.0,19.0,0.256,18.5,23.0,0.808,7.5,32.0,39.5,19.5,7.75,3.5,14.0,22.0,97.5,0.5455,0.4995,0.23399999999999999,0.29575,16.975,77.75,47.775,52.775,8.125,5.225,13.575000000000001,100.0,102.97500000000001,118.94999999999999,48.5875,48.5875,2.00875,0.401
201602100PHI,SAC,240.0,42.5,88.5,0.47925,8.25,23.75,0.346,16.75,22.25,0.7577499999999999,7.25,30.75,38.0,27.75,13.25,5.0,14.5,19.75,110.0,0.559,0.5257499999999999,0.26825,0.25425,15.875,72.8,43.275,65.65,12.75,7.8500000000000005,12.825,100.0,106.1,116.5,53.159375,53.159375,2.06775,0.52075,SAC,240.0,46.0,89.75,0.513,14.5,27.0,0.5415000000000001,14.25,17.5,0.82475,11.25,38.0,49.25,29.0,7.25,3.5,19.0,21.25,120.75,0.6207499999999999,0.594,0.30025,0.19499999999999998,27.2,84.15,56.725,63.025,6.9750000000000005,5.5,16.275000000000002,100.0,116.5,106.1,52.90625,52.90625,2.28275,0.547
201602100PHO,GSW,240.0,45.75,89.25,0.51625,13.75,32.5,0.4155,17.0,24.5,0.69575,10.25,36.75,47.0,29.5,7.5,5.0,14.5,23.5,122.25,0.61575,0.5955,0.36700000000000005,0.2775,22.775,78.525,52.325,64.69999999999999,7.3,7.924999999999999,12.774999999999999,100.0,119.625,106.075,52.568749999999994,52.568749999999994,2.325,0.5607500000000001,GSW,240.0,38.0,88.25,0.43025,8.5,24.0,0.34825000000000006,24.0,32.0,0.7565,10.25,32.75,43.0,22.75,10.0,4.25,12.75,20.5,108.5,0.5297499999999999,0.47850000000000004,0.27275,0.364,21.475,77.225,47.675,60.025,9.65,7.625,11.075,100.0,106.07499999999999,119.62500000000001,52.975,52.975,2.04575,0.42875
201602100POR,HOU,240.0,35.75,83.5,0.426,12.75,36.5,0.35050000000000003,19.5,28.25,0.6915,11.5,30.75,42.25,22.75,11.5,4.75,15.5,21.25,103.75,0.5405,0.5015000000000001,0.438,0.3385,23.449999999999996,65.7,44.650000000000006,62.50000000000001,11.75,8.125,13.850000000000001,100.0,105.72500000000001,108.625,50.459375,50.459375,2.059,0.45199999999999996,HOU,240.0,37.25,87.25,0.4257500000000001,10.0,28.75,0.34975,22.0,27.0,0.804,16.25,35.75,52.0,24.25,8.5,4.0,18.5,22.75,106.5,0.536,0.483,0.32825000000000004,0.31125,34.3,76.55000000000001,55.349999999999994,65.2,8.725,8.525,15.675,100.0,108.625,105.725,51.1625,51.1625,2.079,0.47375000000000006
201602110MIL,WAS,240.0,41.75,84.75,0.49274999999999997,9.75,24.0,0.399,17.25,24.75,0.693,5.75,34.25,40.0,25.0,10.0,4.25,11.75,19.0,110.5,0.57875,0.5515,0.28475,0.29200000000000004,13.65,81.6,47.525,60.05,9.775,7.65,10.924999999999999,100.0,109.775,109.85,51.253125,51.253125,2.158,0.48924999999999996,WAS,240.0,42.0,86.0,0.48775,12.25,30.0,0.39649999999999996,14.75,20.5,0.74875,7.75,36.25,44.0,25.75,7.5,5.75,15.75,20.75,111.0,0.583,0.5579999999999999,0.3465,0.23775000000000002,18.4,86.35,52.474999999999994,61.025000000000006,7.425,9.524999999999999,14.2,100.0,109.85,109.775,51.868750000000006,51.868750000000006,2.135,0.4925
201602110OKC,NOP,240.0,39.75,87.75,0.45275,6.75,21.5,0.31375,12.75,20.75,0.62325,9.5,31.25,40.75,19.75,7.25,3.0,7.0,20.75,99.0,0.5102500000000001,0.4905,0.2445,0.238,19.75,76.725,46.1,49.925,7.7749999999999995,5.2749999999999995,6.800000000000001,100.0,106.4,106.65,47.553124999999994,47.553124999999994,2.077,0.416,NOP,240.0,36.75,80.5,0.45725000000000005,7.5,23.5,0.29775,18.0,23.0,0.81675,9.5,38.25,47.75,19.5,4.0,4.5,14.25,20.75,99.0,0.54725,0.5035,0.28775,0.2965,23.275,80.275,53.9,53.5,4.375,6.625000000000001,13.65,100.0,106.65,106.4,48.0875,48.0875,2.05875,0.40574999999999994
201602180CLE,CHI,240.0,39.0,88.5,0.441,7.0,17.75,0.39349999999999996,14.0,18.0,0.7837500000000001,9.75,29.5,39.25,23.5,5.5,5.5,11.5,21.75,99.0,0.513,0.4805,0.20125,0.2025,21.275,70.6,44.525000000000006,60.75,5.8,9.725,10.625,100.0,104.3,118.00000000000001,49.400000000000006,49.400000000000006,2.00325,0.478,CHI,240.0,40.5,86.0,0.47025,8.5,24.75,0.29975,22.5,28.0,0.84175,12.0,36.75,48.75,22.75,8.5,6.75,11.0,18.0,112.0,0.5705,0.5202500000000001,0.2905,0.3285,29.4,78.725,55.475,56.224999999999994,8.950000000000001,9.525,10.075,100.0,118.0,104.30000000000001,49.150000000000006,49.150000000000006,2.28225,0.46425
201602180LAC,SAS,240.0,41.25,86.5,0.47775,8.5,20.0,0.4267500000000001,18.75,22.75,0.8360000000000001,11.25,33.75,45.0,23.75,6.5,6.25,11.5,18.25,109.75,0.56925,0.5277499999999999,0.2325,0.2645,25.375,82.35,52.825,57.974999999999994,6.875000000000001,10.0,10.7,100.0,116.47500000000001,103.27499999999999,48.778125,48.778125,2.24975,0.487,SAS,240.0,36.0,80.0,0.45625,6.25,19.25,0.3165,19.0,23.5,0.8125,8.0,32.75,40.75,20.75,6.5,4.25,13.75,20.75,97.25,0.542,0.49425,0.23625,0.30075,17.65,74.64999999999999,47.175000000000004,57.550000000000004,6.9,6.225,13.325000000000001,100.0,103.275,116.475,48.456250000000004,48.456250000000004,2.00875,0.427
201602180WAS,UTA,246.25,36.25,79.25,0.45475,6.5,22.5,0.29325,20.75,27.75,0.74325,10.75,33.5,44.25,17.25,7.75,5.0,12.75,22.5,99.75,0.5439999999999999,0.49624999999999997,0.28475,0.3545,25.95,80.05,53.175000000000004,47.5,8.625,8.9,12.350000000000001,100.0,109.30000000000001,106.5,47.215624999999996,48.541471355,2.10525,0.36274999999999996,UTA,246.25,33.75,77.0,0.4385,8.75,21.5,0.41875,21.0,27.25,0.74525,8.5,30.5,39.0,18.75,7.25,4.25,12.5,20.5,97.25,0.545,0.495,0.279,0.35600000000000004,19.95,74.05000000000001,46.825,54.75,7.95,7.824999999999999,12.375,100.0,106.5,109.30000000000001,46.971875,48.267122395,2.0654999999999997,0.39899999999999997
201602190ATL,MIA,240.0,38.25,83.75,0.4615,3.25,13.25,0.2195,16.5,23.5,0.7010000000000001,8.25,38.25,46.5,18.25,4.75,7.0,11.25,19.25,96.25,0.517,0.48225,0.1605,0.286,17.475,83.9,51.4,47.5,4.975,11.225,10.85,100.0,101.8,106.77499999999999,48.956250000000004,48.956250000000004,1.9665,0.37224999999999997,MIA,240.0,38.5,84.5,0.455,8.25,21.25,0.3935,15.75,23.25,0.7125,7.25,35.75,43.0,20.75,6.75,6.0,8.0,18.5,101.0,0.53225,0.5042500000000001,0.25425000000000003,0.2755,16.1,82.525,48.6,53.974999999999994,7.125,8.275,7.75,100.0,106.77499999999999,101.8,48.146874999999994,48.146874999999994,2.0934999999999997,0.4295
201602190BRK,NYK,240.0,36.75,82.75,0.4435,8.0,24.75,0.3225,17.0,21.25,0.80825,9.75,35.75,45.5,19.0,4.25,4.25,12.0,23.0,98.5,0.535,0.492,0.3,0.25625,21.85,87.64999999999999,53.625,51.75,4.45,7.275,11.55,100.0,105.14999999999999,110.525,47.546875,47.546875,2.06775,0.39825000000000005,NYK,240.0,37.25,79.75,0.46749999999999997,8.5,20.5,0.401,20.5,27.5,0.7520000000000001,5.25,34.5,39.75,20.0,7.25,3.75,9.75,19.25,103.5,0.56425,0.5215000000000001,0.25725,0.34525,12.35,78.15,46.375,53.7,7.75,6.6000000000000005,9.575000000000001,100.0,110.525,105.15,48.65625,48.65625,2.1247499999999997,0.41174999999999995
201602190CHI,TOR,240.0,38.25,78.75,0.4885,10.5,24.25,0.4595,20.25,26.5,0.7687499999999999,8.25,30.75,39.0,19.75,7.5,5.25,11.75,24.0,107.25,0.597,0.5557500000000001,0.30874999999999997,0.33525,20.35,75.025,48.975,51.375,8.225,9.225000000000001,11.65,100.0,116.9,110.57499999999999,47.418749999999996,47.418749999999996,2.26175,0.41625,TOR,240.0,36.5,79.0,0.462,8.5,24.5,0.33975,20.0,27.0,0.703,10.25,30.25,40.5,22.0,6.25,4.5,13.25,21.25,101.5,0.5575,0.5155000000000001,0.30875,0.346,24.974999999999998,79.65,51.025,60.375,6.775,8.125,12.775,100.0,110.57499999999999,116.9,47.4125,47.4125,2.1384999999999996,0.46425
201602190LAL,SAS,240.0,39.75,87.25,0.455,6.5,18.75,0.34924999999999995,16.25,20.25,0.8160000000000001,10.5,32.25,42.75,23.75,7.75,5.75,12.0,16.5,102.25,0.53,0.49225,0.215,0.23149999999999998,23.225,80.0,49.95,59.97500000000001,8.125,9.225,11.149999999999999,100.0,107.9,106.55,49.184375,49.184375,2.0805,0.484,SAS,240.0,37.5,81.25,0.46825,8.5,21.75,0.3865,17.5,21.75,0.8055000000000001,8.75,34.25,43.0,22.25,6.75,5.5,14.5,20.0,101.0,0.56075,0.52025,0.26525,0.27225,20.0,76.8,50.050000000000004,59.425000000000004,7.1,8.025,13.875,100.0,106.55,107.89999999999999,48.665625,48.665625,2.07775,0.45625
201602190MEM,MIN,240.0,38.75,80.25,0.48200000000000004,3.75,13.75,0.25175000000000003,28.5,34.0,0.853,11.75,33.75,45.5,23.5,4.5,5.5,10.75,20.75,109.75,0.577,0.5062500000000001,0.17275000000000001,0.43000000000000005,30.799999999999997,77.05000000000001,55.375,61.1,4.949999999999999,9.1,10.175,100.0,119.19999999999999,117.85,47.7,47.7,2.30325,0.493,MIN,240.0,39.75,85.75,0.46225,9.75,26.75,0.371,19.5,26.25,0.745,10.0,26.75,36.75,22.0,6.25,5.75,8.5,24.5,108.75,0.55925,0.51975,0.31725,0.31375,22.975,69.2,44.625,55.89999999999999,6.8,8.925,8.100000000000001,100.0,117.85,119.2,48.359375,48.359375,2.24775,0.45475000000000004
201602190MIL,CHO,240.0,38.5,82.25,0.46699999999999997,12.0,29.25,0.41175,18.0,22.5,0.8075,7.5,38.75,46.25,22.5,6.0,7.75,13.25,17.25,107.0,0.57975,0.5399999999999999,0.35650000000000004,0.275,18.4,81.02499999999999,51.699999999999996,58.7,6.250000000000001,10.774999999999999,12.55,100.0,111.35,100.80000000000001,49.34375,49.34375,2.1675,0.45599999999999996,CHO,240.0,39.0,90.5,0.43075,5.75,19.25,0.2455,13.25,17.75,0.7445,9.0,34.0,43.0,21.5,7.0,7.25,9.25,18.25,97.0,0.49375,0.46299999999999997,0.21525,0.19725,18.974999999999998,81.6,48.3,55.825,7.275,14.025000000000002,8.575,100.0,100.8,111.35000000000001,49.590625,49.590625,1.9555000000000002,0.4345
201602190NOP,PHI,246.25,37.75,87.25,0.4335,10.0,28.75,0.33999999999999997,14.25,18.5,0.76575,12.0,32.5,44.5,22.25,8.75,7.75,17.0,22.75,99.75,0.52375,0.49075,0.32999999999999996,0.21325,26.799999999999997,73.275,49.974999999999994,58.675,9.100000000000001,11.725,15.075000000000001,100.0,102.775,107.0,50.51875,51.9376953125,1.98625,0.44075,PHI,246.25,39.5,85.5,0.46475000000000005,5.0,18.75,0.27075000000000005,20.0,26.5,0.7464999999999999,11.75,32.75,44.5,23.75,7.75,4.75,14.25,17.5,104.0,0.53825,0.49424999999999997,0.21875,0.30975,26.725,73.2,50.025,59.825,7.8500000000000005,8.274999999999999,12.9,100.0,107.0,102.775,50.29375,51.69641926999999,2.0735,0.47400000000000003
201602190OKC,IND,240.0,37.5,84.25,0.44725,6.75,21.75,0.3335,16.25,21.5,0.759,11.75,34.75,46.5,19.0,7.0,3.5,15.5,19.5,98.0,0.52475,0.487,0.257,0.26675,26.450000000000003,79.05000000000001,52.925000000000004,50.275,7.324999999999999,6.45,14.175,100.0,102.75,107.5,49.10625,49.10625,1.99825,0.389,IND,240.0,37.75,83.75,0.45575,10.5,30.75,0.348,16.5,24.0,0.70325,9.5,32.0,41.5,20.0,8.25,4.5,13.5,19.75,102.5,0.548,0.51925,0.36775,0.28825,20.95,73.55,47.074999999999996,52.325,8.625,6.9,12.600000000000001,100.0,107.5,102.75,49.575,49.575,2.07225,0.40525
201602190ORL,DAL,252.5,35.25,80.75,0.43875,9.25,25.5,0.3435,23.5,30.0,0.7725000000000001,7.0,33.0,40.0,21.25,5.5,2.25,8.75,20.25,103.25,0.5495,0.495,0.3135,0.3775,15.425,77.35,45.599999999999994,59.87500000000001,5.775,3.3,8.575000000000001,100.0,108.325,115.55000000000001,48.37500000000001,50.968098957500004,2.1285,0.43775000000000003,DAL,252.5,42.5,87.0,0.48874999999999996,7.25,21.5,0.325,17.75,24.5,0.722,9.75,38.0,47.75,21.75,3.75,5.25,10.25,23.0,110.0,0.5635,0.53125,0.24725000000000003,0.282,22.65,84.575,54.4,51.050000000000004,3.9499999999999997,8.899999999999999,9.525,100.0,115.55000000000001,108.32500000000002,49.56875,52.234765625,2.2169999999999996,0.437
201602190PHO,HOU,240.0,34.0,81.75,0.41525,11.5,36.25,0.31725,21.25,32.75,0.6517499999999999,12.75,31.0,43.75,21.0,10.75,4.0,17.75,22.0,100.75,0.5225000000000001,0.48475,0.44425,0.4015,26.5,64.75,45.87500000000001,61.0,10.95,7.15,15.625,100.0,102.07499999999999,111.525,51.153125,51.153125,1.9714999999999998,0.41075,HOU,240.0,38.0,88.25,0.42925,10.5,31.5,0.333,23.5,28.75,0.81,17.0,34.5,51.5,23.0,10.0,3.75,17.5,25.0,110.0,0.544,0.489,0.357,0.32725,35.25,73.5,54.125,60.900000000000006,10.2,8.174999999999999,14.725000000000001,100.0,111.525,102.07499999999999,51.20312500000001,51.20312500000001,2.146,0.44875000000000004
201602190POR,GSW,240.0,44.5,93.25,0.47650000000000003,13.25,35.25,0.365,19.0,26.0,0.72875,11.5,37.0,48.5,27.75,8.5,5.5,13.25,23.75,121.25,0.5787500000000001,0.54775,0.38,0.28025,24.599999999999998,79.375,51.875,62.475,8.05,8.625,11.149999999999999,100.0,116.07499999999999,106.05,53.675,53.675,2.25825,0.51525,GSW,240.0,40.0,89.0,0.44875,8.5,24.75,0.3365,22.25,31.0,0.7170000000000001,9.75,35.5,45.25,23.25,10.25,4.75,14.5,21.25,110.75,0.53925,0.49675,0.27925,0.351,20.625,75.39999999999999,48.125,58.425000000000004,9.75,8.4,12.35,100.0,106.05,116.075,54.2375,54.2375,2.0435,0.42925
201602190SAC,DEN,240.0,39.25,86.5,0.45375,6.5,20.75,0.31174999999999997,20.75,27.25,0.7822500000000001,11.0,35.25,46.25,22.75,7.75,4.0,10.25,18.0,105.75,0.5370000000000001,0.49125,0.2395,0.31625000000000003,25.225,79.625,52.575,57.925,8.15,5.699999999999999,9.424999999999999,100.0,111.05,105.875,49.346875,49.346875,2.14225,0.4615,DEN,240.0,40.0,86.5,0.46325,8.0,20.0,0.40625,12.75,17.25,0.76525,9.0,32.75,41.75,21.0,4.5,6.75,12.25,21.25,100.75,0.53625,0.5099999999999999,0.23325,0.19824999999999998,20.375,74.775,47.425,52.575,4.7,10.25,11.575,100.0,105.87499999999999,111.05,48.971875,48.971875,2.05775,0.4295
201602190UTA,BOS,246.25,43.75,89.5,0.48775,10.75,26.5,0.40775,22.25,25.25,0.8825000000000001,11.0,35.25,46.25,29.25,7.75,3.5,16.75,25.5,120.5,0.59825,0.54775,0.29574999999999996,0.281,27.275,77.275,53.650000000000006,66.525,7.55,5.625,14.274999999999999,100.0,115.8,112.575,53.621875,55.11373698,2.241,0.5429999999999999,BOS,246.25,43.25,88.75,0.48725,9.25,26.25,0.355,21.25,31.75,0.68025,10.5,29.75,40.25,25.75,8.75,6.5,14.0,23.0,117.0,0.569,0.53925,0.297,0.36275,22.725,72.725,46.35,59.325,8.35,10.425,12.0,100.0,112.575,115.8,53.665625000000006,55.1467447925,2.17625,0.479
201602190WAS,DET,240.0,38.0,81.5,0.46724999999999994,9.75,26.25,0.38725,13.25,22.0,0.64225,8.25,32.0,40.25,18.5,6.5,4.0,14.25,21.25,99.0,0.5419999999999999,0.52725,0.32249999999999995,0.27575,18.725,83.6,49.175000000000004,48.925,6.824999999999999,6.475,13.525,100.0,103.89999999999999,111.2,48.974999999999994,48.974999999999994,2.0185,0.37925,DET,240.0,38.75,78.25,0.49874999999999997,7.25,18.0,0.42100000000000004,21.0,26.0,0.8094999999999999,6.5,35.25,41.75,22.0,8.75,1.5,13.0,21.25,105.75,0.59425,0.5462499999999999,0.2305,0.32975,16.4,81.27499999999999,50.825,56.825,9.25,2.725,12.799999999999999,100.0,111.2,103.9,48.55,48.55,2.1805,0.45399999999999996
201602200ATL,MIL,240.0,36.75,80.5,0.45425,6.25,16.5,0.38049999999999995,17.0,24.25,0.7,11.25,34.75,46.0,20.0,8.5,7.0,18.5,18.25,96.75,0.52925,0.4935,0.20475,0.3015,26.775,76.375,52.599999999999994,53.35,8.899999999999999,13.0,16.975,100.0,100.30000000000001,99.85,49.634375000000006,49.634375000000006,1.9449999999999998,0.39949999999999997,MIL,240.0,35.0,83.75,0.41750000000000004,8.25,29.75,0.27975,18.0,22.25,0.80925,10.5,30.5,41.0,19.75,11.75,5.5,16.0,20.25,96.25,0.5145,0.46724999999999994,0.355,0.26675,23.625,73.22500000000001,47.4,55.925,12.3,8.85,14.600000000000001,100.0,99.85,100.29999999999998,49.909375000000004,49.909375000000004,1.9284999999999999,0.39349999999999996
201602200LAC,GSW,240.0,41.25,93.0,0.4425,11.25,33.5,0.33125,20.25,25.75,0.77825,12.25,35.75,48.0,25.25,7.75,5.25,13.75,22.0,114.0,0.546,0.5035000000000001,0.36224999999999996,0.27825,24.975,76.875,50.175,61.975,7.4,8.274999999999999,11.55,100.0,110.125,110.35,53.365625,53.365625,2.141,0.47375000000000006,GSW,240.0,41.5,90.5,0.4565,10.75,26.5,0.39125,21.0,29.25,0.716,10.75,37.0,47.75,23.75,9.25,4.75,14.5,21.0,114.75,0.55375,0.5155000000000001,0.29325,0.32775,23.125,75.02499999999999,49.825,57.75,8.9,8.200000000000001,12.275,100.0,110.35,110.125,54.071875,54.071875,2.1205,0.4395
201602200MIA,WAS,240.0,37.75,82.5,0.45899999999999996,9.0,24.5,0.3775,16.5,24.0,0.683,6.25,32.0,38.25,25.5,8.75,6.25,11.0,20.5,101.0,0.545,0.5145000000000001,0.29700000000000004,0.29274999999999995,13.775000000000002,76.275,44.225,67.975,9.05,10.100000000000001,10.5,100.0,105.225,99.375,49.325,49.325,2.054,0.5185000000000001,WAS,240.0,36.5,81.0,0.44975000000000004,5.75,19.5,0.29125,16.75,23.0,0.7245,10.0,38.25,48.25,19.75,6.75,4.5,17.0,20.0,95.5,0.5245,0.485,0.23975000000000002,0.28575,23.724999999999998,86.225,55.775,54.574999999999996,6.949999999999999,7.725,15.600000000000001,100.0,99.375,105.225,49.4625,49.4625,1.9317500000000003,0.39849999999999997
201602200MIN,NYK,240.0,36.75,82.25,0.446,9.0,25.75,0.3505,14.25,17.25,0.8320000000000001,9.75,36.0,45.75,19.0,4.0,5.75,13.75,21.0,96.75,0.5385,0.501,0.31375,0.21,22.15,86.14999999999999,53.775000000000006,51.75,4.275,9.45,13.25,100.0,104.6,111.35,47.221875000000004,47.221875000000004,2.0460000000000003,0.401,NYK,240.0,37.75,81.5,0.46299999999999997,8.25,20.5,0.38649999999999995,19.25,24.25,0.7977500000000001,6.0,33.75,39.75,22.25,9.0,4.5,8.25,18.0,103.0,0.55975,0.5145,0.253,0.299,13.85,77.85,46.225,58.55,9.7,8.075,8.25,100.0,111.35,104.6,47.634375,47.634375,2.16025,0.46599999999999997
201602210BRK,CHO,240.0,38.75,83.5,0.46349999999999997,11.75,30.5,0.388,18.5,23.25,0.7989999999999999,8.75,36.5,45.25,20.0,8.0,6.75,14.5,17.25,107.75,0.57475,0.53425,0.36624999999999996,0.281,21.299999999999997,78.05,51.175,51.49999999999999,8.25,10.25,13.375,100.0,111.80000000000001,99.75,50.146875,50.146875,2.1517500000000003,0.40025,CHO,240.0,37.25,87.25,0.4275,7.5,21.75,0.3375,14.25,18.5,0.76825,10.0,32.75,42.75,22.0,7.0,7.0,12.75,18.5,96.25,0.505,0.47075,0.25,0.21425000000000002,21.95,78.7,48.825,59.475,7.25,13.575,11.649999999999999,100.0,99.75,111.8,49.39375,49.39375,1.9482499999999998,0.44599999999999995
201602210CHI,LAL,240.0,35.25,86.5,0.41075,10.25,28.75,0.37025,22.5,26.5,0.84925,12.5,31.75,44.25,17.0,6.25,3.0,11.5,20.5,103.25,0.529,0.47025000000000006,0.33075,0.30725,26.7,71.89999999999999,48.325,48.199999999999996,6.6000000000000005,4.675,10.5,100.0,110.5,116.175,49.043749999999996,49.043749999999996,2.1125,0.34900000000000003,LAL,240.0,41.5,87.0,0.474,7.75,23.5,0.35,17.75,23.5,0.7629999999999999,12.25,35.0,47.25,24.0,6.0,5.25,10.5,20.0,108.5,0.55625,0.518,0.27125,0.27575,28.125,73.30000000000001,51.675,56.95,6.375,9.075,9.725,100.0,116.175,110.49999999999999,48.206250000000004,48.206250000000004,2.2605,0.5025
201602210DAL,PHI,246.25,38.5,84.5,0.45875,10.75,29.0,0.3645,17.0,21.5,0.78075,11.25,31.75,43.0,21.5,9.75,6.75,18.0,25.0,104.75,0.5605,0.52275,0.344,0.2585,25.499999999999996,71.9,49.474999999999994,55.625,10.0,10.075,16.075000000000003,100.0,106.825,109.69999999999999,50.73125,52.1501953125,2.0747500000000003,0.4245,PHI,246.25,38.75,84.75,0.46025,5.25,17.5,0.3055,25.0,31.5,0.7965,12.25,31.25,43.5,22.75,9.0,4.75,15.0,19.25,107.75,0.5489999999999999,0.49150000000000005,0.20575,0.37375,28.1,74.5,50.525,58.475,9.0,8.674999999999999,13.325,100.0,109.69999999999999,106.82499999999999,51.23125,52.63391926999999,2.10625,0.44549999999999995
201602210DEN,BOS,246.25,41.75,87.75,0.47225000000000006,10.75,27.75,0.39025000000000004,23.5,28.0,0.853,10.25,32.25,42.5,28.5,8.25,3.0,14.75,26.5,117.75,0.587,0.53325,0.31625,0.321,24.8,78.475,50.900000000000006,67.7,8.200000000000001,5.1000000000000005,12.65,100.0,114.625,116.45000000000002,52.775000000000006,54.26686198,2.2195,0.5347500000000001,BOS,246.25,43.25,84.0,0.5170000000000001,9.75,24.5,0.397,22.75,34.0,0.6837500000000001,8.75,32.5,41.25,26.0,7.75,7.0,14.25,23.25,119.0,0.602,0.5760000000000001,0.29525,0.42400000000000004,21.525000000000002,75.2,49.1,60.0,7.424999999999999,11.8,12.675,100.0,116.45,114.625,52.825,54.3061197925,2.25325,0.49149999999999994
201602210DET,NOP,240.0,41.25,87.0,0.47475,7.0,19.0,0.3595,18.5,26.25,0.6835,9.0,29.5,38.5,21.0,10.25,3.0,9.0,21.25,108.0,0.548,0.5145,0.21775,0.30725,20.224999999999998,79.45,46.95,51.05,10.5,5.574999999999999,8.3,100.0,111.32499999999999,111.425,49.734375,49.734375,2.16925,0.42350000000000004,NOP,240.0,38.5,78.25,0.49100000000000005,8.25,23.0,0.32975,23.0,28.5,0.80975,7.75,36.25,44.0,22.75,5.25,5.75,16.5,22.75,108.25,0.59675,0.544,0.29375,0.36750000000000005,20.55,79.8,53.05,59.125,5.35,8.275,15.45,100.0,111.425,111.32499999999999,50.26875,50.26875,2.14925,0.45175
201602210OKC,CLE,240.0,43.5,92.25,0.47125,12.5,32.75,0.37725000000000003,11.75,15.25,0.8075,11.5,38.5,50.0,23.75,6.75,5.0,10.5,21.0,111.25,0.56125,0.53875,0.35550000000000004,0.1645,25.825000000000003,76.725,52.75,54.5,7.05,7.674999999999999,9.55,100.0,116.275,101.975,49.246875,49.246875,2.2590000000000003,0.48175,CLE,240.0,36.25,87.0,0.4175,8.75,23.75,0.36325,16.25,23.5,0.6872499999999999,11.75,33.0,44.75,18.5,6.25,3.25,12.25,19.25,97.5,0.50125,0.468,0.274,0.27225,23.275,74.17500000000001,47.25,51.3,6.424999999999999,5.425,11.075,100.0,101.975,116.275,49.33125,49.33125,1.97575,0.37424999999999997
201602210ORL,IND,240.0,37.75,83.5,0.4535,5.75,19.5,0.331,18.0,24.75,0.7235,9.5,35.0,44.5,20.0,7.5,4.5,13.5,18.5,99.25,0.52775,0.48825,0.23425,0.3045,21.65,75.95,49.425000000000004,52.45,7.75,7.25,12.525,100.0,102.55000000000001,104.925,49.628125,49.628125,2.00225,0.404,IND,240.0,38.5,88.75,0.43700000000000006,9.25,30.5,0.3035,15.25,21.5,0.7532500000000001,11.0,34.5,45.5,19.75,7.25,4.25,13.0,21.0,101.5,0.5197499999999999,0.49050000000000005,0.34675,0.2485,24.05,78.35,50.574999999999996,50.400000000000006,7.4750000000000005,6.35,11.725000000000001,100.0,104.925,102.55000000000001,50.48125,50.48125,2.017,0.39025
201602210PHO,SAS,240.0,42.0,87.25,0.48050000000000004,6.0,15.75,0.391,15.5,18.5,0.8520000000000001,10.0,29.75,39.75,24.5,8.25,6.5,12.0,16.75,105.5,0.55125,0.515,0.18075,0.21174999999999997,24.175,78.725,49.8,58.3,8.675,10.375,11.200000000000001,100.0,111.3,109.39999999999999,49.018750000000004,49.018750000000004,2.15775,0.502,SAS,240.0,39.0,80.0,0.493,8.5,19.75,0.41700000000000004,17.25,21.5,0.8045,8.5,32.0,40.5,22.5,6.75,5.75,16.25,18.75,103.75,0.58325,0.546,0.246,0.274,21.275,75.825,50.2,57.95,7.1,8.174999999999999,15.475,100.0,109.39999999999999,111.3,48.98125,48.98125,2.12075,0.45875
201602210POR,UTA,246.25,37.25,76.75,0.485,6.75,21.25,0.3165,23.0,32.5,0.7195,10.25,36.5,46.75,21.0,5.5,4.75,16.25,23.25,104.25,0.5725,0.5305,0.279,0.4365,25.700000000000003,83.45,56.125,57.375,5.8,8.05,15.225,100.0,110.05,109.45,49.09375,50.419596354999996,2.125,0.428,UTA,246.25,36.75,81.0,0.4535,8.25,22.75,0.36725,22.0,29.75,0.7094999999999999,7.25,29.25,36.5,22.5,9.0,4.25,9.5,23.25,103.75,0.55225,0.505,0.28425,0.37275,16.55,74.30000000000001,43.875,61.3,9.475,7.6000000000000005,9.175,100.0,109.45,110.05000000000001,48.690625,49.985872395,2.131,0.46225
201602210TOR,MEM,252.5,43.0,85.5,0.50275,8.0,20.75,0.3855,14.5,20.5,0.7170000000000001,8.25,33.5,41.75,22.0,9.0,3.5,12.5,22.5,108.5,0.5745,0.5495,0.24275,0.24075,21.35,78.4,51.525,50.900000000000006,9.6,6.824999999999999,11.649999999999999,100.0,113.325,109.175,49.74375,52.45143229,2.1877500000000003,0.44525,MEM,252.5,36.5,80.75,0.451,11.75,28.75,0.41575,20.25,25.75,0.77025,9.0,30.0,39.0,24.5,6.5,3.75,14.5,20.25,105.0,0.57075,0.5242500000000001,0.35375,0.32025,21.6,78.65,48.475,68.69999999999999,6.7,5.825,13.725,100.0,109.175,113.32499999999999,49.240624999999994,51.886132812499994,2.1285,0.499
201602220ATL,GSW,240.0,39.75,89.25,0.44675,12.25,34.75,0.35275,22.0,27.25,0.808,10.5,35.75,46.25,27.25,8.0,4.75,14.75,21.0,113.75,0.5627500000000001,0.5155000000000001,0.38975000000000004,0.306,22.35,75.75,49.275000000000006,68.525,7.699999999999999,7.549999999999999,12.65,100.0,110.55,111.975,53.221875,53.221875,2.14225,0.514,GSW,240.0,43.0,92.75,0.46225000000000005,12.25,30.0,0.402,17.5,24.5,0.7282500000000001,11.5,36.0,47.5,24.25,9.0,4.0,14.25,22.5,115.75,0.55775,0.52825,0.32425000000000004,0.26675000000000004,24.275,77.64999999999999,50.724999999999994,56.75,8.700000000000001,7.425,12.075000000000001,100.0,111.975,110.55,53.56875,53.56875,2.1605,0.4535
201602220CLE,DET,240.0,36.5,84.75,0.43125,9.25,27.75,0.331,11.0,18.25,0.635,8.75,32.0,40.75,18.5,5.75,4.75,13.25,20.5,93.25,0.50225,0.4855,0.327,0.215,18.625,82.32499999999999,47.6,50.525,6.0249999999999995,7.75,12.55,100.0,98.4,109.65,48.959375,48.959375,1.902,0.379,DET,240.0,38.75,79.25,0.49150000000000005,7.0,20.25,0.34600000000000003,19.25,24.0,0.80225,7.25,38.0,45.25,24.0,7.75,3.0,12.75,18.75,103.75,0.58125,0.5369999999999999,0.2575,0.3005,17.675,81.375,52.4,62.199999999999996,8.275,5.200000000000001,12.474999999999998,100.0,109.64999999999999,98.39999999999999,48.075,48.075,2.1599999999999997,0.50075
201602220LAC,PHO,240.0,37.75,85.25,0.444,6.75,22.75,0.2665,23.0,29.5,0.7695,10.25,32.75,43.0,23.0,7.25,5.25,17.0,29.0,105.25,0.5369999999999999,0.48275,0.2655,0.35875,23.325,75.05,48.724999999999994,61.975,7.175000000000001,9.65,14.75,100.0,103.55,115.125,53.00625,53.00625,1.9915,0.4355,PHO,240.0,39.75,83.5,0.477,11.5,28.25,0.4305,26.0,37.25,0.71675,10.75,34.5,45.25,22.5,11.5,6.25,14.75,25.75,117.0,0.586,0.545,0.335,0.453,24.95,76.675,51.275000000000006,56.825,11.15,9.825,12.775,100.0,115.125,103.55,52.596875,52.596875,2.23125,0.429
201602220MIA,IND,240.0,37.75,85.0,0.44375000000000003,6.5,22.75,0.2885,15.5,22.75,0.6832499999999999,8.75,36.5,45.25,21.25,7.5,5.75,14.75,18.5,97.5,0.5137499999999999,0.48225000000000007,0.27125,0.273,19.125,76.7,48.800000000000004,55.50000000000001,7.575,8.975,13.375,100.0,98.0,101.77499999999999,50.903125,50.903125,1.91575,0.417,IND,240.0,38.5,91.75,0.42125,8.0,28.5,0.28250000000000003,16.0,21.0,0.7880000000000001,11.0,36.25,47.25,23.0,8.5,4.25,13.0,20.25,101.0,0.5025,0.46524999999999994,0.311,0.23025,23.3,80.875,51.199999999999996,58.97500000000001,8.475,6.5,11.425,100.0,101.775,98.0,51.8625,51.8625,1.95275,0.44325000000000003
201602220MIL,LAL,240.0,37.5,88.25,0.4275,9.5,26.5,0.37025,22.0,28.0,0.79375,13.5,30.25,43.75,15.5,6.25,3.25,11.25,20.0,106.5,0.5325,0.482,0.3,0.3175,29.125,73.975,49.900000000000006,41.775,6.6,5.175,10.125,100.0,113.9,121.475,49.65,49.65,2.15175,0.3135,LAL,240.0,42.75,84.75,0.5025000000000001,9.0,22.25,0.43775,19.0,23.75,0.8034999999999999,10.5,33.5,44.0,24.75,5.5,5.5,10.0,20.5,113.5,0.59675,0.5555,0.26325,0.28700000000000003,26.025,70.875,50.099999999999994,56.7,5.824999999999999,8.825,9.45,100.0,121.47500000000001,113.89999999999999,47.765625,47.765625,2.3915,0.5245
201602220MIN,BOS,246.25,40.75,89.25,0.4535,10.0,29.75,0.333,24.5,29.25,0.84875,11.0,31.25,42.25,28.0,8.75,2.25,13.0,28.0,116.0,0.566,0.50925,0.33275,0.33125,25.025,78.6,50.05,68.05,8.75,4.25,11.175,100.0,113.975,113.1,52.571875000000006,54.06373698,2.1957500000000003,0.528,BOS,246.25,40.0,78.5,0.50975,8.75,23.25,0.37224999999999997,25.75,37.75,0.685,8.5,33.75,42.25,22.75,6.75,7.0,16.75,25.25,114.5,0.6014999999999999,0.5660000000000001,0.29875,0.49050000000000005,21.400000000000002,74.975,49.949999999999996,56.95,6.6,11.850000000000001,15.049999999999999,100.0,113.1,113.975,52.340625,53.8217447925,2.1885,0.43624999999999997
201602220NYK,TOR,240.0,37.25,81.25,0.46225,8.25,24.25,0.35025,22.0,28.5,0.7787499999999999,8.25,33.75,42.0,18.75,6.25,5.25,10.25,24.25,104.75,0.5645,0.51475,0.29924999999999996,0.346,18.75,75.275,48.65,49.85,6.725,8.15,10.100000000000001,100.0,112.425,108.975,48.39375,48.39375,2.16775,0.389,TOR,240.0,36.75,81.25,0.44875,5.5,19.5,0.29,22.75,30.5,0.70075,11.0,33.25,44.25,22.25,5.5,4.25,11.25,22.75,101.75,0.5349999999999999,0.48224999999999996,0.24225,0.3865,24.724999999999998,81.25,51.35,59.275,5.925000000000001,7.3,10.700000000000001,100.0,108.975,112.425,47.99375,47.99375,2.1145,0.46075
201602230DEN,SAC,240.0,42.0,86.75,0.4835,8.25,21.5,0.3755,20.0,27.0,0.74425,9.25,32.0,41.25,26.25,11.25,5.75,16.5,20.25,112.25,0.56875,0.531,0.24775000000000003,0.315,21.375,71.3,46.375,62.699999999999996,10.724999999999998,9.275,14.274999999999999,100.0,108.30000000000001,112.85,53.412499999999994,53.412499999999994,2.10475,0.49524999999999997,SAC,240.0,45.0,91.5,0.49200000000000005,13.0,29.5,0.44025000000000003,14.0,19.25,0.7357500000000001,12.75,34.75,47.5,29.0,9.25,6.25,18.75,22.75,117.0,0.5855,0.56275,0.32199999999999995,0.21075,28.699999999999996,78.625,53.625,64.39999999999999,8.9,9.475,15.75,100.0,112.85000000000001,108.3,53.321875000000006,53.321875000000006,2.1959999999999997,0.5445
201602230PHI,ORL,252.5,40.5,94.25,0.4305,9.25,27.25,0.34025000000000005,16.0,21.0,0.78475,11.0,40.25,51.25,28.75,10.0,5.5,13.5,20.75,106.25,0.5135,0.479,0.28750000000000003,0.22474999999999998,22.5,84.27499999999999,53.025,70.7,9.600000000000001,9.075,11.575,100.0,102.725,100.9,53.362500000000004,56.20787760500001,1.9892500000000002,0.53775,ORL,252.5,39.75,88.0,0.4525,12.0,28.5,0.41300000000000003,12.75,18.5,0.70275,7.5,37.5,45.0,26.0,7.5,6.75,16.5,17.75,104.25,0.5427500000000001,0.5205,0.3235,0.21100000000000002,15.725000000000001,77.5,46.975,65.225,7.249999999999999,9.975,14.649999999999999,100.0,100.9,102.72500000000001,52.89375,55.719921875,1.9720000000000002,0.49199999999999994
201602230POR,BRK,240.0,38.0,79.75,0.476,8.25,20.0,0.418,15.75,19.5,0.80225,8.0,31.5,39.5,24.25,8.0,4.5,14.0,13.75,100.0,0.5662499999999999,0.5285000000000001,0.25375,0.2455,20.525,77.775,49.37499999999999,64.55,8.55,7.6499999999999995,13.725000000000001,100.0,107.85,112.15,47.506249999999994,47.506249999999994,2.1045,0.511,BRK,240.0,40.75,84.25,0.48375,9.5,24.5,0.39125,12.75,14.5,0.8752499999999999,9.0,31.5,40.5,23.25,9.5,2.75,13.25,18.0,103.75,0.573,0.54075,0.29250000000000004,0.1735,22.225,79.475,50.62500000000001,57.0,10.325,4.425,12.75,100.0,112.15,107.85,47.69375,47.69375,2.179,0.489
201602230UTA,HOU,240.0,34.0,79.75,0.42624999999999996,9.5,31.75,0.30100000000000005,24.5,38.75,0.636,11.5,32.75,44.25,20.0,10.75,3.75,18.75,24.25,102.0,0.525,0.48525000000000007,0.39925,0.488,25.55,69.15,47.975,58.300000000000004,10.65,6.95,16.25,100.0,101.17500000000001,108.375,52.703125,52.703125,1.93175,0.37925,HOU,240.0,37.5,88.0,0.42425,10.5,33.0,0.31675000000000003,23.25,29.5,0.7827500000000001,14.75,33.25,48.0,23.25,9.5,5.0,16.5,26.75,108.75,0.5369999999999999,0.48425,0.37650000000000006,0.3375,30.849999999999998,74.45,52.025000000000006,62.875,9.575000000000001,10.375,14.024999999999999,100.0,108.375,101.17500000000001,51.88125,51.88125,2.09825,0.44825
201602230WAS,NOP,240.0,39.75,84.25,0.47275,5.5,18.0,0.30524999999999997,21.75,28.5,0.7490000000000001,9.5,31.5,41.0,21.25,9.75,2.75,11.75,20.0,106.75,0.5515,0.5055000000000001,0.21425,0.34,22.225,80.44999999999999,49.525,53.375,9.950000000000001,5.4,10.7,100.0,109.05,111.52499999999999,50.01875,50.01875,2.1325,0.42600000000000005,NOP,240.0,38.75,80.25,0.48400000000000004,10.75,28.25,0.379,21.0,27.75,0.766,7.75,34.0,41.75,21.25,7.5,5.0,16.25,23.25,109.25,0.593,0.5505,0.3495,0.34950000000000003,19.55,77.775,50.47500000000001,54.6,7.6000000000000005,7.475,15.075,100.0,111.52499999999999,109.05000000000001,50.965625,50.965625,2.141,0.41625
201602240CHI,WAS,240.0,40.25,89.25,0.45275,7.25,22.0,0.32625000000000004,13.25,21.25,0.61825,8.25,37.5,45.75,23.25,8.25,5.75,10.0,21.75,101.0,0.515,0.49375,0.2475,0.2425,16.950000000000003,76.825,47.474999999999994,57.9,8.35,9.025,9.225,100.0,102.875,96.375,50.546875,50.546875,2.0027500000000003,0.462,WAS,240.0,35.5,84.5,0.41725,4.75,18.5,0.24650000000000002,18.75,26.75,0.68075,11.25,39.75,51.0,18.25,5.25,5.5,14.5,19.5,94.5,0.48975,0.44625000000000004,0.22175000000000003,0.3185,23.174999999999997,83.05,52.525,52.275,5.25,7.949999999999999,13.1,100.0,96.375,102.875,50.228125,50.228125,1.88775,0.364
201602240CLE,CHO,240.0,39.25,83.0,0.47275,11.25,30.5,0.36950000000000005,17.0,20.75,0.8322499999999999,8.5,36.25,44.75,20.0,8.0,5.75,14.5,17.25,106.75,0.57975,0.5409999999999999,0.36850000000000005,0.25125,21.075000000000003,77.475,51.175000000000004,50.75,8.299999999999999,8.625,13.6,100.0,111.875,98.725,49.428125,49.428125,2.16325,0.40725,CHO,240.0,36.5,86.0,0.425,6.5,21.0,0.30425,14.75,18.5,0.789,10.25,32.0,42.25,22.25,6.75,6.75,13.5,17.0,94.25,0.50125,0.463,0.24525000000000002,0.2185,22.525,78.925,48.825,61.425000000000004,7.075,13.175,12.425,100.0,98.72500000000001,111.875,49.01875,49.01875,1.923,0.4545
201602240DAL,OKC,240.0,41.5,89.25,0.4665,9.25,28.0,0.315,16.0,20.5,0.79425,11.5,32.25,43.75,25.25,6.75,5.75,13.75,23.25,108.25,0.5515,0.5195,0.316,0.23374999999999999,27.475,75.875,52.25000000000001,60.8,7.125,9.05,12.25,100.0,112.825,109.19999999999999,50.618750000000006,50.618750000000006,2.1375,0.49750000000000005,OKC,240.0,38.75,82.25,0.47375,5.75,18.0,0.28075,21.0,28.0,0.7375,9.75,30.5,40.25,22.75,8.5,3.75,11.75,20.5,104.25,0.5532499999999999,0.508,0.21775,0.34875,24.125,72.525,47.75,58.6,8.775,6.05,11.05,100.0,109.20000000000002,112.82499999999999,48.775,48.775,2.1442500000000004,0.46799999999999997
201602240DET,PHI,240.0,40.5,80.75,0.50325,12.25,27.75,0.4445,17.25,24.0,0.7135,8.75,28.0,36.75,22.75,8.75,5.5,18.75,27.0,110.5,0.60625,0.5787500000000001,0.3425,0.30225,20.7,67.9,45.25,55.975,8.9,8.45,17.025,100.0,112.475,124.39999999999999,51.074999999999996,51.074999999999996,2.1635,0.44599999999999995,PHI,240.0,41.75,84.5,0.494,7.75,20.25,0.386,30.75,36.5,0.83925,13.25,31.0,44.25,25.0,9.5,3.75,12.5,19.75,122.0,0.60675,0.54025,0.23975000000000002,0.43324999999999997,32.1,79.3,54.75,59.775000000000006,9.600000000000001,7.1,11.025,100.0,124.4,112.47500000000001,50.54375,50.54375,2.41575,0.49549999999999994
201602240IND,NYK,240.0,39.75,83.0,0.47875,7.25,22.25,0.32175,14.25,17.75,0.8182499999999999,9.5,35.75,45.25,19.25,4.5,5.25,13.75,19.0,101.0,0.557,0.5225,0.26825,0.21400000000000002,23.75,83.04999999999998,54.599999999999994,48.675,4.8,8.2,13.1,100.0,108.69999999999999,117.825,47.840625,47.840625,2.1115,0.40225,NYK,240.0,40.75,83.75,0.48650000000000004,10.0,20.0,0.48574999999999996,17.75,23.75,0.7525,7.25,30.75,38.0,25.5,9.5,5.5,7.5,16.25,109.25,0.5802499999999999,0.547,0.24024999999999996,0.28475,16.95,76.25,45.4,62.95,10.174999999999999,9.049999999999999,7.425,100.0,117.825,108.7,47.640625,47.640625,2.29725,0.53575
201602240LAC,DEN,240.0,39.0,86.5,0.45325000000000004,7.5,22.75,0.32625,20.5,26.5,0.774,8.75,34.0,42.75,24.25,10.75,4.0,16.5,22.5,106.0,0.54175,0.496,0.2635,0.316,18.625,79.75,47.975,61.95,10.375,6.300000000000001,14.45,100.0,102.27499999999999,106.55,53.41875,53.41875,1.9865,0.45475,DEN,240.0,42.25,87.75,0.48225,9.25,24.25,0.39275,17.0,21.5,0.80775,8.75,37.5,46.25,24.25,9.25,7.5,17.25,21.5,110.75,0.56875,0.5347500000000001,0.27375000000000005,0.249,20.249999999999996,81.375,52.025000000000006,56.87499999999999,8.825,11.2,15.0,100.0,106.55,102.275,53.23125,53.23125,2.076,0.45699999999999996
201602240MEM,LAL,240.0,37.25,84.0,0.4415,10.5,25.0,0.4165,25.0,32.25,0.7835,12.75,29.75,42.5,16.75,5.5,3.25,12.5,20.0,110.0,0.56125,0.505,0.3015,0.389,28.925000000000004,74.25,50.425000000000004,46.65,5.875,4.925,11.350000000000001,100.0,117.775,126.62500000000001,49.534375000000004,49.534375000000004,2.22375,0.33825,LAL,240.0,46.0,86.75,0.53125,9.25,19.5,0.479,17.0,21.75,0.77925,10.25,31.5,41.75,29.5,6.0,6.25,8.0,22.0,118.25,0.61575,0.585,0.22324999999999998,0.254,25.75,71.075,49.575,64.4,6.375,10.925,7.674999999999999,100.0,126.625,117.77499999999999,47.415625,47.415625,2.5,0.62225
201602240MIA,GSW,240.0,38.5,88.0,0.43925,12.75,37.5,0.34224999999999994,18.75,23.75,0.7949999999999999,8.5,36.25,44.75,27.75,10.25,5.25,15.0,18.75,108.5,0.55225,0.51175,0.42575,0.2705,17.724999999999998,78.075,47.900000000000006,71.85,9.925,8.625,13.125000000000002,100.0,105.02499999999999,107.225,52.89062499999999,52.89062499999999,2.0545,0.52725,GSW,240.0,42.75,92.5,0.46075000000000005,11.5,30.25,0.377,14.25,19.75,0.7202500000000001,10.25,38.25,48.5,24.0,8.75,4.75,15.5,21.25,111.25,0.5469999999999999,0.5225,0.32825000000000004,0.21275,21.95,82.27499999999999,52.099999999999994,56.5,8.425,9.725,13.3,100.0,107.225,105.02499999999999,53.565625,53.565625,2.0727499999999996,0.4485
201602240SAC,SAS,240.0,41.0,85.5,0.47950000000000004,7.0,16.25,0.44,16.25,20.5,0.831,9.25,30.25,39.5,24.0,8.25,7.75,12.5,17.5,105.25,0.55525,0.5207499999999999,0.19025000000000003,0.2425,22.35,72.55,47.2,58.375,8.575,11.9,11.675,100.0,110.05,111.05,49.243750000000006,49.243750000000006,2.14225,0.49,SAS,240.0,39.75,85.75,0.46575,9.75,22.75,0.4275,17.0,21.0,0.8092499999999999,11.5,32.75,44.25,23.75,6.5,5.75,15.25,21.25,106.25,0.56175,0.52375,0.26775000000000004,0.2475,27.45,77.65,52.8,59.95,6.775,8.4,13.925,100.0,111.05,110.05,49.7375,49.7375,2.13875,0.47675
201602240TOR,MIN,240.0,36.25,79.5,0.45525,7.0,16.75,0.41475,30.5,37.25,0.82025,11.25,31.0,42.25,23.75,6.5,6.0,12.75,18.5,110.0,0.573,0.49950000000000006,0.21375,0.4725,26.325,73.925,49.5,66.5,6.8,9.5,11.6,100.0,114.7,116.30000000000001,49.346875,49.346875,2.22675,0.4815,MIN,240.0,42.5,88.0,0.483,8.0,24.25,0.32675,18.5,23.25,0.80875,10.75,32.0,42.75,21.5,8.25,6.0,11.75,26.0,111.5,0.5680000000000001,0.52825,0.27449999999999997,0.2685,26.075,73.675,50.5,49.75,8.425,9.725,10.725000000000001,100.0,116.30000000000001,114.69999999999999,50.021875,50.021875,2.2295,0.42425
201602250BOS,MIL,252.5,40.5,88.25,0.45925,4.75,16.5,0.28574999999999995,19.0,27.5,0.69225,12.75,40.75,53.5,25.25,9.75,8.25,16.25,21.0,104.75,0.52325,0.48725,0.18875000000000003,0.312,27.625,81.0,55.575,62.625,9.45,14.875,13.900000000000002,100.0,101.9,97.37499999999999,52.40625,55.5104166675,2.0015,0.487,MIL,252.5,35.75,89.0,0.39974999999999994,9.0,33.25,0.27799999999999997,19.5,25.75,0.75425,9.5,33.0,42.5,21.75,9.75,5.5,16.0,22.75,100.0,0.49975,0.452,0.37324999999999997,0.3045,19.0,72.375,44.425,60.849999999999994,9.475000000000001,7.6499999999999995,13.8,100.0,97.375,101.89999999999999,53.865625,57.004947917500004,1.8587500000000001,0.39875
201602250NOP,OKC,240.0,41.75,90.25,0.46375,8.5,28.0,0.29225,14.75,18.5,0.807,11.5,35.75,47.25,26.5,6.0,5.75,13.5,22.75,106.75,0.54325,0.51175,0.31174999999999997,0.20725,27.1,76.325,53.22500000000001,63.375,6.3500000000000005,9.175,12.025,100.0,111.47500000000001,108.625,50.518750000000004,50.518750000000004,2.1122500000000004,0.524,OKC,240.0,38.25,85.5,0.44875,7.75,22.25,0.33825,19.25,25.75,0.73875,10.75,31.0,41.75,23.75,8.75,3.75,10.0,18.25,103.5,0.5359999999999999,0.49425,0.2615,0.3025,23.675,72.9,46.775000000000006,62.3,9.049999999999999,5.9,9.375,100.0,108.625,111.475,48.490625,48.490625,2.1412500000000003,0.49124999999999996
201602250ORL,GSW,240.0,39.75,88.25,0.452,12.5,34.5,0.37074999999999997,18.0,22.75,0.798,8.75,34.25,43.0,27.5,9.0,4.0,15.0,19.25,110.0,0.56075,0.523,0.39125,0.2585,18.675,76.775,47.474999999999994,69.325,8.875,6.9,13.15,100.0,108.14999999999999,110.725,52.653124999999996,52.653124999999996,2.09225,0.5245000000000001,GSW,240.0,42.5,90.75,0.46675000000000005,11.5,28.5,0.41275,16.75,22.0,0.74825,10.5,37.0,47.5,23.5,9.0,5.25,14.0,21.25,113.25,0.561,0.52925,0.3125,0.2435,23.25,81.325,52.525000000000006,55.575,8.775,9.9,12.25,100.0,110.725,108.14999999999999,52.349999999999994,52.349999999999994,2.1567499999999997,0.44775
201602250PHO,BRK,240.0,38.25,82.0,0.46575,6.75,18.25,0.362,16.5,20.5,0.7995,9.0,32.5,41.5,23.0,9.0,3.5,13.5,16.0,99.75,0.54875,0.5085,0.22825,0.252,21.925,80.575,50.85,61.324999999999996,9.525,6.225,13.0,100.0,106.275,112.89999999999999,48.118750000000006,48.118750000000006,2.07225,0.48,BRK,240.0,40.25,81.75,0.49200000000000005,9.75,24.0,0.41000000000000003,15.5,17.5,0.88375,7.75,32.25,40.0,23.25,8.5,3.75,14.0,18.5,105.75,0.591,0.5522499999999999,0.29500000000000004,0.21575,19.425,78.075,49.15,57.725,9.2,5.55,13.525,100.0,112.9,106.275,48.15625,48.15625,2.199,0.48450000000000004
201602250POR,HOU,246.25,36.75,82.25,0.44849999999999995,10.5,31.25,0.3335,26.75,41.5,0.64175,11.25,31.0,42.25,21.0,11.25,3.75,16.5,26.0,110.75,0.55125,0.512,0.38,0.50825,25.275,72.7,48.425,57.10000000000001,10.95,7.025,14.125,100.0,108.6,112.1,53.60625,55.03170573,2.06625,0.39349999999999996,HOU,246.25,38.25,84.75,0.45225,10.25,30.25,0.3425,27.25,33.25,0.82375,11.75,33.0,44.75,23.5,8.5,4.5,16.5,28.75,114.0,0.57475,0.513,0.35700000000000004,0.4,27.299999999999997,74.725,51.575,62.35,8.375,8.6,14.274999999999999,100.0,112.1,108.6,52.646875,54.0147135425,2.17,0.44675
201602250UTA,SAS,240.0,42.5,84.5,0.5022500000000001,7.0,16.0,0.44525,15.75,20.5,0.79775,8.0,33.0,41.0,24.5,10.0,7.0,13.25,18.0,107.75,0.5745,0.544,0.19,0.24424999999999997,20.375,75.0,48.8,57.35,10.175,10.600000000000001,12.4,100.0,110.80000000000001,108.425,49.743750000000006,49.743750000000006,2.1717500000000003,0.495,SAS,240.0,40.25,87.0,0.4655,9.25,22.25,0.41075,15.5,20.75,0.72375,10.75,32.0,42.75,24.0,8.0,4.25,15.0,20.25,105.25,0.55125,0.5205000000000001,0.25975,0.2425,25.0,79.625,51.2,59.675,8.125,6.25,13.6,100.0,108.425,110.80000000000001,50.553125,50.553125,2.091,0.47350000000000003
201602260ATL,CHI,240.0,43.25,88.25,0.49275,9.0,19.75,0.46275000000000005,16.0,21.0,0.754,10.25,36.25,46.5,25.0,4.0,4.75,11.25,22.25,111.5,0.57575,0.54475,0.22499999999999998,0.24075,22.9,74.92499999999998,50.3,56.6,4.074999999999999,6.874999999999999,10.25,100.0,115.475,111.525,49.6125,49.6125,2.261,0.50825,CHI,240.0,40.25,90.5,0.4445,7.0,22.75,0.306,20.25,27.5,0.7537499999999999,12.0,33.75,45.75,18.75,7.75,5.75,9.0,20.75,107.75,0.52525,0.483,0.2515,0.30424999999999996,25.075,77.1,49.7,47.025,7.925,8.275,8.075,100.0,111.525,115.475,50.28125,50.28125,2.1455,0.37249999999999994
201602260DAL,DEN,240.0,37.75,88.25,0.43025,7.5,24.0,0.30974999999999997,19.0,24.75,0.7672500000000001,10.25,35.0,45.25,22.5,11.0,3.75,17.5,22.75,102.0,0.51575,0.47225000000000006,0.273,0.29100000000000004,20.7,79.225,48.474999999999994,59.150000000000006,10.600000000000001,6.35,15.125,100.0,97.95,103.525,53.628125000000004,53.628125000000004,1.898,0.41774999999999995,DEN,240.0,40.25,87.0,0.46249999999999997,10.0,29.0,0.37099999999999994,17.5,23.25,0.73625,9.25,38.25,47.5,23.75,11.25,7.75,18.0,21.75,108.0,0.5535,0.51975,0.33225000000000005,0.27025,20.775,79.3,51.525000000000006,58.87499999999999,10.875,11.475,15.6,100.0,103.52499999999999,97.94999999999999,53.396875,53.396875,2.01475,0.4455
201602260IND,CHO,240.0,39.75,82.0,0.485,10.25,28.75,0.3585,15.75,19.75,0.8147499999999999,8.0,33.5,41.5,20.75,8.25,4.25,14.75,17.5,105.5,0.582,0.5479999999999999,0.35150000000000003,0.243,19.9,74.8,48.7,52.025000000000006,8.575,6.3999999999999995,13.975000000000001,100.0,110.675,104.95,49.065625,49.065625,2.15375,0.42625,CHO,240.0,39.0,86.25,0.4515,7.25,22.75,0.30574999999999997,14.75,19.25,0.7542500000000001,11.25,32.5,43.75,22.5,8.25,5.0,14.0,16.5,100.0,0.5277499999999999,0.49350000000000005,0.26375000000000004,0.22625,25.2,80.1,51.3,58.025000000000006,8.675,9.15,12.825000000000001,100.0,104.95,110.675,49.071875,49.071875,2.0404999999999998,0.45899999999999996
201602260LAL,MEM,240.0,40.25,82.25,0.486,8.0,22.0,0.3535,19.25,25.25,0.7717499999999999,10.0,31.75,41.75,20.5,10.0,3.5,11.5,21.75,107.75,0.5755,0.53375,0.2675,0.31075,24.275,74.975,49.725,50.225,10.825,7.05,10.950000000000001,100.0,115.925,110.4,47.871874999999996,47.871874999999996,2.248,0.42875,MEM,240.0,34.0,78.75,0.432,11.5,28.75,0.40225,23.25,28.5,0.80425,10.75,31.5,42.25,19.5,5.0,3.25,14.75,20.0,102.75,0.563,0.505,0.3615,0.35975,25.025,75.725,50.275,58.449999999999996,5.3500000000000005,5.3999999999999995,14.049999999999999,100.0,110.4,115.92500000000001,48.143750000000004,48.143750000000004,2.134,0.40650000000000003
201602260NYK,ORL,246.25,40.25,92.0,0.4395,9.25,25.0,0.384,22.75,28.75,0.79425,11.5,35.5,47.0,25.25,11.0,3.25,13.0,20.5,112.5,0.53825,0.48925,0.268,0.31975,24.400000000000002,84.5,52.525,62.9,10.5,5.8,11.05,100.0,107.625,108.45,53.578125,54.9853515625,2.104,0.472,ORL,246.25,43.5,84.5,0.5155,12.75,27.75,0.4585,13.75,20.25,0.67425,6.25,35.5,41.75,26.75,7.75,5.0,20.25,21.75,113.5,0.608,0.59025,0.326,0.24225000000000002,15.500000000000002,75.6,47.47500000000001,61.275,7.425,7.5,17.85,100.0,108.45,107.625,54.059375,55.4858072925,2.10075,0.4955
201602260PHI,WAS,240.0,39.25,90.25,0.43624999999999997,7.75,24.5,0.30925,15.0,22.5,0.65825,9.0,38.25,47.25,21.75,7.5,4.25,10.0,22.25,101.25,0.508,0.47950000000000004,0.27299999999999996,0.25375,17.7,79.6,48.175,55.525000000000006,7.4750000000000005,6.55,9.075,100.0,102.25,100.55000000000001,50.96875,50.96875,1.991,0.42925,WAS,240.0,38.75,87.25,0.4415,5.75,20.5,0.26675000000000004,16.25,23.5,0.68575,10.0,41.5,51.5,19.75,4.5,4.5,12.5,19.75,99.5,0.509,0.47524999999999995,0.23825000000000002,0.26975,20.4,82.3,51.824999999999996,50.925,4.425000000000001,6.549999999999999,11.4,100.0,100.55000000000001,102.25,50.45625,50.45625,1.9765000000000001,0.39125
201602260SAC,LAC,240.0,38.75,84.25,0.4625,12.75,32.75,0.4165,15.25,21.75,0.70275,10.5,38.0,48.5,23.75,9.75,7.0,16.25,21.0,105.5,0.5619999999999999,0.53825,0.38625,0.2625,23.8,81.82499999999999,53.75,61.325,9.95,10.925,14.849999999999998,100.0,107.25,94.7,50.165625000000006,50.165625000000006,2.1007499999999997,0.47274999999999995,LAC,240.0,35.5,85.75,0.41600000000000004,7.0,24.0,0.283,15.0,19.5,0.771,8.75,33.75,42.5,22.25,9.5,2.0,15.25,19.0,93.0,0.49374999999999997,0.45699999999999996,0.28075,0.22849999999999998,18.174999999999997,76.225,46.25,61.975,9.7,3.9749999999999996,13.9,100.0,94.7,107.25,50.75625,50.75625,1.83175,0.43775
201602260TOR,CLE,240.0,40.5,85.25,0.475,9.5,26.25,0.36025,15.25,18.5,0.826,10.25,36.75,47.0,22.75,7.75,3.0,12.0,21.0,105.75,0.5655,0.5305,0.30824999999999997,0.21925,24.0,78.0,51.900000000000006,56.175,8.200000000000001,4.55,11.475,100.0,112.82499999999999,102.80000000000001,47.89375,47.89375,2.2127499999999998,0.47624999999999995,CLE,240.0,37.0,84.75,0.43975,7.75,24.0,0.321,14.75,22.25,0.6615,10.75,32.75,43.5,18.5,7.5,4.0,12.5,19.25,96.5,0.51375,0.48650000000000004,0.2885,0.26649999999999996,22.0,76.0,48.099999999999994,50.0,8.025,6.85,11.7,100.0,102.8,112.825,48.534375000000004,48.534375000000004,1.99025,0.384
201602270BOS,MIA,246.25,42.25,92.5,0.45875,4.5,15.0,0.28425,21.5,30.25,0.7092499999999999,15.0,41.25,56.25,22.0,7.75,6.5,11.75,19.75,110.5,0.525,0.48375,0.16375,0.3275,29.525000000000002,82.025,55.825,51.95,7.550000000000001,9.25,9.975,100.0,108.725,102.275,51.809374999999996,53.243619792500006,2.1407499999999997,0.42625,MIA,246.25,39.75,92.0,0.43325,9.25,25.25,0.34425,15.25,21.0,0.751,9.0,34.75,43.75,20.0,6.75,4.0,13.0,24.0,104.0,0.517,0.48475,0.2775,0.22775,17.975,70.475,44.175,50.10000000000001,6.625,5.1000000000000005,11.4,100.0,102.275,108.72500000000001,52.9875,54.40514322999999,1.9635,0.37675
201602270CHI,POR,240.0,42.0,86.75,0.48300000000000004,13.0,30.0,0.437,20.25,27.0,0.763,12.25,31.75,44.0,23.5,7.25,4.75,15.25,22.5,117.25,0.5945,0.55775,0.34775,0.31174999999999997,26.875,71.425,49.7,56.15,7.225,7.225,13.524999999999999,100.0,118.075,111.10000000000001,51.2875,51.2875,2.2824999999999998,0.45674999999999993,POR,240.0,41.5,87.5,0.47650000000000003,8.25,22.75,0.362,18.5,26.25,0.7195,12.5,32.0,44.5,22.0,9.25,5.25,15.0,22.0,109.75,0.5549999999999999,0.524,0.26075000000000004,0.30224999999999996,28.575,73.125,50.3,53.65,9.35,9.45,13.05,100.0,111.10000000000001,118.075,51.234375,51.234375,2.14975,0.42800000000000005
201602270HOU,SAS,240.0,43.25,83.5,0.517,8.25,16.25,0.5115000000000001,15.5,19.75,0.827,9.0,34.5,43.5,24.0,8.5,7.75,12.25,18.0,110.25,0.597,0.567,0.19575,0.23700000000000002,23.65,77.925,52.75,54.95,8.775,11.725000000000001,11.7,100.0,116.42500000000001,103.9,48.065625,48.065625,2.2960000000000003,0.498,SAS,240.0,38.75,86.75,0.44775000000000004,7.0,20.25,0.33475,14.0,18.75,0.72375,9.75,29.5,39.25,22.0,7.5,3.0,13.25,17.75,98.5,0.5185,0.48825,0.23475,0.21750000000000003,22.075,76.35,47.25,56.3,7.8,4.425,12.25,100.0,103.9,116.42500000000001,49.578125,49.578125,1.98725,0.439
201602270MIL,DET,240.0,37.0,83.5,0.444,9.5,27.25,0.34525,16.25,26.0,0.617,8.25,35.5,43.75,17.5,7.75,3.25,13.0,19.75,99.75,0.5249999999999999,0.5005000000000001,0.32525,0.31,18.625,80.675,49.650000000000006,47.0,7.95,5.475,12.025000000000002,100.0,103.25,100.6,50.3,50.3,1.979,0.34624999999999995,DET,240.0,36.0,81.5,0.44175,6.5,22.75,0.28250000000000003,18.5,23.5,0.802,8.5,36.0,44.5,21.5,6.5,3.25,13.75,21.25,97.0,0.52775,0.48175,0.28025,0.287,19.325,81.375,50.35,59.675,6.75,5.75,12.975,100.0,100.6,103.25,48.95625,48.95625,1.982,0.44125000000000003
201602270NOP,MIN,240.0,36.75,79.0,0.465,7.5,15.75,0.49324999999999997,26.0,32.25,0.8069999999999999,11.0,29.0,40.0,24.5,7.25,5.5,14.75,18.75,107.0,0.5740000000000001,0.513,0.20149999999999998,0.40975,26.425,71.625,48.275,67.675,7.65,8.475,13.575,100.0,111.725,117.17500000000001,49.034375000000004,49.034375000000004,2.1790000000000003,0.50075,MIN,240.0,43.0,87.75,0.49024999999999996,8.0,23.0,0.34225,18.0,21.75,0.83275,11.25,31.25,42.5,22.0,9.25,5.25,13.25,23.0,112.0,0.57575,0.5355000000000001,0.261,0.252,28.375000000000004,73.57499999999999,51.724999999999994,50.375,9.525,8.425,12.075,100.0,117.17500000000001,111.725,50.040625,50.040625,2.239,0.4345
201602270OKC,GSW,240.0,44.0,87.25,0.50475,12.75,32.25,0.4125,15.5,19.75,0.7825,7.25,34.5,41.75,30.0,9.5,4.0,15.0,20.25,116.25,0.6060000000000001,0.5777500000000001,0.36975,0.22799999999999998,17.6,76.9,48.39999999999999,68.47500000000001,9.4,6.9750000000000005,13.475,100.0,114.575,106.05,52.190625,52.190625,2.2245,0.575,GSW,240.0,39.75,89.0,0.44675,9.75,27.5,0.36725,18.25,23.25,0.7707499999999999,10.5,34.25,44.75,22.25,8.75,5.25,14.5,20.25,107.5,0.5405000000000001,0.501,0.3075,0.262,23.125,82.4,51.60000000000001,56.15,8.625,9.75,12.75,100.0,106.05,114.575,52.021875,52.021875,2.067,0.428
201602270PHO,MEM,240.0,39.75,82.0,0.48174999999999996,9.0,25.0,0.3425,20.0,26.0,0.78025,10.0,34.75,44.75,20.0,7.75,4.75,12.25,23.75,108.5,0.579,0.53525,0.30325,0.31975,24.275,75.3,51.05,49.724999999999994,8.25,9.2,11.575,100.0,116.15,111.30000000000001,48.3,48.3,2.2425,0.41325,MEM,240.0,33.75,80.5,0.41825,10.0,29.0,0.33149999999999996,26.5,33.5,0.7999999999999999,11.5,31.5,43.0,16.75,6.25,3.5,11.5,20.5,104.0,0.5459999999999999,0.48,0.35775,0.41775,24.7,75.725,48.95,50.449999999999996,6.7,6.075,10.75,100.0,111.30000000000001,116.15,48.206250000000004,48.206250000000004,2.1582500000000002,0.34650000000000003
201602270UTA,BRK,240.0,39.25,83.0,0.47275,6.0,17.25,0.348,21.75,26.25,0.8310000000000001,9.25,34.0,43.25,22.0,11.0,5.0,12.75,18.5,106.25,0.562,0.50975,0.21075,0.325,21.8,77.60000000000001,49.775000000000006,56.575,11.350000000000001,8.3,11.825000000000001,100.0,109.49999999999999,108.32499999999999,49.484375,49.484375,2.14675,0.4462499999999999,BRK,240.0,39.5,84.75,0.4685,9.75,25.75,0.38075000000000003,16.25,20.25,0.8167499999999999,10.5,33.25,43.75,20.75,7.25,4.25,16.5,21.25,105.0,0.5642499999999999,0.5267499999999999,0.30575,0.2395,22.4,78.2,50.225,52.8,7.425000000000001,6.2749999999999995,14.95,100.0,108.32499999999999,109.5,50.184375,50.184375,2.09575,0.41700000000000004
201602280ATL,CHO,240.0,37.5,81.0,0.46425,10.0,28.75,0.3495,15.25,19.75,0.7885,7.0,32.75,39.75,20.5,8.75,4.0,15.0,19.5,100.25,0.5599999999999999,0.5265,0.35525,0.24575,16.275,75.225,45.849999999999994,54.675000000000004,9.05,6.35,14.3,100.0,104.65,104.425,49.190625,49.190625,2.043,0.42,CHO,240.0,37.75,84.5,0.44575,7.25,23.0,0.303,17.25,21.5,0.78975,10.75,36.25,47.0,22.5,8.5,4.75,14.75,18.0,100.0,0.5315,0.488,0.27075,0.256,24.775,83.725,54.150000000000006,59.72500000000001,8.875,8.825,13.525000000000002,100.0,104.425,104.65,49.35625,49.35625,2.0295,0.45675
201602280DAL,MIN,240.0,39.5,81.25,0.48675,6.0,13.0,0.47074999999999995,24.0,32.0,0.7487499999999999,10.0,30.5,40.5,25.25,7.75,5.25,12.5,17.75,109.0,0.57125,0.5237499999999999,0.15949999999999998,0.39575,24.05,74.19999999999999,48.575,64.2,8.05,8.225,11.524999999999999,100.0,112.25000000000001,115.9,49.475,49.475,2.2,0.51125,MIN,240.0,42.75,88.25,0.48424999999999996,8.75,24.5,0.3515,18.0,21.25,0.84775,10.25,32.25,42.5,23.25,8.25,5.0,13.5,23.0,112.25,0.57525,0.534,0.27725,0.24425,25.8,75.94999999999999,51.425,53.849999999999994,8.350000000000001,7.324999999999999,12.25,100.0,115.9,112.25,50.79687499999999,50.79687499999999,2.2115,0.4535
201602280DET,TOR,240.0,39.25,81.5,0.48124999999999996,8.5,24.0,0.357,21.25,27.0,0.78575,10.0,31.75,41.75,19.25,6.0,3.75,10.25,21.5,108.25,0.5792499999999999,0.533,0.293,0.33299999999999996,25.375,74.45,51.05,48.175,6.699999999999999,5.975,9.924999999999999,100.0,120.55,106.375,47.287499999999994,47.287499999999994,2.2935,0.40974999999999995,TOR,240.0,34.25,77.0,0.44525000000000003,6.75,18.5,0.38749999999999996,20.25,27.25,0.73425,10.75,29.0,39.75,19.25,5.0,2.5,12.5,23.25,95.5,0.5382499999999999,0.48975,0.24,0.35625,25.550000000000004,74.625,48.95,55.65,5.550000000000001,4.325,12.325,100.0,106.37499999999999,120.55,45.846875,45.846875,2.0854999999999997,0.42074999999999996
201602280IND,POR,240.0,38.5,84.25,0.45825000000000005,10.0,27.75,0.35475,21.75,28.0,0.79275,12.25,31.5,43.75,21.5,5.75,5.5,14.5,21.5,108.75,0.565,0.51825,0.33075,0.33,26.175,72.79999999999998,49.2,55.85,6.0249999999999995,7.925,13.125,100.0,113.0,111.325,49.9,49.9,2.18175,0.431,POR,240.0,42.25,88.0,0.48250000000000004,7.0,19.75,0.35325,15.75,22.25,0.7402500000000001,11.5,33.75,45.25,24.0,8.5,5.75,12.25,23.0,107.25,0.5487500000000001,0.52275,0.22675,0.25825,27.2,73.82499999999999,50.8,57.45,8.775,10.225,11.1,100.0,111.325,113.0,49.659375,49.659375,2.15925,0.483
201602280NYK,MIA,246.25,40.25,92.25,0.43724999999999997,2.75,13.25,0.2035,20.75,29.0,0.7135,16.0,42.25,58.25,20.0,6.25,9.25,12.75,21.5,104.0,0.49625,0.4525,0.14425000000000002,0.314,30.85,80.80000000000001,55.975,49.8,6.15,12.5,10.825,100.0,103.1,100.6,51.387499999999996,52.821744792500006,2.03125,0.39125,MIA,246.25,39.25,94.25,0.41700000000000004,6.5,20.25,0.3115,16.5,23.25,0.7055,10.0,35.25,45.25,19.75,8.0,4.5,10.5,23.0,101.5,0.48675,0.45199999999999996,0.21575,0.24775000000000003,19.2,69.15,44.025000000000006,50.3,7.925000000000001,5.6499999999999995,9.125,100.0,100.6,103.10000000000001,52.896875,54.314518230000004,1.91975,0.37274999999999997
201602280ORL,PHI,240.0,37.0,80.25,0.4625,9.25,24.25,0.38225000000000003,17.5,25.0,0.7037499999999999,7.75,30.25,38.0,20.25,8.25,4.25,15.5,25.75,100.75,0.5529999999999999,0.5205000000000001,0.303,0.31224999999999997,17.825,69.35,43.725,54.85,8.55,6.925,14.425,100.0,103.975,120.625,49.9375,49.9375,2.0155000000000003,0.40525,PHI,240.0,40.25,86.75,0.46499999999999997,9.5,24.75,0.39475,26.75,32.0,0.8464999999999999,13.5,35.5,49.0,23.75,9.0,3.5,12.0,19.75,116.75,0.579,0.5205000000000001,0.28675000000000006,0.37424999999999997,30.65,82.17500000000001,56.275000000000006,58.975,9.225000000000001,6.3,10.600000000000001,100.0,120.625,103.975,50.225,50.225,2.32625,0.47350000000000003
201602280WAS,CLE,240.0,38.75,81.0,0.47775,10.75,26.25,0.41225,15.25,19.5,0.784,10.0,33.75,43.75,22.75,6.75,1.0,13.0,22.0,103.5,0.5767499999999999,0.544,0.32325000000000004,0.2435,24.299999999999997,81.025,52.37500000000001,58.675,7.275,1.775,12.775,100.0,113.27499999999999,106.65,46.631249999999994,46.631249999999994,2.2235,0.48850000000000005,CLE,240.0,37.0,79.75,0.46699999999999997,7.25,23.0,0.314,16.25,23.25,0.6964999999999999,8.25,31.5,39.75,20.0,8.0,3.0,12.0,20.25,97.5,0.5445,0.51325,0.29025,0.29625,18.975,75.69999999999999,47.625,54.05,8.725,5.35,11.774999999999999,100.0,106.65,113.27499999999999,47.271875,47.271875,2.06375,0.42325
201602290BOS,UTA,246.25,37.75,81.5,0.46475,6.5,19.25,0.33575,18.5,24.5,0.74625,10.0,29.5,39.5,17.5,8.5,6.25,16.0,21.0,100.5,0.544,0.505,0.239,0.3045,24.525,70.775,47.900000000000006,46.349999999999994,8.8,10.25,14.575,100.0,105.275,111.375,49.56875,50.9365885425,2.0235000000000003,0.35324999999999995,UTA,246.25,38.25,85.0,0.45099999999999996,9.75,24.75,0.41650000000000004,19.5,27.0,0.7445000000000002,12.75,30.0,42.75,19.25,9.75,4.25,14.0,21.5,105.75,0.547,0.5082500000000001,0.2885,0.31174999999999997,29.225,75.475,52.1,50.175,10.0,6.95,12.649999999999999,100.0,111.375,105.275,49.537499999999994,50.96295573,2.1425,0.39025
201602290CLE,IND,246.25,39.25,90.25,0.4345,3.75,15.75,0.2395,17.25,22.5,0.772,11.25,36.75,48.0,19.75,7.75,4.5,10.75,20.5,99.5,0.49725,0.45525,0.17575000000000002,0.24975,23.500000000000004,78.625,51.25,50.45,7.975,7.25,9.675,100.0,103.02499999999999,106.825,50.21875,51.636393229999996,1.9907500000000002,0.396,IND,246.25,37.5,85.25,0.44375,10.0,22.75,0.40750000000000003,18.25,24.75,0.7385,10.5,36.25,46.75,20.75,6.0,6.75,13.25,20.5,103.25,0.544,0.5055000000000001,0.27525,0.28825,21.375,76.5,48.75000000000001,55.775000000000006,6.1,9.125,12.2,100.0,106.82499999999999,103.025,49.878125,51.31236979250001,2.082,0.4185
201602290DEN,MEM,240.0,37.75,81.5,0.45975,8.75,24.75,0.33425,23.5,29.5,0.798,9.0,33.75,42.75,19.5,7.25,4.5,10.75,24.25,107.75,0.569,0.51225,0.30174999999999996,0.36575,21.450000000000003,72.55,48.0,50.824999999999996,7.725,8.725,10.225,100.0,115.15,112.9,48.63125,48.63125,2.213,0.40099999999999997,MEM,240.0,35.25,81.75,0.43075,10.25,30.5,0.3195,25.0,34.5,0.7285,12.75,33.75,46.5,15.25,5.5,2.75,11.0,21.25,105.75,0.54475,0.49275,0.371,0.424,27.45,78.55,52.0,43.15,5.925,4.875,10.125,100.0,112.9,115.15,48.19375,48.19375,2.19425,0.31625000000000003
201602290LAC,BRK,240.0,38.75,82.5,0.46975,5.75,16.75,0.34700000000000003,20.25,25.5,0.7802500000000001,9.5,34.5,44.0,21.25,10.5,4.0,15.75,19.5,103.5,0.55225,0.5055000000000001,0.20600000000000002,0.31725000000000003,22.725,74.69999999999999,49.675000000000004,55.474999999999994,10.600000000000001,6.35,14.399999999999999,100.0,104.8,106.02499999999999,50.43125,50.43125,2.0515,0.4215,BRK,240.0,39.75,86.5,0.46275,8.5,24.25,0.347,16.5,22.0,0.7645,12.5,32.25,44.75,19.25,8.5,5.0,17.75,21.75,104.5,0.548,0.5127499999999999,0.28275,0.25475000000000003,25.3,77.275,50.325,48.349999999999994,8.55,7.35,15.524999999999999,100.0,106.025,104.80000000000001,51.1,51.1,2.0517499999999997,0.3815
201602290MIL,HOU,246.25,38.0,82.75,0.4605,9.0,28.0,0.32025,25.75,38.5,0.6769999999999999,11.25,31.5,42.75,20.5,12.5,4.25,16.0,28.0,110.75,0.55525,0.5145,0.33775,0.46950000000000003,25.95,78.15,50.8,53.675000000000004,12.275,8.65,13.8,100.0,110.02499999999999,106.125,52.89375,54.31920573,2.09275,0.38949999999999996,HOU,246.25,35.5,78.0,0.4575,10.5,28.25,0.38075,25.0,30.75,0.81225,8.75,32.25,41.0,22.75,6.5,4.25,18.75,28.25,106.5,0.583,0.52425,0.35975,0.396,21.85,74.05,49.2,64.75,6.3999999999999995,7.775,16.9,100.0,106.125,110.02499999999999,51.303125,52.6709635425,2.0815,0.44525
201602290SAC,OKC,246.25,43.25,90.25,0.48,8.5,24.75,0.34225,16.25,22.25,0.7322500000000001,13.25,34.0,47.25,24.5,6.0,5.5,14.5,21.5,111.25,0.55675,0.52725,0.274,0.24625,30.875,74.55000000000001,53.4,56.95,6.225,8.950000000000001,12.45,100.0,114.225,118.925,51.034375,52.5233072925,2.1815,0.483,OKC,246.25,42.0,87.75,0.47900000000000004,11.25,25.75,0.4485,20.25,25.0,0.8190000000000001,11.0,29.5,40.5,26.25,8.5,4.5,11.25,22.25,115.5,0.5860000000000001,0.5425,0.29325,0.2875,25.450000000000003,69.125,46.6,63.15,8.475,6.875,10.275,100.0,118.925,114.225,49.9375,51.420247395000004,2.324,0.53
201602290WAS,PHI,240.0,38.0,80.25,0.47525000000000006,7.5,22.75,0.33175000000000004,20.5,27.5,0.7422499999999999,6.5,31.25,37.75,20.5,7.75,5.0,16.0,23.25,104.0,0.56375,0.52225,0.2835,0.34475,15.575,73.825,45.85000000000001,54.2,7.875000000000001,7.475,14.675,100.0,104.64999999999999,117.775,51.40624999999999,51.40624999999999,2.01775,0.39925,PHI,240.0,42.25,87.0,0.487,8.75,20.25,0.4555,23.75,29.25,0.8305,11.5,33.75,45.25,25.0,9.25,4.25,12.5,21.75,117.0,0.5865,0.5377500000000001,0.23325,0.34099999999999997,26.175,84.42500000000001,54.150000000000006,59.225,9.274999999999999,7.5,11.100000000000001,100.0,117.77499999999999,104.64999999999999,50.946875,50.946875,2.2945,0.491
201603010CHO,PHO,240.0,38.25,89.75,0.4265,9.25,26.75,0.34375,17.25,25.0,0.689,15.0,33.25,48.25,20.25,7.0,3.5,16.75,28.5,103.0,0.51175,0.47875,0.30175,0.28425,30.674999999999997,79.375,53.1,53.625,7.0,5.800000000000001,14.224999999999998,100.0,103.69999999999999,116.55,51.6875,51.6875,1.9959999999999998,0.39275000000000004,PHO,240.0,39.0,79.25,0.49175,9.25,19.5,0.47775,28.75,38.25,0.74275,8.5,34.25,42.75,22.0,10.5,7.75,13.25,22.0,116.0,0.6040000000000001,0.55025,0.24625,0.48450000000000004,20.625,69.32499999999999,46.900000000000006,55.775,10.575,12.05,12.075,100.0,116.55000000000001,103.70000000000002,51.084375,51.084375,2.27025,0.42999999999999994
201603010DAL,ORL,240.0,42.5,88.5,0.48175,8.25,20.75,0.433,22.5,27.5,0.802,10.5,29.5,40.0,25.25,9.25,3.25,12.5,22.5,115.75,0.5760000000000001,0.52875,0.23249999999999998,0.314,23.175,81.525,49.625,59.525,9.05,5.55,11.024999999999999,100.0,113.92499999999998,115.475,51.78125,51.78125,2.2342500000000003,0.48875,ORL,240.0,43.5,81.0,0.53525,8.0,21.0,0.36825,22.25,28.75,0.7589999999999999,7.0,33.75,40.75,24.0,7.25,4.75,17.5,21.5,117.25,0.62625,0.58425,0.259,0.36050000000000004,18.475,76.825,50.375,54.224999999999994,7.15,7.0,15.674999999999999,100.0,115.47500000000001,113.92500000000001,52.57812499999999,52.57812499999999,2.2302500000000003,0.45475
201603010GSW,ATL,252.5,38.75,89.5,0.436,8.5,31.5,0.29774999999999996,11.75,15.75,0.70225,9.25,38.75,48.0,27.75,9.0,7.75,14.75,21.0,97.75,0.5095,0.48375,0.34625000000000006,0.17275000000000001,20.025,76.10000000000001,49.65,71.60000000000001,8.95,12.875,13.375,100.0,98.725,95.8,51.240624999999994,54.379947917500004,1.91575,0.54675,ATL,252.5,36.0,90.5,0.39425,7.25,28.5,0.239,16.5,22.25,0.75925,12.5,37.0,49.5,22.0,9.0,6.0,14.0,17.5,95.75,0.47575,0.43575,0.32275,0.24425000000000002,23.900000000000002,79.975,50.35,61.400000000000006,8.875,10.275,11.975000000000001,100.0,95.8,98.725,51.284375000000004,54.3885416675,1.85825,0.42874999999999996
201603010LAL,BRK,240.0,38.0,81.5,0.46575,6.5,16.0,0.3955,20.75,27.75,0.7357500000000001,10.0,34.5,44.5,21.75,11.0,3.75,15.5,20.5,103.25,0.551,0.50675,0.19975,0.35050000000000003,23.1,73.675,49.125,58.574999999999996,11.200000000000001,5.675,14.174999999999999,100.0,105.05000000000001,106.875,50.090625,50.090625,2.0605,0.4355,BRK,240.0,40.0,87.5,0.45975,8.25,23.25,0.35225,16.5,22.25,0.75,13.0,33.25,46.25,19.0,8.75,5.75,16.75,22.0,104.75,0.542,0.50725,0.2665,0.2555,26.325,76.9,50.875,47.39999999999999,8.875,8.65,14.524999999999999,100.0,106.875,105.05000000000001,50.909375,50.909375,2.066,0.378
201603010MIA,CHI,240.0,39.75,87.25,0.45899999999999996,8.25,21.0,0.4,16.75,19.0,0.8679999999999999,10.5,36.25,46.75,27.0,3.75,4.25,13.0,21.0,104.5,0.5495,0.507,0.24075,0.22225,23.375,75.225,50.65,67.825,3.825,6.4,11.75,100.0,108.775,110.525,49.387499999999996,49.387499999999996,2.13075,0.5507500000000001,CHI,240.0,39.0,89.75,0.43425,7.0,26.0,0.2745,21.25,27.5,0.7825,11.75,33.5,45.25,20.0,9.0,6.5,9.75,20.0,106.25,0.5215,0.47325,0.29000000000000004,0.306,24.775,76.625,49.35,52.125,9.3,9.7,8.75,100.0,110.52499999999999,108.775,50.40624999999999,50.40624999999999,2.11,0.39725
201603010NYK,POR,240.0,39.0,82.0,0.47650000000000003,10.5,25.75,0.40675,19.25,23.75,0.80675,8.5,34.5,43.0,21.25,5.0,5.75,14.5,21.25,107.75,0.5840000000000001,0.5415,0.31575,0.28925,19.325,72.425,46.85,54.599999999999994,5.175,8.0,13.525000000000002,100.0,111.425,108.425,49.640625,49.640625,2.1734999999999998,0.42800000000000005,POR,240.0,41.5,89.75,0.46499999999999997,5.75,19.25,0.28175,16.25,22.75,0.7455,13.25,35.5,48.75,24.5,8.75,4.5,11.75,20.75,105.0,0.5269999999999999,0.49749999999999994,0.218,0.25875,27.575,80.67500000000001,53.15,59.525,9.0,8.125,10.525,100.0,108.425,111.425,49.528125,49.528125,2.1182499999999997,0.49475
201603020BOS,POR,240.0,38.25,84.0,0.4565,11.0,27.5,0.398,18.25,22.5,0.81175,9.0,37.75,46.75,19.5,4.75,6.0,12.5,21.25,105.75,0.5645,0.523,0.329,0.26775,19.924999999999997,75.4,48.975,51.074999999999996,4.95,8.674999999999999,11.65,100.0,110.52499999999999,104.5,49.09375,49.09375,2.1572500000000003,0.39674999999999994,POR,240.0,39.0,89.25,0.43925000000000003,6.5,21.5,0.29075,15.75,22.5,0.72875,12.25,36.25,48.5,22.75,7.25,5.0,10.5,20.0,100.25,0.5055000000000001,0.47624999999999995,0.2445,0.25725,24.599999999999998,80.075,51.025,57.37499999999999,7.5,8.975,9.525,100.0,104.50000000000001,110.52499999999999,49.09375,49.09375,2.0387500000000003,0.46175
201603020DEN,LAL,240.0,35.0,81.25,0.42874999999999996,11.25,29.25,0.3725,24.25,34.0,0.707,11.25,32.5,43.75,17.5,6.5,3.0,11.0,20.25,105.5,0.54775,0.49725,0.35825,0.4235,23.525,77.69999999999999,49.1,50.7,6.925,4.8500000000000005,10.225,100.0,111.625,118.9,48.575,48.575,2.17425,0.35925,LAL,240.0,43.5,86.25,0.50525,9.0,23.25,0.36950000000000005,16.25,24.0,0.6972499999999999,9.25,36.0,45.25,27.5,7.5,5.75,9.25,23.0,112.25,0.5810000000000001,0.5575,0.2705,0.27775,22.299999999999997,76.475,50.9,63.625,7.9,11.225,8.725,100.0,118.9,111.625,48.824999999999996,48.824999999999996,2.29925,0.5625
201603020HOU,NOP,240.0,39.0,85.75,0.453,8.0,22.5,0.35775,22.25,26.5,0.8525,10.0,35.0,45.0,22.75,6.75,4.0,14.5,21.5,108.25,0.5555,0.49975,0.26325,0.31125,22.775,80.075,50.699999999999996,58.199999999999996,6.699999999999999,6.075000000000001,12.950000000000001,100.0,108.45,111.39999999999999,51.418749999999996,51.418749999999996,2.116,0.44625,NOP,240.0,42.25,88.25,0.48,9.25,23.25,0.395,17.75,25.25,0.703,8.5,35.5,44.0,25.0,7.75,5.25,12.25,21.25,111.5,0.56225,0.53175,0.262,0.2885,19.925,77.225,49.3,58.974999999999994,7.65,8.3,10.975000000000001,100.0,111.39999999999999,108.45,51.996875,51.996875,2.1485000000000003,0.48075
201603020LAC,OKC,246.25,45.75,88.25,0.5205,10.75,28.0,0.38575,18.75,24.0,0.7825,12.25,37.0,49.25,26.0,5.5,4.5,17.25,21.5,121.0,0.615,0.5822499999999999,0.3195,0.27275,31.225,73.775,54.95,56.975,5.449999999999999,6.8,14.75,100.0,120.89999999999999,115.525,52.325,53.8139322925,2.3192500000000003,0.50025,OKC,246.25,43.75,94.5,0.463,10.5,26.25,0.40975,17.75,23.0,0.777,13.25,26.5,39.75,27.0,10.25,4.25,10.75,21.0,115.75,0.55525,0.519,0.27975,0.24749999999999997,26.225,68.775,45.05,62.475,10.075,6.525,9.375,100.0,115.52499999999999,120.9,51.462500000000006,52.94524739500001,2.25525,0.52825
201603020MEM,SAC,240.0,41.0,91.0,0.45225000000000004,8.0,21.0,0.38125,17.25,24.75,0.67425,12.75,33.25,46.0,25.5,9.75,4.0,14.0,17.75,107.25,0.5289999999999999,0.498,0.23374999999999999,0.28625,25.45,77.0,50.325,62.12499999999999,9.575,5.725,12.225,100.0,106.27499999999999,115.57499999999999,52.003125000000004,52.003125000000004,2.066,0.48850000000000005,SAC,240.0,43.75,89.0,0.496,10.25,27.25,0.37825,18.75,22.25,0.83725,9.75,35.75,45.5,24.75,9.0,4.5,14.25,22.75,116.5,0.5935,0.5545,0.30875,0.25125,23.0,74.55,49.675,56.625,8.85,6.4750000000000005,12.65,100.0,115.575,106.275,52.034375,52.034375,2.24325,0.474
201603020MIL,IND,240.0,39.5,87.25,0.4525,4.5,16.5,0.26725,16.75,20.0,0.8452500000000001,11.75,34.0,45.75,21.25,7.75,5.75,10.5,19.75,100.25,0.523,0.479,0.19125,0.22875,25.825000000000003,81.0,52.975,54.2,8.325,10.625,9.9,100.0,107.975,111.0,47.75,47.75,2.10225,0.447,IND,240.0,36.75,81.0,0.45425,11.75,26.75,0.4465,17.75,22.5,0.7795,7.75,32.5,40.25,21.5,5.0,5.25,12.5,18.25,103.0,0.56725,0.527,0.33,0.27849999999999997,19.0,74.17500000000001,47.025,59.0,5.325,7.324999999999999,12.100000000000001,100.0,111.0,107.97500000000001,48.21875,48.21875,2.13975,0.44575
201603020MIN,WAS,240.0,40.0,88.0,0.45625,8.25,25.5,0.32,20.75,27.0,0.7879999999999999,11.5,37.25,48.75,24.0,7.5,5.0,12.5,21.0,109.0,0.5465,0.50375,0.29325,0.312,25.25,85.075,54.75,59.975,7.6,8.65,11.149999999999999,100.0,110.64999999999999,103.95,50.9125,50.9125,2.141,0.47224999999999995,WAS,240.0,38.5,84.75,0.4525,8.75,27.25,0.32275,16.75,22.0,0.75325,6.5,34.0,40.5,23.5,7.5,3.25,12.75,23.5,102.5,0.5422500000000001,0.504,0.32225000000000004,0.26225,14.925,74.75,45.25,61.099999999999994,7.675000000000001,5.05,11.9,100.0,103.95,110.65,50.724999999999994,50.724999999999994,2.019,0.4625
201603020ORL,CHI,240.0,39.0,90.0,0.43374999999999997,7.75,22.0,0.3485,15.0,19.0,0.8005,10.5,34.0,44.5,24.5,5.75,3.0,13.25,21.25,100.75,0.512,0.47650000000000003,0.2445,0.21225,22.4,80.275,49.900000000000006,62.974999999999994,5.8,4.75,11.75,100.0,102.44999999999999,111.775,50.8875,50.8875,1.9780000000000002,0.48325,CHI,240.0,41.25,85.75,0.4875,6.75,23.75,0.31625,20.5,25.5,0.80575,8.5,35.25,43.75,23.75,9.0,8.25,11.75,20.75,109.75,0.571,0.52675,0.27249999999999996,0.2985,19.725,77.6,50.1,58.025,9.2,12.125,10.875,100.0,111.77499999999999,102.44999999999999,50.55625,50.55625,2.173,0.47174999999999995
201603020PHI,CHO,240.0,36.25,83.25,0.4345,10.25,29.0,0.3595,17.5,24.0,0.7230000000000001,9.75,35.25,45.0,22.25,7.5,4.75,11.5,18.5,100.25,0.5322499999999999,0.49600000000000005,0.351,0.2895,21.1,77.825,48.525,61.349999999999994,7.975,7.5249999999999995,10.875,100.0,106.3,103.525,48.2,48.2,2.068,0.4585,CHO,240.0,37.75,86.0,0.441,7.75,23.75,0.3275,13.75,18.25,0.71575,10.25,37.0,47.25,22.0,7.0,2.75,12.25,20.25,97.0,0.518,0.48549999999999993,0.27349999999999997,0.20775,22.175,78.9,51.475,57.699999999999996,7.4,5.199999999999999,11.7,100.0,103.525,106.30000000000001,48.334375,48.334375,2.01025,0.4625
201603020SAS,DET,240.0,38.5,80.5,0.4825,10.75,26.5,0.40875000000000006,18.0,26.5,0.6804999999999999,10.0,34.25,44.25,22.75,8.75,1.75,12.25,18.0,105.75,0.5775,0.5499999999999999,0.32875,0.3315,24.225,79.575,53.199999999999996,58.875,9.35,3.025,11.675,100.0,115.67500000000001,101.55000000000001,47.66875,47.66875,2.23125,0.48324999999999996,DET,240.0,36.0,80.0,0.45075,8.0,20.5,0.41775,12.75,17.25,0.751,8.75,30.25,39.0,19.75,6.0,3.5,14.25,23.0,92.75,0.53025,0.50075,0.25575000000000003,0.21425,20.425,75.775,46.8,54.875,6.449999999999999,6.275,13.774999999999999,100.0,101.54999999999998,115.67500000000001,46.846875000000004,46.846875000000004,1.9917500000000001,0.42425
201603020TOR,UTA,246.25,36.5,85.25,0.43374999999999997,6.25,21.25,0.28375,17.25,23.0,0.738,10.75,32.25,43.0,18.5,8.5,4.75,15.5,19.75,96.5,0.50925,0.471,0.252,0.27975,23.775,76.775,49.975,50.425,8.725,7.475,13.925,100.0,99.925,106.225,50.4625,51.830338542499995,1.90575,0.36574999999999996,UTA,246.25,37.75,83.5,0.45275,8.25,21.25,0.406,18.25,24.75,0.7525,9.75,32.75,42.5,21.0,9.5,6.0,13.25,20.75,102.0,0.5415,0.5022500000000001,0.253,0.2925,23.225,76.225,50.025,55.6,9.65,9.025,12.25,100.0,106.22500000000001,99.925,49.378125,50.80358073,2.072,0.42824999999999996
201603030DAL,SAC,240.0,40.0,90.75,0.44175000000000003,8.5,23.25,0.36475,14.75,22.75,0.62425,15.25,29.25,44.5,26.25,9.25,1.75,16.0,20.5,103.25,0.5145,0.4905,0.26175,0.263,31.75,74.025,50.599999999999994,65.725,9.275,2.85,13.85,100.0,104.925,116.75,51.153125,51.153125,2.02225,0.5125,SAC,240.0,42.25,83.75,0.50425,9.0,25.0,0.35525,21.5,25.0,0.8525,10.25,33.5,43.75,23.0,9.75,4.75,16.0,22.25,115.0,0.60725,0.55825,0.29825,0.30074999999999996,25.975,68.25,49.400000000000006,54.425,9.874999999999998,7.124999999999999,14.399999999999999,100.0,116.75,104.925,50.6875,50.6875,2.267,0.452
201603030GSW,OKC,246.25,44.75,90.5,0.49924999999999997,10.25,28.5,0.36624999999999996,16.75,21.25,0.80525,13.25,38.75,52.0,24.5,5.0,5.25,18.25,20.0,116.5,0.587,0.55675,0.316,0.23900000000000002,31.9,74.875,55.7,54.800000000000004,4.9,7.674999999999999,15.399999999999999,100.0,115.15,114.475,52.796875,54.285807292499996,2.20925,0.46549999999999997,OKC,246.25,45.0,97.5,0.46325,10.5,27.25,0.39975,15.25,20.75,0.74375,13.0,27.5,40.5,27.0,10.5,4.0,9.75,19.0,115.75,0.5455,0.5177499999999999,0.28,0.21375,25.125,68.10000000000001,44.3,60.15,10.225,5.95,8.4,100.0,114.47500000000001,115.15,52.053124999999994,53.535872395,2.23075,0.522
201603030MIA,PHO,240.0,35.75,89.25,0.40175,8.5,27.5,0.3055,18.25,26.25,0.6925,15.0,32.25,47.25,17.25,6.75,2.75,16.25,26.5,98.25,0.48825,0.44999999999999996,0.3115,0.29925,29.55,75.725,50.525,49.1,6.775,4.65,13.850000000000001,100.0,99.275,119.0,51.484375,51.484375,1.91125,0.33575,PHO,240.0,39.5,82.0,0.48175,10.0,22.25,0.44175000000000003,29.0,36.5,0.794,10.25,36.5,46.75,23.0,10.0,7.0,13.25,22.25,118.0,0.60225,0.5425000000000001,0.27,0.45325000000000004,24.275000000000002,70.44999999999999,49.47500000000001,57.4,10.100000000000001,11.149999999999999,11.9,100.0,119.0,99.275,51.168749999999996,51.168749999999996,2.3055,0.4487499999999999
201603030NOP,SAS,240.0,40.5,81.0,0.49950000000000006,7.0,17.5,0.389,13.25,16.0,0.848,6.75,37.5,44.25,23.0,7.5,5.75,12.0,18.25,101.25,0.575,0.543,0.21725,0.20074999999999998,17.85,83.675,53.275,56.7,7.85,8.9,11.875,100.0,108.2,92.075,46.925000000000004,46.925000000000004,2.1595,0.48824999999999996,SAS,240.0,34.5,83.75,0.41225,5.75,19.75,0.28625,11.5,18.0,0.6437499999999999,7.5,31.5,39.0,20.0,6.75,2.0,13.5,16.0,86.25,0.471,0.4465,0.23775000000000002,0.21725,16.325,82.15,46.724999999999994,57.575,7.075,3.3000000000000003,12.825,100.0,92.075,108.19999999999999,49.15,49.15,1.7545,0.403
201603040BOS,NYK,240.0,34.25,83.0,0.41525,7.25,19.5,0.359,19.0,22.75,0.838,9.75,33.75,43.5,16.75,5.75,5.5,10.75,18.0,94.75,0.5105,0.4595,0.23725000000000002,0.2795,20.4,74.92500000000001,46.575,48.699999999999996,6.200000000000001,7.85,10.4,100.0,101.70000000000002,108.8,47.403125,47.403125,1.9975,0.35424999999999995,NYK,240.0,40.5,89.0,0.45499999999999996,5.5,20.0,0.23675000000000002,14.75,18.25,0.80275,11.25,38.5,49.75,22.0,7.0,4.0,10.5,19.75,101.25,0.52225,0.48624999999999996,0.22275,0.20625,25.075000000000003,79.6,53.425,54.425000000000004,7.5249999999999995,6.35,9.700000000000001,100.0,108.8,101.69999999999999,48.459374999999994,48.459374999999994,2.08975,0.45375
201603040CHO,IND,240.0,37.5,84.5,0.44499999999999995,6.25,17.75,0.34225,18.0,22.5,0.815,12.5,34.75,47.25,22.75,7.5,6.25,12.0,20.75,99.25,0.5275,0.48300000000000004,0.2125,0.26599999999999996,27.025,82.25,53.95,60.675,8.05,11.100000000000001,11.350000000000001,100.0,106.80000000000001,109.27499999999999,47.34375,47.34375,2.10025,0.48275,IND,240.0,36.5,80.75,0.45225,9.25,23.75,0.375,19.25,24.25,0.77825,7.25,32.75,40.0,19.5,6.0,4.25,12.25,19.25,101.5,0.5555000000000001,0.509,0.2915,0.3025,17.75,72.975,46.050000000000004,53.575,6.3999999999999995,6.1,11.825,100.0,109.275,106.8,48.634375000000006,48.634375000000006,2.08975,0.40049999999999997
201603040CLE,WAS,240.0,41.0,86.5,0.47575,8.75,25.75,0.3345,18.25,23.75,0.7782499999999999,10.5,36.75,47.25,25.5,6.75,4.75,14.0,21.0,109.0,0.56325,0.527,0.30174999999999996,0.2785,23.974999999999998,83.825,54.425000000000004,62.35,6.925000000000001,8.325,12.674999999999999,100.0,111.30000000000001,101.85,50.640625,50.640625,2.15175,0.5035,WAS,240.0,35.5,81.5,0.43425,8.0,25.0,0.325,20.75,26.5,0.76325,7.0,32.25,39.25,21.25,8.0,3.25,13.75,23.0,99.75,0.53525,0.48275,0.30374999999999996,0.33,16.175,76.025,45.575,59.599999999999994,8.225,5.15,12.85,100.0,101.85,111.30000000000001,50.41875,50.41875,1.9775,0.42100000000000004
201603040DEN,BRK,240.0,37.0,81.25,0.45575,7.0,17.5,0.4025,21.5,29.75,0.7052499999999999,9.75,34.0,43.75,24.25,10.5,4.25,14.0,20.25,102.5,0.544,0.49974999999999997,0.21699999999999997,0.3735,22.025,72.975,47.85,66.05,10.725,6.550000000000001,12.875,100.0,104.92500000000001,106.275,49.815625,49.815625,2.057,0.48850000000000005,BRK,240.0,40.25,88.25,0.45825,8.5,24.0,0.34925,14.5,21.25,0.69675,13.25,34.5,47.75,18.5,8.5,5.25,16.25,23.0,103.5,0.53325,0.5065,0.27275,0.24050000000000002,27.025,77.975,52.15,45.825,8.65,8.125,14.075,100.0,106.275,104.92500000000001,50.671875,50.671875,2.0512500000000005,0.37
201603040LAL,ATL,246.25,37.0,83.0,0.448,9.25,29.5,0.33375,13.5,17.25,0.7335,8.5,37.75,46.25,26.25,8.5,7.0,15.0,18.5,96.75,0.535,0.5037499999999999,0.35275,0.20525,20.1,75.2,50.2,70.875,8.85,12.45,14.25,100.0,101.975,98.375,48.846875,50.1671875,1.9815,0.5415,ATL,246.25,34.75,90.25,0.38325000000000004,9.5,33.25,0.27825,14.75,18.5,0.80775,12.75,33.25,46.0,23.25,8.75,4.25,12.5,17.75,93.75,0.47525,0.43550000000000005,0.3695,0.20850000000000002,24.8,79.89999999999999,49.8,65.975,9.1,8.025,11.100000000000001,100.0,98.375,101.975,49.393750000000004,50.74889323,1.89125,0.46675
201603040MEM,UTA,240.0,36.25,87.5,0.41675,6.25,21.75,0.27575,12.0,17.5,0.69025,11.25,29.75,41.0,18.25,7.25,5.25,12.5,17.75,90.75,0.4785,0.45225,0.24924999999999997,0.1995,23.075,75.45,47.075,50.150000000000006,7.775,8.175,11.5,100.0,98.65,108.575,48.53125,48.53125,1.8732499999999999,0.37825,UTA,240.0,38.75,81.75,0.47424999999999995,7.0,18.25,0.39325000000000004,15.0,19.75,0.7777499999999999,9.5,35.5,45.0,19.75,7.5,6.25,12.0,18.25,99.5,0.5515,0.5175000000000001,0.22399999999999998,0.2405,24.55,76.925,52.925000000000004,51.3,8.0,9.225,11.6,100.0,108.575,98.65,46.815625,46.815625,2.13575,0.418
201603040MIL,MIN,240.0,36.25,80.75,0.45125000000000004,5.75,15.5,0.3985,25.75,33.5,0.77025,12.5,32.0,44.5,22.25,7.5,3.5,15.0,20.0,104.0,0.54725,0.48700000000000004,0.18925,0.41675,27.150000000000002,79.15,52.5,60.824999999999996,7.749999999999999,6.2250000000000005,13.624999999999998,100.0,107.77499999999999,118.3,49.58125,49.58125,2.0999999999999996,0.45000000000000007,MIN,240.0,42.25,85.5,0.4935,11.0,29.5,0.37375,18.5,21.5,0.8460000000000001,8.25,31.75,40.0,25.5,8.25,5.0,13.0,23.5,114.0,0.5994999999999999,0.55775,0.34400000000000003,0.25175,20.85,72.85,47.5,59.849999999999994,8.525,7.65,12.025,100.0,118.30000000000001,107.77499999999999,50.231249999999996,50.231249999999996,2.27425,0.5085
201603040ORL,PHO,240.0,36.25,87.75,0.41425,8.0,27.0,0.28925,19.75,28.0,0.6995,14.0,32.5,46.5,15.25,6.5,2.75,14.5,25.75,100.25,0.5022500000000001,0.46025,0.31025,0.32475,28.025,77.35,50.675,42.075,6.6000000000000005,4.5,12.475000000000001,100.0,102.375,116.32500000000002,50.775,50.775,1.9757500000000001,0.3005,PHO,240.0,38.5,82.75,0.46475,9.0,20.5,0.4385,28.0,34.0,0.81975,9.5,36.0,45.5,22.0,9.0,6.5,12.25,23.5,114.0,0.58325,0.51875,0.24625,0.41900000000000004,22.650000000000002,71.975,49.325,56.550000000000004,9.15,10.575,11.125,100.0,116.32499999999999,102.375,50.824999999999996,50.824999999999996,2.242,0.43274999999999997
201603040PHI,MIA,240.0,42.0,82.75,0.5117499999999999,4.25,12.5,0.30774999999999997,17.75,23.5,0.7565000000000001,9.25,39.25,48.5,24.25,6.5,8.75,15.0,21.25,106.0,0.57275,0.538,0.15125,0.28500000000000003,23.175,80.725,55.875,57.9,6.800000000000001,12.575000000000001,13.85,100.0,109.875,99.475,49.83125,49.83125,2.1282500000000004,0.48775,MIA,240.0,36.25,88.75,0.40800000000000003,6.75,19.0,0.35450000000000004,17.0,21.75,0.8012499999999999,9.5,29.0,38.5,18.5,9.25,4.75,10.0,22.0,96.25,0.4885,0.446,0.21575,0.24624999999999997,19.275,76.82499999999999,44.125,50.475,9.549999999999999,6.5,9.225000000000001,100.0,99.475,109.875,49.790625,49.790625,1.928,0.36850000000000005
201603040TOR,POR,240.0,37.5,85.0,0.442,10.5,26.0,0.4,17.25,22.0,0.7822499999999999,9.25,39.5,48.75,17.75,4.75,7.0,10.75,19.0,102.75,0.5435,0.5045,0.30574999999999997,0.25849999999999995,19.825000000000003,74.1,48.775000000000006,47.225,5.0,9.4,10.174999999999999,100.0,108.425,104.9,48.475,48.475,2.1215,0.36575,POR,240.0,38.75,95.5,0.40549999999999997,5.75,20.75,0.27175000000000005,16.25,19.75,0.8182499999999999,14.0,37.25,51.25,21.25,6.0,5.75,7.75,17.75,99.5,0.476,0.4355,0.21675,0.2065,25.9,80.17500000000001,51.224999999999994,54.224999999999994,6.324999999999999,9.825,7.025,100.0,104.9,108.425,49.315625,49.315625,2.0145,0.43075
201603050CHI,HOU,240.0,39.0,83.5,0.46725000000000005,9.0,31.25,0.292,21.5,32.5,0.66775,11.25,33.0,44.25,23.75,11.5,4.75,16.75,22.5,108.5,0.554,0.5205,0.3745,0.39,25.099999999999998,78.975,51.2,60.55,11.25,9.15,14.575,100.0,107.72500000000001,107.44999999999999,52.21875,52.21875,2.08225,0.45625,HOU,240.0,39.5,81.75,0.48575,10.75,26.5,0.42574999999999996,18.25,24.0,0.7557499999999999,8.5,33.5,42.0,25.0,7.5,3.5,18.25,25.75,108.0,0.585,0.5507500000000001,0.321,0.29849999999999993,21.025000000000002,74.9,48.8,63.400000000000006,7.300000000000001,6.7,16.400000000000002,100.0,107.45000000000002,107.725,51.45,51.45,2.1092500000000003,0.48724999999999996
201603050CLE,BOS,240.0,40.0,94.25,0.42600000000000005,5.5,20.0,0.27875,20.0,25.0,0.8065,13.75,37.0,50.75,23.25,8.75,7.25,8.25,16.75,105.5,0.502,0.45525,0.2115,0.269,26.9,74.45,50.49999999999999,58.75,9.025,10.6,7.325,100.0,109.42500000000001,98.825,50.3125,50.3125,2.0984999999999996,0.46325,BOS,240.0,37.5,91.0,0.41300000000000003,7.0,22.25,0.28475,13.25,18.5,0.722,12.75,37.0,49.75,19.75,5.25,6.5,12.75,19.75,95.25,0.48175,0.4515,0.2455,0.20550000000000002,25.55,73.1,49.50000000000001,52.45,5.425,8.5,11.399999999999999,100.0,98.825,109.42500000000001,49.89375,49.89375,1.91125,0.39475
201603050LAC,ATL,246.25,37.25,78.5,0.47925,10.0,28.0,0.37625,15.75,19.75,0.76,7.25,37.0,44.25,28.25,8.25,7.25,13.25,18.75,100.25,0.5782499999999999,0.5445,0.357,0.25425,18.0,70.5,48.62500000000001,75.85,8.875,11.925,13.2,100.0,110.275,95.6,46.940625,48.2609375,2.14,0.607,ATL,246.25,32.25,89.25,0.35900000000000004,7.25,28.75,0.24675,15.75,20.5,0.7745,15.5,31.25,46.75,20.5,6.5,2.5,11.75,17.5,87.5,0.4425,0.39899999999999997,0.3225,0.23349999999999999,29.5,82.0,51.375,63.125,7.075000000000001,4.8,10.475000000000001,100.0,95.6,110.275,47.61875,48.97389323,1.8297500000000002,0.42774999999999996
201603050MIN,BRK,246.25,39.25,85.25,0.45875,8.25,18.5,0.43925,17.0,24.5,0.69325,9.5,32.25,41.75,27.0,8.75,3.25,13.0,20.0,103.75,0.54,0.50725,0.2175,0.29125,20.975,72.825,46.55,69.25,9.0,5.15,11.9,100.0,106.2,109.75000000000001,50.193749999999994,51.573632812499994,2.0645,0.5375,BRK,246.25,41.25,87.75,0.47075,7.75,23.75,0.32375000000000004,16.75,21.75,0.7755000000000001,12.25,35.5,47.75,21.5,8.0,5.75,15.0,20.75,107.0,0.5509999999999999,0.5155000000000001,0.27149999999999996,0.24675000000000002,27.175,79.025,53.45,51.525,8.175,8.55,13.25,100.0,109.75000000000001,106.2,50.415625,51.79420573,2.1270000000000002,0.42800000000000005
201603050NOP,UTA,240.0,36.0,87.0,0.41625,6.75,22.25,0.2975,14.5,21.75,0.6665000000000001,13.25,31.25,44.5,19.75,7.25,6.0,14.0,19.75,93.25,0.48524999999999996,0.45525,0.25725,0.25725000000000003,27.125,76.35,49.52499999999999,55.175,7.675000000000001,9.325000000000001,12.599999999999998,100.0,100.25000000000001,106.625,49.04062499999999,49.04062499999999,1.9077499999999998,0.40674999999999994,UTA,240.0,38.5,82.25,0.46825,5.75,18.25,0.32375000000000004,16.25,21.5,0.7589999999999999,9.5,35.25,44.75,19.0,8.25,6.25,12.0,19.75,99.0,0.5405,0.50325,0.22249999999999998,0.26125,23.65,72.875,50.475,49.575,8.75,9.375,11.475,100.0,106.625,100.25,47.481249999999996,47.481249999999996,2.09275,0.39599999999999996
201603050NYK,DET,240.0,37.0,80.0,0.46599999999999997,10.25,25.0,0.40775,17.75,27.0,0.6549999999999999,10.25,33.75,44.0,23.25,7.0,1.25,12.75,17.5,102.0,0.5579999999999999,0.5307499999999999,0.3115,0.3395,24.650000000000002,79.425,52.9,62.724999999999994,7.55,1.9500000000000002,12.125,100.0,112.42500000000001,104.75,47.6625,47.6625,2.154,0.49349999999999994,DET,240.0,38.25,81.25,0.47125,6.75,17.5,0.39425,11.75,16.25,0.7425,8.75,30.5,39.25,21.25,6.0,4.5,12.0,22.75,95.0,0.53825,0.513,0.21525000000000002,0.19975,20.575,75.35,47.099999999999994,55.425,6.525,7.925,11.675,100.0,104.75,112.42500000000001,46.10937500000001,46.10937500000001,2.07025,0.4635
201603050SAS,SAC,240.0,40.75,86.75,0.47150000000000003,8.75,25.0,0.3515,16.0,25.0,0.6265000000000001,15.0,29.25,44.25,25.25,8.0,2.5,15.75,20.5,106.25,0.5459999999999999,0.52325,0.293,0.299,32.35,70.85,50.849999999999994,62.125,8.200000000000001,4.025,14.0,100.0,109.725,116.87500000000001,49.6875,49.6875,2.13775,0.507,SAC,240.0,42.5,86.0,0.49449999999999994,8.75,27.5,0.31024999999999997,19.5,22.75,0.81925,12.0,31.0,43.0,22.75,7.75,3.5,15.75,24.5,113.25,0.5905,0.546,0.3195,0.27275,29.15,67.64999999999999,49.150000000000006,53.55,8.0,5.925,14.024999999999999,100.0,116.875,109.725,50.278125,50.278125,2.24925,0.45125000000000004
201603050WAS,IND,240.0,38.0,85.75,0.44475,7.5,20.0,0.36974999999999997,17.25,21.75,0.8105,13.0,32.75,45.75,23.75,8.0,6.5,11.0,21.75,100.75,0.5305,0.48950000000000005,0.23425,0.25375000000000003,27.6,81.1,52.725,62.650000000000006,8.7,11.8,10.45,100.0,109.6,113.69999999999999,47.040625000000006,47.040625000000006,2.14275,0.5057499999999999,IND,240.0,37.0,79.75,0.464,9.75,24.5,0.3815,20.75,25.25,0.81375,7.5,33.25,40.75,18.75,5.0,4.75,11.5,18.75,104.5,0.57575,0.52475,0.30524999999999997,0.31799999999999995,18.9,72.4,47.275,50.75,5.425,7.074999999999999,11.25,100.0,113.69999999999999,109.60000000000001,47.871875,47.871875,2.18475,0.392
201603060DEN,DAL,246.25,45.0,87.0,0.519,10.0,28.25,0.36375,18.0,21.25,0.821,9.25,33.5,42.75,27.75,7.5,3.5,13.0,23.75,118.0,0.613,0.577,0.3225,0.2525,22.85,66.975,47.325,61.574999999999996,7.675000000000001,5.675,11.85,100.0,121.10000000000001,110.0,50.421875,51.786783854999996,2.3405,0.5515000000000001,DAL,246.25,40.0,88.5,0.45400000000000007,8.0,26.75,0.2985,19.25,28.0,0.6930000000000001,17.0,30.5,47.5,22.25,7.75,3.5,14.75,21.5,107.25,0.5335,0.49924999999999997,0.30275,0.316,33.025,77.15,52.675,55.825,7.975,5.9750000000000005,12.775,100.0,110.0,121.10000000000001,49.775000000000006,51.138606769999996,2.1542499999999998,0.44925
201603060DET,POR,240.0,37.75,84.0,0.45025,12.0,27.5,0.44225000000000003,18.25,24.0,0.76425,9.75,36.25,46.0,16.25,4.5,6.0,11.0,23.5,105.75,0.55925,0.522,0.32675,0.2865,22.05,72.775,48.800000000000004,43.05,4.775,8.35,10.4,100.0,112.5,111.575,48.325,48.325,2.18725,0.337,POR,240.0,37.5,88.75,0.4285,5.5,18.25,0.31725000000000003,24.5,30.25,0.8089999999999999,13.75,34.5,48.25,16.0,6.25,5.25,8.75,20.0,105.0,0.51775,0.4605,0.203,0.376,27.225,77.95,51.199999999999996,41.900000000000006,6.625000000000001,9.325000000000001,8.075,100.0,111.575,112.5,49.059375,49.059375,2.1384999999999996,0.3255
201603060LAL,GSW,252.5,46.5,93.25,0.5035000000000001,12.5,31.75,0.40375,14.75,19.75,0.753,8.5,32.75,41.25,30.25,11.5,4.25,12.5,21.25,120.25,0.59425,0.5705,0.34049999999999997,0.21275000000000002,18.475,75.925,47.125,65.025,11.1,6.8,10.9,100.0,116.2,106.95000000000002,53.315625,56.153515625,2.25825,0.5705,GSW,252.5,41.0,88.0,0.46575000000000005,8.75,26.25,0.32375,20.0,26.25,0.76175,10.5,36.25,46.75,23.25,7.25,4.25,17.0,18.25,110.75,0.55675,0.5157499999999999,0.30150000000000005,0.29900000000000004,24.075000000000003,81.525,52.875,57.175,6.975,6.9,14.525,100.0,106.94999999999999,116.2,53.48437499999999,56.2936197925,2.0709999999999997,0.43599999999999994
201603060MEM,PHO,240.0,34.5,82.75,0.41925000000000007,7.0,23.75,0.29525,23.25,32.0,0.73125,10.75,37.5,48.25,15.75,6.0,3.0,14.0,22.5,99.25,0.5137499999999999,0.46199999999999997,0.28600000000000003,0.391,22.950000000000003,77.425,50.425,45.4,6.075,4.45,12.549999999999999,100.0,100.9,108.05000000000001,50.599999999999994,50.599999999999994,1.9635,0.31075,PHO,240.0,38.0,89.25,0.42825,8.75,22.75,0.39225000000000004,21.25,27.0,0.7422500000000001,11.0,36.5,47.5,21.75,9.0,5.25,11.5,25.75,106.0,0.5262499999999999,0.47725,0.253,0.31375,22.575000000000003,77.05,49.575,56.625,9.1,8.925,10.175,100.0,108.04999999999998,100.9,51.2875,51.2875,2.07225,0.4245
201603060MIA,PHI,240.0,38.5,86.5,0.4485,9.25,29.5,0.306,20.0,27.75,0.70625,7.75,29.25,37.0,22.75,8.5,5.25,12.5,24.75,106.25,0.5405,0.5015,0.33999999999999997,0.32675,16.35,73.175,43.975,59.375,8.5,7.9,11.3,100.0,105.775,118.69999999999999,52.215625,52.215625,2.0335,0.43625,PHI,240.0,42.75,86.0,0.4975,7.75,19.25,0.40950000000000003,26.0,31.75,0.8222499999999999,11.0,36.75,47.75,24.25,7.75,6.0,13.75,21.0,119.25,0.59775,0.54325,0.22549999999999998,0.37,26.825000000000003,83.64999999999999,56.025,56.675,7.699999999999999,10.674999999999999,12.075,100.0,118.7,105.775,51.915625000000006,51.915625000000006,2.29775,0.46675000000000005
201603060MIL,OKC,246.25,43.0,90.5,0.47875000000000006,9.25,28.75,0.311,18.0,22.5,0.8157500000000001,13.75,40.75,54.5,23.75,4.75,4.75,18.5,20.75,113.25,0.56675,0.5305,0.319,0.2535,31.125,80.825,57.075,55.25,4.6,7.4,15.524999999999999,100.0,110.6,112.65,52.96874999999999,54.4576822925,2.1375,0.449,OKC,246.25,45.0,96.75,0.46775,10.25,30.75,0.33075,15.0,21.5,0.69825,10.5,30.25,40.75,28.0,12.0,3.25,8.75,17.75,115.25,0.54575,0.52125,0.32225000000000004,0.224,19.175,68.875,42.925,62.275,11.675,4.825,7.6,100.0,112.64999999999999,110.6,52.60625,54.08899739500001,2.193,0.53525
201603060TOR,HOU,240.0,36.75,84.75,0.4335,8.75,32.75,0.27,21.5,31.25,0.69275,11.0,31.75,42.75,22.75,12.25,4.25,17.25,23.0,103.75,0.526,0.4845,0.38649999999999995,0.3695,23.075,77.75,48.575,61.50000000000001,11.774999999999999,7.675,14.850000000000001,100.0,101.65,106.825,52.921875,52.921875,1.9645,0.43100000000000005,HOU,240.0,39.25,81.5,0.484,9.75,23.0,0.44025000000000003,20.5,27.0,0.7497499999999999,8.75,36.5,45.25,26.5,8.5,3.75,19.25,23.5,108.75,0.5825,0.5429999999999999,0.278,0.33725,22.250000000000004,76.925,51.425,67.97500000000001,8.2,7.2,16.900000000000002,100.0,106.82500000000002,101.65,52.4125,52.4125,2.08575,0.50725
201603070CHI,MIL,240.0,39.75,82.5,0.484,7.0,18.0,0.372,23.25,28.75,0.8087500000000001,9.75,30.0,39.75,22.5,12.5,4.25,14.25,22.0,109.75,0.57925,0.52625,0.21724999999999997,0.3505,23.1,67.825,45.949999999999996,56.05,12.725,7.625,13.024999999999999,100.0,111.9,109.8,50.328125,50.328125,2.17675,0.44475,MIL,240.0,38.25,82.5,0.46249999999999997,9.75,25.75,0.37875000000000003,21.25,29.5,0.71475,14.25,32.75,47.0,27.5,8.25,5.0,19.0,23.0,107.5,0.5625,0.5212500000000001,0.3115,0.36350000000000005,32.175,76.9,54.074999999999996,72.7,8.375,7.75,16.525,100.0,109.8,111.9,50.63125,50.63125,2.125,0.54425
201603070CHO,MIN,240.0,40.0,82.0,0.493,7.25,19.25,0.38375000000000004,20.75,26.75,0.7719999999999999,12.75,30.0,42.75,24.25,7.5,4.5,17.75,21.25,108.0,0.583,0.5375,0.23324999999999999,0.3285,28.450000000000003,75.72500000000001,52.35000000000001,59.425000000000004,7.675,7.475,15.825,100.0,111.10000000000001,119.75,49.853125000000006,49.853125000000006,2.17775,0.4905,MIN,240.0,44.25,87.0,0.50875,11.75,28.75,0.41725,16.25,20.0,0.80575,9.75,28.5,38.25,25.5,9.25,4.75,14.5,22.0,116.5,0.60825,0.5765,0.33025,0.22875,24.275000000000002,71.55,47.675,57.45,9.475,7.5,13.125,100.0,119.75,111.1,50.625,50.625,2.30375,0.505
201603070CLE,MEM,240.0,35.0,78.75,0.445,5.5,19.5,0.27625,24.75,30.25,0.8217500000000001,9.75,26.25,36.0,19.5,8.5,4.0,12.0,22.0,100.25,0.5445,0.47975,0.24800000000000003,0.3865,22.574999999999996,69.675,44.75,55.75,9.2,7.75,11.4,100.0,109.72500000000001,107.05,47.684375,47.684375,2.10225,0.40750000000000003,MEM,240.0,37.0,75.75,0.48924999999999996,8.5,24.5,0.33949999999999997,15.25,22.25,0.693,11.5,32.5,44.0,25.75,4.75,3.75,18.75,24.0,97.75,0.57325,0.54575,0.32425000000000004,0.29675,30.325,77.42500000000001,55.25,69.375,5.1499999999999995,6.325,17.875,100.0,107.05000000000001,109.725,46.784375,46.784375,2.09475,0.5495
201603070DAL,LAC,240.0,39.5,87.25,0.45375,9.75,29.0,0.33925000000000005,16.75,22.75,0.74875,9.25,34.25,43.5,22.0,8.75,5.25,10.75,20.5,105.5,0.5439999999999999,0.5105,0.33375000000000005,0.26325,19.75,72.575,46.275000000000006,56.325,8.975,8.8,10.025,100.0,109.25,105.05,49.778125,49.778125,2.12575,0.44199999999999995,LAC,240.0,36.25,85.5,0.42475,10.0,26.25,0.39425,19.25,25.25,0.7965000000000001,13.0,38.0,51.0,23.0,7.0,4.25,16.0,22.25,101.75,0.52725,0.48400000000000004,0.30374999999999996,0.31000000000000005,27.425,80.25,53.725,63.85,7.275,7.125,14.149999999999999,100.0,105.05000000000001,109.25000000000001,50.246875,50.246875,2.026,0.45775
201603070GSW,ORL,240.0,41.0,93.75,0.4425,8.25,23.5,0.37925000000000003,15.75,20.25,0.75075,11.75,35.0,46.75,25.5,9.25,4.75,13.0,25.25,106.0,0.52025,0.48675,0.24975000000000003,0.21925,23.2,86.075,51.675000000000004,62.25,9.1,7.5,11.25,100.0,103.975,105.225,52.309375,52.309375,2.03375,0.49,ORL,240.0,39.25,82.75,0.48075000000000007,6.25,18.5,0.34349999999999997,22.25,29.5,0.7377499999999999,5.5,38.25,43.75,22.25,6.75,4.5,14.25,18.25,107.0,0.5635000000000001,0.51925,0.22599999999999998,0.37375,13.925,76.80000000000001,48.325,56.550000000000004,6.625,6.500000000000001,12.95,100.0,105.225,103.975,52.756249999999994,52.756249999999994,2.03275,0.42350000000000004
201603070IND,SAS,240.0,39.0,80.5,0.48424999999999996,6.75,19.25,0.34099999999999997,15.0,17.75,0.8625,7.0,37.75,44.75,26.75,6.5,6.25,13.25,18.25,99.75,0.56475,0.5265,0.24,0.22375,18.475,83.325,53.6,68.875,6.9,10.025,12.825,100.0,105.425,93.75,47.590625,47.590625,2.096,0.5615,SAS,240.0,34.5,83.0,0.41600000000000004,7.0,21.0,0.336,12.75,18.5,0.7397499999999999,7.5,31.25,38.75,20.5,6.75,3.25,14.75,18.0,88.75,0.487,0.458,0.2525,0.2265,16.675,81.525,46.400000000000006,59.525000000000006,7.05,5.5,13.875,100.0,93.75,105.42500000000001,49.51875,49.51875,1.791,0.41425
201603070NOP,SAC,240.0,41.5,87.5,0.47675000000000006,7.25,23.0,0.32025000000000003,12.75,21.0,0.61075,13.5,28.0,41.5,25.75,9.75,2.75,16.5,19.5,103.0,0.5345,0.5185,0.2655,0.24525,28.974999999999998,69.97500000000001,48.349999999999994,62.35000000000001,9.925,4.5,14.725,100.0,105.275,112.3,50.2375,50.2375,2.0515000000000003,0.51275,SAC,240.0,41.75,84.0,0.49724999999999997,8.5,26.0,0.31975,18.0,21.0,0.8182499999999999,12.0,32.25,44.25,26.0,7.75,3.75,19.0,23.0,110.0,0.5905,0.54825,0.309,0.2585,30.025,71.02499999999999,51.650000000000006,62.449999999999996,7.949999999999999,6.0,16.924999999999997,100.0,112.3,105.275,50.4875,50.4875,2.1742500000000002,0.51475
201603080DEN,NYK,240.0,37.25,86.5,0.433,6.25,18.75,0.33175,12.25,15.5,0.80075,9.5,34.75,44.25,17.0,5.0,5.25,9.75,18.0,93.0,0.49974999999999997,0.46824999999999994,0.216,0.18075,20.0,74.15,46.775,45.225,5.45,7.650000000000001,9.475,100.0,100.775,107.15,47.056250000000006,47.056250000000006,1.9785,0.36174999999999996,NYK,240.0,38.5,88.5,0.43574999999999997,5.75,21.0,0.23900000000000002,16.25,20.25,0.8007500000000001,12.0,38.5,50.5,18.75,7.0,3.5,9.75,17.75,99.0,0.5085000000000001,0.46824999999999994,0.23525000000000001,0.2295,25.85,80.0,53.224999999999994,48.324999999999996,7.575,5.125,9.075,100.0,107.14999999999999,100.77499999999999,47.934375,47.934375,2.0645,0.39025000000000004
201603080LAL,ORL,240.0,38.75,94.75,0.411,7.0,24.75,0.28250000000000003,17.25,22.5,0.73675,12.5,36.5,49.0,24.5,10.5,4.0,13.75,23.75,101.75,0.48725,0.44775,0.2615,0.241,23.75,82.75,50.775000000000006,62.974999999999994,10.15,6.300000000000001,11.625,100.0,98.525,104.55000000000001,53.34375,53.34375,1.91175,0.46225,ORL,240.0,39.5,84.5,0.47275000000000006,9.0,21.75,0.401,19.75,27.0,0.7177499999999999,7.25,40.5,47.75,24.0,8.5,4.5,16.0,19.5,107.75,0.56325,0.5267499999999999,0.25875,0.33375,17.25,76.25,49.224999999999994,60.425000000000004,8.175,6.525,14.1,100.0,104.55,98.525,53.037499999999994,53.037499999999994,2.0355,0.45325000000000004
201603080MIN,SAS,240.0,38.25,85.5,0.45099999999999996,5.75,21.5,0.27149999999999996,14.25,16.25,0.8819999999999999,9.75,37.25,47.0,24.5,6.75,6.75,12.0,17.75,96.5,0.52525,0.4855,0.2505,0.18899999999999997,21.5,83.575,53.5,63.675,7.225,10.75,11.375,100.0,102.875,96.05000000000001,47.734375,47.734375,2.0220000000000002,0.51325,SAS,240.0,33.75,81.5,0.41425,6.75,18.75,0.3655,15.75,20.5,0.79125,7.25,33.75,41.0,20.5,6.75,4.0,13.5,15.75,90.0,0.49724999999999997,0.45575,0.22925,0.25725,16.425,78.5,46.5,60.8,7.1,6.324999999999999,12.875,100.0,96.05000000000001,102.875,48.743750000000006,48.743750000000006,1.84925,0.42074999999999996
201603080POR,WAS,240.0,39.0,85.75,0.454,6.5,21.0,0.30724999999999997,16.0,23.0,0.6895,10.75,34.75,45.5,22.25,5.75,4.5,16.0,19.75,100.5,0.5237499999999999,0.49199999999999994,0.2465,0.26725,24.5,80.65,52.275,56.375,5.9,7.449999999999999,14.35,100.0,102.82499999999999,106.1,50.962500000000006,50.962500000000006,1.9680000000000002,0.43474999999999997,WAS,240.0,38.5,84.25,0.45575,8.5,23.5,0.36174999999999996,18.0,22.75,0.7809999999999999,8.25,33.25,41.5,20.5,8.25,3.75,12.75,23.5,103.5,0.549,0.505,0.275,0.277,19.349999999999998,75.5,47.724999999999994,52.7,8.475,5.75,11.9,100.0,106.1,102.82499999999999,49.778125,49.778125,2.0805,0.40950000000000003
201603080TOR,BRK,246.25,40.5,87.25,0.46199999999999997,8.75,21.25,0.40900000000000003,19.0,26.75,0.7142499999999999,11.75,28.0,39.75,26.0,7.5,3.75,12.0,20.0,108.75,0.5485,0.5122500000000001,0.2435,0.3115,25.85,76.2,48.25,65.425,7.9,6.15,10.774999999999999,100.0,113.175,120.9,50.103125000000006,51.483007812500006,2.1654999999999998,0.51875,BRK,246.25,45.0,84.5,0.5377500000000001,9.0,23.25,0.40025000000000005,17.0,21.0,0.81,9.25,34.0,43.25,27.0,7.25,5.5,12.75,22.5,116.0,0.6234999999999999,0.5920000000000001,0.2745,0.24874999999999997,23.8,74.15,51.75,59.375,7.574999999999999,8.325,11.975000000000001,100.0,120.9,113.175,48.9875,50.36608073,2.3725,0.5525
201603080UTA,ATL,246.25,38.0,78.5,0.48750000000000004,10.75,26.25,0.41725,14.5,18.75,0.74325,6.5,39.0,45.5,27.75,7.0,5.25,15.0,20.0,101.25,0.58575,0.55725,0.33725,0.243,16.325,75.625,50.35,73.175,7.3999999999999995,9.475,14.600000000000001,100.0,109.30000000000001,96.10000000000001,47.953125,49.2734375,2.119,0.58675,ATL,246.25,32.75,87.0,0.3755,9.0,31.75,0.278,15.25,22.0,0.71025,12.75,32.0,44.75,21.25,8.25,4.5,11.25,17.5,89.75,0.46275000000000005,0.4275,0.367,0.2595,24.375,83.675,49.65,64.45,8.725,7.925,10.350000000000001,100.0,96.1,109.30000000000001,47.975,49.330143230000004,1.8610000000000002,0.4395
201603090BOS,MEM,240.0,36.25,81.5,0.44425000000000003,6.25,19.5,0.31375000000000003,22.25,26.75,0.8317500000000001,11.0,27.0,38.0,18.5,10.75,5.0,14.0,24.5,101.0,0.54125,0.48275,0.23950000000000002,0.3305,24.799999999999997,67.8,45.099999999999994,51.025,11.225,9.675,12.95,100.0,107.5,106.025,48.603125,48.603125,2.0785,0.37825000000000003,MEM,240.0,36.0,77.0,0.4685,8.25,25.5,0.31975,19.25,27.0,0.7000000000000001,12.75,33.5,46.25,24.75,6.25,4.5,20.25,23.0,99.5,0.5607500000000001,0.5225,0.33175,0.35425,32.2,75.19999999999999,54.900000000000006,68.475,6.549999999999999,7.1499999999999995,18.349999999999998,100.0,106.025,107.5,48.6625,48.6625,2.05275,0.5095000000000001
201603090CHO,NOP,240.0,38.5,91.25,0.42125,9.5,26.25,0.36624999999999996,11.0,14.5,0.8005,7.25,32.5,39.75,23.75,9.75,4.5,14.5,22.25,97.5,0.49775,0.4735,0.2885,0.15775,14.725000000000001,81.55,44.575,62.325,9.35,8.025,12.7,100.0,95.9,101.69999999999999,52.69375,52.69375,1.84875,0.45325,NOP,240.0,37.5,80.75,0.464,6.0,25.25,0.26175,22.0,26.75,0.8515,7.25,42.0,49.25,24.25,9.75,7.5,17.0,16.75,103.0,0.5572499999999999,0.5015000000000001,0.312,0.33125,18.450000000000003,85.27499999999999,55.425,64.67500000000001,9.375,11.874999999999998,15.3,100.0,101.69999999999999,95.9,51.603125,51.603125,2.00525,0.47475
201603090DAL,DET,240.0,38.0,81.25,0.47225,9.0,22.5,0.4035000000000001,16.75,23.25,0.715,9.5,32.25,41.75,20.5,4.5,1.0,11.5,19.25,101.75,0.55925,0.52925,0.27825,0.29275,22.9,84.22500000000001,52.825,53.925,4.925,1.6999999999999997,11.2,100.0,112.85,111.75,47.146875,47.146875,2.16625,0.439,DET,240.0,39.75,80.25,0.49525,7.0,20.5,0.32375,14.25,17.0,0.8365,6.0,31.75,37.75,20.75,6.25,3.0,9.0,20.25,100.75,0.574,0.539,0.2575,0.21375,15.775,77.10000000000001,47.175,52.12500000000001,6.875,4.975,9.225,100.0,111.75,112.85000000000001,45.6625,45.6625,2.2115,0.45675
201603090GSW,UTA,240.0,34.0,80.5,0.424,7.0,22.75,0.30425,18.0,23.75,0.7455,11.75,34.5,46.25,20.25,6.5,6.25,15.0,17.5,93.0,0.5125,0.46725000000000005,0.281,0.29825,26.375,81.7,53.300000000000004,59.474999999999994,7.0249999999999995,9.8,14.0,100.0,101.375,104.55,47.51562499999999,47.51562499999999,1.96475,0.42899999999999994,UTA,240.0,38.25,83.25,0.46125000000000005,6.75,21.0,0.32225,12.5,16.25,0.75425,7.25,32.75,40.0,16.5,7.5,4.75,11.0,21.5,95.75,0.5305,0.5015000000000001,0.25425,0.19824999999999998,18.3,73.625,46.7,43.275,8.125,8.250000000000002,10.875,100.0,104.55,101.375,47.359375,47.359375,2.03025,0.34550000000000003
201603090MIL,MIA,240.0,41.75,82.25,0.511,7.0,14.75,0.47824999999999995,22.5,29.0,0.77325,10.0,38.0,48.0,23.25,6.0,8.5,13.75,21.25,113.0,0.5982500000000001,0.554,0.179,0.35125,25.299999999999997,79.1,56.025,55.55,6.275,14.0,12.65,100.0,117.72500000000001,105.05000000000001,49.8875,49.8875,2.26575,0.46475000000000005,MIA,240.0,36.75,88.0,0.41800000000000004,9.0,26.75,0.3375,18.25,25.5,0.7097500000000001,10.25,27.5,37.75,18.25,8.5,4.0,9.25,23.5,100.75,0.508,0.46900000000000003,0.30375,0.29025,20.9,74.7,43.974999999999994,49.4,8.774999999999999,5.85,8.549999999999999,100.0,105.05000000000001,117.725,49.55625,49.55625,2.03175,0.36824999999999997
201603090OKC,LAC,240.0,38.5,85.75,0.45049999999999996,10.5,29.75,0.35550000000000004,16.0,23.5,0.7010000000000001,8.0,37.25,45.25,22.0,9.75,6.0,11.0,20.0,103.5,0.54075,0.5125,0.34875,0.27749999999999997,16.525,74.575,46.35,57.400000000000006,9.975,10.075,10.325000000000001,100.0,106.4,99.95,49.95625,49.95625,2.0772500000000003,0.44075,LAC,240.0,35.25,86.25,0.40825000000000006,8.0,26.5,0.30925,19.0,24.0,0.8172499999999999,12.75,40.0,52.75,22.0,6.75,3.75,15.75,21.25,97.5,0.50375,0.4545,0.304,0.29025,25.425,83.475,53.65,62.375,7.000000000000001,6.375,13.925,100.0,99.94999999999999,106.4,50.325,50.325,1.9369999999999998,0.437
201603090PHI,HOU,240.0,37.5,83.25,0.45100000000000007,10.0,33.75,0.302,23.5,35.0,0.67325,10.75,31.5,42.25,24.75,13.25,4.25,16.25,21.5,108.5,0.5502499999999999,0.51125,0.405,0.4225,22.725,77.625,48.375,65.7,12.825,8.2,14.0,100.0,106.57499999999999,107.5,52.6875,52.6875,2.0709999999999997,0.47375,HOU,240.0,39.25,81.75,0.48249999999999993,10.75,26.5,0.42600000000000005,20.25,26.75,0.7477499999999999,8.75,36.25,45.0,27.25,9.5,4.25,19.75,24.25,109.5,0.58575,0.54775,0.32275,0.33299999999999996,22.375000000000004,77.275,51.625,70.0,9.275,8.55,17.3,100.0,107.5,106.57499999999999,52.728125,52.728125,2.0869999999999997,0.51925
201603090PHO,NYK,240.0,37.5,83.5,0.451,6.25,19.5,0.315,15.0,19.0,0.783,8.0,37.25,45.25,18.25,3.25,5.25,11.0,17.25,96.25,0.526,0.48775,0.23299999999999998,0.23299999999999998,18.2,76.125,48.525,48.625,3.5,7.575,10.7,100.0,102.82500000000002,108.67500000000001,47.7625,47.7625,2.0195,0.38225000000000003,NYK,240.0,39.75,92.25,0.4305,7.0,24.25,0.27925,15.5,19.75,0.7825,11.75,36.5,48.25,19.5,7.0,3.25,7.5,18.75,102.0,0.505,0.469,0.2645,0.21500000000000002,23.875,81.8,51.474999999999994,48.25,7.425000000000001,5.050000000000001,6.925000000000001,100.0,108.675,102.825,48.690625,48.690625,2.093,0.39725000000000005
201603090SAC,CLE,240.0,38.75,83.75,0.46275,9.5,28.75,0.33199999999999996,20.75,26.0,0.79575,11.25,34.5,45.75,24.0,7.5,4.5,15.0,19.25,107.75,0.5655,0.5189999999999999,0.34450000000000003,0.31425,27.95,78.325,54.224999999999994,62.050000000000004,7.824999999999999,7.25,13.399999999999999,100.0,113.42500000000001,102.05000000000001,49.925,49.925,2.1622500000000002,0.48150000000000004,CLE,240.0,36.75,81.75,0.4495,6.75,20.25,0.33225,16.75,22.0,0.7805000000000001,9.5,29.25,38.75,19.25,8.5,6.25,14.25,22.5,97.0,0.5305,0.491,0.24825,0.2695,21.675,72.05,45.775000000000006,52.0,8.850000000000001,11.474999999999998,13.425,100.0,102.05000000000001,113.42500000000001,48.475,48.475,2.0045,0.39925
201603100DEN,PHO,240.0,36.0,80.0,0.4525,7.75,23.25,0.33075,20.25,27.75,0.726,8.5,36.5,45.0,17.5,6.0,2.5,13.25,21.0,100.0,0.5449999999999999,0.50225,0.29175000000000006,0.35525,20.225,78.55,49.925,48.425000000000004,6.199999999999999,3.75,12.5,100.0,104.875,110.425,48.965625,48.965625,2.05225,0.36100000000000004,PHO,240.0,38.25,86.5,0.4475,10.5,22.5,0.47750000000000004,18.0,24.0,0.7202500000000001,10.25,34.5,44.75,23.25,7.75,5.75,11.5,25.25,105.0,0.5465,0.50975,0.26,0.2865,21.45,79.775,50.074999999999996,60.025,8.0,10.0,10.575,100.0,110.425,104.875,49.575,49.575,2.13225,0.4705
201603100LAL,CLE,240.0,39.75,85.5,0.4655,10.5,32.5,0.32825,22.75,28.5,0.7929999999999999,12.75,35.75,48.5,22.75,7.75,4.25,15.5,20.75,112.75,0.57475,0.5265,0.37949999999999995,0.33625,29.525,80.9,55.400000000000006,57.225,7.949999999999999,6.85,13.524999999999999,100.0,115.30000000000001,102.80000000000001,50.89375,50.89375,2.2195,0.44925,CLE,240.0,37.5,82.75,0.45275,6.75,21.25,0.31225,19.0,26.25,0.727,8.5,30.75,39.25,18.5,8.5,4.0,13.75,23.5,100.75,0.5335000000000001,0.49375,0.2575,0.31775000000000003,19.099999999999998,70.5,44.599999999999994,48.949999999999996,8.600000000000001,7.449999999999999,12.7,100.0,102.80000000000001,115.30000000000001,50.234375,50.234375,2.00375,0.36725
201603100SAS,CHI,240.0,38.5,86.5,0.44899999999999995,9.0,22.0,0.40575,16.0,21.5,0.7305,7.75,35.75,43.5,26.75,7.25,4.75,14.75,19.5,102.0,0.5355,0.502,0.25875,0.2555,18.475,78.75,48.25,69.875,7.2,7.125000000000001,13.225,100.0,102.1,105.12500000000001,51.85625,51.85625,1.9700000000000002,0.5195,CHI,240.0,40.5,88.0,0.46875,7.25,21.5,0.36974999999999997,17.0,23.5,0.72,10.25,36.0,46.25,24.75,8.5,6.25,13.5,20.75,105.25,0.54175,0.51,0.243,0.271,21.25,81.525,51.75,61.875,8.4,9.625,12.1,100.0,105.125,102.1,51.20625,51.20625,2.0625,0.48624999999999996
201603100TOR,ATL,246.25,38.0,79.25,0.48275,10.75,28.25,0.3795,15.5,21.0,0.71825,6.0,37.75,43.75,24.25,8.25,5.0,15.25,20.0,102.25,0.5805,0.55225,0.36024999999999996,0.27049999999999996,14.599999999999998,73.225,47.675,63.974999999999994,8.55,8.600000000000001,14.55,100.0,107.35000000000001,95.55,49.2375,50.5578125,2.088,0.49874999999999997,ATL,246.25,33.5,88.25,0.3795,9.0,30.25,0.2905,15.75,22.0,0.732,14.0,34.0,48.0,21.25,9.0,4.5,14.75,18.0,91.75,0.46775000000000005,0.43074999999999997,0.34375,0.25525,26.775,85.39999999999999,52.325,62.95,9.25,8.075,13.100000000000001,100.0,95.55,107.35000000000001,49.725,51.080143230000004,1.84075,0.427
201603110BOS,HOU,240.0,36.75,83.0,0.44375000000000003,9.0,33.0,0.28099999999999997,25.25,36.5,0.69075,11.0,32.25,43.25,22.75,13.75,5.25,15.5,21.5,107.75,0.54425,0.4985,0.39749999999999996,0.4412499999999999,24.275,75.675,48.95,61.875,13.5,10.174999999999999,13.4,100.0,107.30000000000001,102.85000000000001,52.41875,52.41875,2.06875,0.4375,HOU,240.0,36.0,83.0,0.43600000000000005,11.75,31.0,0.38375000000000004,19.75,26.5,0.738,10.25,34.75,45.0,25.5,8.5,4.5,20.0,25.25,103.5,0.54825,0.5065,0.37250000000000005,0.32425,24.325,75.725,51.05,70.8,8.375,8.95,17.325,100.0,102.85,107.30000000000001,52.66875,52.66875,1.9737500000000001,0.486
201603110CHI,MIA,240.0,39.25,83.0,0.47350000000000003,7.0,15.5,0.45325000000000004,22.25,27.5,0.8200000000000001,11.5,36.75,48.25,22.0,6.25,7.75,13.75,21.5,107.75,0.56775,0.51625,0.187,0.3295,29.124999999999996,76.52499999999999,55.2,55.8,6.625,12.675,12.625,100.0,114.075,107.575,49.15625,49.15625,2.1942500000000003,0.44675,MIA,240.0,37.0,85.5,0.43525,7.25,23.0,0.343,20.25,28.25,0.7124999999999999,11.25,27.75,39.0,20.0,7.75,3.5,10.25,22.75,101.5,0.51925,0.47725,0.26475000000000004,0.33375,23.475,70.89999999999999,44.8,53.275,8.125,5.075,9.5,100.0,107.57500000000002,114.07499999999999,48.959375,48.959375,2.0730000000000004,0.4085
201603110CHO,DET,240.0,37.25,84.75,0.43975000000000003,8.25,23.5,0.35625,16.0,24.0,0.6715,11.5,33.5,45.0,18.25,5.75,1.5,11.75,17.75,98.75,0.517,0.48874999999999996,0.27675,0.28600000000000003,25.075,85.27499999999999,53.25,49.35,6.25,2.625,11.025,100.0,106.825,107.95,48.2,48.2,2.04525,0.3775,DET,240.0,39.75,81.75,0.48650000000000004,6.75,22.75,0.27975,13.25,15.25,0.8604999999999999,5.75,34.0,39.75,21.75,6.5,3.25,9.75,19.0,99.5,0.5625,0.528,0.279,0.1895,14.725,74.95,46.75,54.7,7.0249999999999995,5.299999999999999,9.9,100.0,107.95,106.825,46.496874999999996,46.496874999999996,2.14175,0.46950000000000003
201603110GSW,POR,246.25,37.25,83.5,0.44625000000000004,10.75,27.75,0.3895,21.5,27.25,0.7935,9.5,32.5,42.0,17.75,4.75,3.5,14.5,26.5,106.75,0.5585,0.5105000000000001,0.33425,0.32575,21.450000000000003,72.6,47.3,47.475,4.925,4.8,13.1,100.0,108.7,118.85000000000001,50.721875000000004,52.16360677,2.1027500000000003,0.34750000000000003,POR,246.25,41.5,89.25,0.47200000000000003,8.25,20.0,0.4285,25.0,32.25,0.76325,12.5,33.75,46.25,20.0,7.5,4.5,10.5,24.25,116.25,0.56875,0.51925,0.22149999999999997,0.39875,27.4,78.55,52.699999999999996,47.400000000000006,7.6,7.8500000000000005,9.4,100.0,118.85000000000001,108.7,51.284375000000004,52.715690105,2.27575,0.38675000000000004
201603110LAC,NYK,240.0,40.75,82.0,0.49750000000000005,8.75,20.25,0.41025,16.75,20.5,0.8107500000000001,7.75,36.75,44.5,23.25,4.25,6.5,11.5,17.5,107.0,0.588,0.55025,0.2465,0.255,19.5,75.475,50.425,57.15,4.55,9.6,11.225000000000001,100.0,114.1,106.625,47.74374999999999,47.74374999999999,2.24325,0.486,NYK,240.0,40.25,92.5,0.435,6.25,24.0,0.25675000000000003,13.5,18.5,0.72425,12.0,32.0,44.0,19.25,7.25,1.5,8.5,19.5,100.25,0.49750000000000005,0.469,0.26075,0.2005,24.525,80.5,49.575,47.025,7.7,2.4499999999999997,7.824999999999999,100.0,106.625,114.1,48.89375,48.89375,2.0477499999999997,0.3905
201603110MEM,NOP,240.0,39.5,90.0,0.43900000000000006,8.5,25.25,0.3475,14.5,18.25,0.8327499999999999,7.25,32.5,39.75,23.25,7.75,4.5,11.75,21.0,102.0,0.519,0.48624999999999996,0.28275,0.20400000000000001,15.0,83.55,45.65,59.4,7.575,8.0,10.575,100.0,102.65,109.6,51.584375,51.584375,1.9722499999999998,0.45275,NOP,240.0,38.0,81.0,0.46875,9.0,25.25,0.34750000000000003,23.5,26.75,0.891,6.25,41.0,47.25,24.5,7.5,6.0,13.0,17.75,108.5,0.58375,0.5245,0.31074999999999997,0.32975,16.450000000000003,85.0,54.35,64.6,7.449999999999999,9.075,12.075,100.0,109.6,102.65,50.228125,50.228125,2.16275,0.48950000000000005
201603110OKC,MIN,240.0,42.25,80.5,0.52775,6.25,17.5,0.352,16.0,19.75,0.7989999999999999,7.75,30.0,37.75,25.25,8.0,5.25,16.75,21.0,106.75,0.6005,0.56675,0.21699999999999997,0.24775000000000003,19.925,74.57499999999999,48.1,58.775,8.175,8.4,15.600000000000001,100.0,110.025,118.075,49.440625,49.440625,2.16775,0.51325,MIN,240.0,44.0,87.5,0.504,9.75,24.75,0.385,16.75,20.5,0.8255,10.25,30.25,40.5,22.75,10.25,6.0,13.75,18.25,114.5,0.59425,0.5595,0.28225,0.23424999999999999,25.425,80.07499999999999,51.925,51.6,10.575,9.45,12.425,100.0,118.075,110.025,50.36874999999999,50.36874999999999,2.27875,0.45525000000000004
201603110PHI,BRK,246.25,43.0,88.5,0.486,8.25,19.5,0.42874999999999996,15.5,20.75,0.79,10.5,25.5,36.0,25.5,6.75,5.0,12.5,20.75,109.75,0.56275,0.5325,0.21825,0.23174999999999998,24.75,72.5,46.650000000000006,59.599999999999994,7.1000000000000005,8.525,11.4,100.0,114.6,120.97500000000001,50.178124999999994,51.558007812499994,2.18325,0.5075,BRK,246.25,44.0,83.25,0.5327500000000001,9.25,23.25,0.41125,18.5,23.25,0.79125,10.25,31.25,41.5,27.5,7.5,6.25,14.0,20.75,115.75,0.62375,0.5895,0.279,0.28075,27.5,75.25,53.349999999999994,62.175000000000004,7.875,9.1,13.05,100.0,120.97500000000001,114.6,49.021875,50.40045573,2.3655,0.56275
201603110SAC,ORL,240.0,37.75,91.0,0.42000000000000004,6.0,22.0,0.27325,17.75,24.25,0.70025,9.0,37.5,46.5,22.0,9.0,4.0,12.25,22.5,99.25,0.4915,0.45275,0.2415,0.27475,16.95,81.19999999999999,47.825,58.15,8.625,6.424999999999999,10.725000000000001,100.0,96.7,101.75,52.884375,52.884375,1.8802500000000002,0.41525,ORL,240.0,38.75,85.5,0.45675000000000004,9.0,23.75,0.36575,17.75,25.0,0.7037500000000001,8.25,41.75,50.0,22.5,8.5,4.0,16.0,20.25,104.25,0.54325,0.50975,0.28025,0.304,18.8,83.05000000000001,52.2,57.85,8.225,5.75,14.075,100.0,101.75,96.69999999999999,52.5625,52.5625,1.98675,0.4275
201603110UTA,WAS,246.25,39.5,88.25,0.447,7.0,21.0,0.33225000000000005,12.75,21.0,0.6154999999999999,10.25,33.25,43.5,22.5,6.5,4.25,15.25,22.5,98.75,0.50725,0.48649999999999993,0.24075000000000002,0.23825000000000002,21.525,76.89999999999999,48.15,56.3,6.5,6.75,13.625,100.0,99.475,106.35,51.612500000000004,53.043815105,1.9100000000000001,0.43374999999999997,WAS,246.25,38.0,84.25,0.45025,8.5,21.5,0.38775,21.0,25.25,0.83175,10.0,36.75,46.75,19.75,6.75,3.75,15.0,23.5,105.5,0.55275,0.49950000000000006,0.2525,0.305,23.099999999999998,78.475,51.849999999999994,51.625,6.949999999999999,5.574999999999999,13.450000000000001,100.0,106.35,99.475,50.621875,52.06360677,2.085,0.38825
201603120ATL,MEM,246.25,38.0,86.5,0.437,7.25,20.5,0.36324999999999996,22.5,29.5,0.767,11.75,31.0,42.75,21.75,11.0,6.25,13.75,25.25,105.75,0.53125,0.47975,0.241,0.34275,24.35,73.42500000000001,47.125,57.275,10.825000000000001,11.274999999999999,12.125,100.0,106.1,111.35,51.256249999999994,52.704166667500004,2.06175,0.42175,MEM,246.25,39.0,83.5,0.47000000000000003,10.25,28.25,0.35775,22.25,29.25,0.76575,11.25,36.75,48.0,24.0,6.75,5.75,17.5,24.75,110.5,0.57775,0.5327500000000001,0.34375,0.354,26.575,75.65,52.875,61.75,6.725,8.799999999999999,15.350000000000001,100.0,111.35000000000001,106.1,51.821875000000006,53.308203125000006,2.14575,0.467
201603120CHO,HOU,240.0,37.75,84.75,0.4465,9.5,30.75,0.3075,23.25,33.25,0.69625,12.75,30.25,43.0,22.5,12.0,3.75,14.5,23.25,108.25,0.5449999999999999,0.5035,0.36324999999999996,0.39499999999999996,27.975,71.575,48.525,59.85,12.1,7.175000000000001,12.649999999999999,100.0,110.325,106.0,51.146874999999994,51.146874999999994,2.123,0.4415,HOU,240.0,35.5,83.25,0.4295,10.25,29.5,0.35375,23.0,30.25,0.7615,12.25,33.25,45.5,25.5,9.5,4.5,18.0,22.5,104.25,0.5427500000000001,0.4915,0.35500000000000004,0.36525,28.424999999999997,72.025,51.475,71.775,9.65,8.524999999999999,15.624999999999998,100.0,106.0,110.325,51.684375,51.684375,2.02,0.494
201603120DAL,IND,240.0,36.0,82.75,0.4355,8.25,21.25,0.39799999999999996,20.75,24.25,0.8580000000000001,10.5,35.75,46.25,21.0,7.5,5.25,11.25,23.25,101.0,0.5415,0.48550000000000004,0.25475000000000003,0.296,24.2,76.875,51.400000000000006,58.275000000000006,8.05,8.425,10.775,100.0,108.75,106.82499999999999,47.509375,47.509375,2.1265,0.442,IND,240.0,36.25,85.0,0.42999999999999994,6.5,22.0,0.294,20.25,25.25,0.7975,11.25,32.75,44.0,18.5,6.0,5.0,11.75,20.0,99.25,0.521,0.46925,0.25925000000000004,0.30275,23.125,75.8,48.599999999999994,50.5,6.449999999999999,8.1,10.9,100.0,106.82500000000002,108.75,48.746874999999996,48.746874999999996,2.0395,0.37825
201603120DEN,WAS,246.25,37.75,87.25,0.4315,6.0,19.75,0.3105,14.5,23.25,0.62425,10.5,31.25,41.75,21.25,6.75,3.75,14.5,24.0,96.0,0.492,0.4654999999999999,0.22950000000000004,0.26825,21.875,78.825,47.25,55.699999999999996,6.824999999999999,6.025,13.025,100.0,97.45,111.32499999999999,51.146875,52.578190105,1.87325,0.41300000000000003,WAS,246.25,39.5,82.25,0.48525,9.5,22.0,0.43925,21.0,26.25,0.80925,8.75,37.25,46.0,19.25,7.25,4.25,14.75,23.25,109.5,0.58675,0.543,0.2655,0.3335,21.175,78.125,52.75,48.224999999999994,7.525,6.449999999999999,13.525,100.0,111.325,97.44999999999999,50.359375,51.80110677,2.1759999999999997,0.38
201603120GSW,PHO,240.0,36.0,81.75,0.44475,8.0,24.75,0.3275,21.5,29.25,0.7284999999999999,11.0,37.5,48.5,19.25,5.25,3.0,14.5,19.5,101.5,0.5407500000000001,0.495,0.3035,0.36575,24.424999999999997,77.175,51.75,53.725,5.4,4.575,13.3,100.0,105.875,111.825,49.571875,49.571875,2.05925,0.39225,PHO,240.0,39.25,88.5,0.44799999999999995,11.5,25.25,0.46125,17.0,22.5,0.7275,11.25,33.75,45.0,23.75,8.75,6.5,11.25,26.5,107.0,0.5489999999999999,0.5145,0.28575,0.2635,22.825,75.575,48.25,59.75,9.0,11.175,10.25,100.0,111.825,105.875,49.59375,49.59375,2.17125,0.48025
201603120MIL,NOP,246.25,41.25,91.75,0.45025,8.25,25.25,0.33725,18.25,24.75,0.7517499999999999,9.25,34.75,44.0,23.25,7.75,5.0,13.25,24.5,109.0,0.53125,0.49525,0.27775,0.27,18.4,82.025,47.675,56.675,7.35,8.149999999999999,11.25,100.0,105.62500000000001,112.0,53.753125,55.239453125,2.02725,0.43475,NOP,246.25,40.75,84.75,0.48025,8.5,23.5,0.3595,25.25,31.0,0.82175,7.5,40.0,47.5,24.5,9.0,5.25,12.75,21.5,115.25,0.587,0.53125,0.2825,0.36674999999999996,17.975,81.6,52.324999999999996,60.199999999999996,8.475,7.6499999999999995,11.350000000000001,100.0,112.0,105.625,52.3625,53.8104166675,2.2075,0.4675
201603120PHI,DET,240.0,38.5,84.25,0.459,9.0,26.25,0.35225,18.25,25.0,0.7339999999999999,10.5,32.25,42.75,18.25,6.75,2.25,11.0,19.75,104.25,0.5485,0.513,0.3145,0.301,23.425,82.625,52.375,47.224999999999994,7.275,4.0,10.4,100.0,112.05000000000001,112.8,48.3125,48.3125,2.154,0.37650000000000006,DET,240.0,39.5,81.5,0.48500000000000004,8.5,25.5,0.32625000000000004,17.25,20.25,0.84525,6.75,32.0,38.75,22.5,6.75,3.0,10.25,18.75,104.75,0.57875,0.537,0.3125,0.25,17.375,76.6,47.625,56.85,7.2250000000000005,5.475,10.2,100.0,112.8,112.05,47.309374999999996,47.309374999999996,2.2139999999999995,0.47575
201603120POR,ORL,240.0,38.25,86.5,0.44925000000000004,5.25,20.5,0.25675000000000003,18.75,27.25,0.6614999999999999,10.0,34.5,44.5,21.25,10.5,4.5,14.5,24.75,100.5,0.51425,0.47925,0.235,0.3255,21.125,77.55000000000001,48.55,55.55,10.2,7.7250000000000005,12.774999999999999,100.0,99.25,105.625,51.971875,51.971875,1.9380000000000002,0.40875,ORL,240.0,38.0,82.75,0.46025,9.5,25.25,0.36675,21.5,28.5,0.76475,10.0,37.25,47.25,22.25,9.25,4.5,18.5,21.5,107.0,0.56225,0.517,0.30325,0.34725,22.450000000000003,78.875,51.474999999999994,58.475,9.05,6.675,16.175,100.0,105.625,99.25,52.39375,52.39375,2.0445,0.42425
201603120SAS,OKC,240.0,39.0,84.25,0.4605,6.5,24.0,0.26925,22.0,28.25,0.78375,12.75,39.0,51.75,24.25,4.25,5.25,18.75,21.25,106.5,0.55025,0.499,0.28675,0.344,29.25,86.525,58.275,62.475,4.275,8.475000000000001,16.175,100.0,107.325,106.80000000000001,51.834375,51.834375,2.05375,0.46699999999999997,OKC,240.0,39.75,86.0,0.46349999999999997,8.25,27.0,0.292,18.25,23.75,0.76525,6.5,30.75,37.25,26.5,12.75,5.0,10.0,21.0,106.0,0.55175,0.512,0.3165,0.2755,13.475,70.75,41.725,66.275,12.875,8.65,9.399999999999999,100.0,106.80000000000001,107.32499999999999,50.390625,50.390625,2.1039999999999996,0.526
201603120TOR,MIA,240.0,41.0,85.0,0.482,7.25,15.75,0.45999999999999996,21.0,26.25,0.8049999999999999,12.0,35.0,47.0,23.25,8.5,7.25,12.75,18.5,110.25,0.5720000000000001,0.5249999999999999,0.18524999999999997,0.30924999999999997,30.15,75.44999999999999,54.35,56.125,8.925,11.85,11.65,100.0,116.375,108.375,49.109375,49.109375,2.2465,0.47225,MIA,240.0,38.25,85.25,0.452,8.0,22.75,0.3815,18.0,25.25,0.718,11.5,27.75,39.25,23.75,7.75,4.5,12.5,20.25,102.5,0.53375,0.49875,0.2625,0.29774999999999996,24.55,69.875,45.65,61.949999999999996,8.1,6.375,11.575,100.0,108.375,116.375,49.121874999999996,49.121874999999996,2.087,0.48350000000000004
201603130ATL,IND,240.0,36.0,83.0,0.43399999999999994,8.0,23.25,0.35325,23.0,25.0,0.9177500000000001,9.75,34.75,44.5,20.0,8.25,5.25,11.25,23.75,103.0,0.5485,0.48224999999999996,0.27875,0.30425,22.575000000000003,76.0,49.95,55.64999999999999,8.75,8.375,10.7,100.0,109.75,107.375,48.1875,48.1875,2.1365,0.41374999999999995,IND,240.0,38.0,87.25,0.43875,7.75,24.0,0.33149999999999996,17.0,21.75,0.7869999999999999,11.5,33.25,44.75,22.5,5.75,5.0,12.0,20.0,100.75,0.5247499999999999,0.48475,0.278,0.2505,24.0,77.42500000000001,50.05,58.49999999999999,6.1,8.149999999999999,11.025,100.0,107.375,109.75,49.040625,49.040625,2.0575,0.45699999999999996
201603130BRK,MIL,240.0,38.0,85.5,0.44825000000000004,4.5,14.5,0.33875,20.25,27.0,0.7437500000000001,12.25,29.5,41.75,23.75,10.5,4.25,12.0,19.5,100.75,0.519,0.47425,0.16725,0.31975000000000003,24.775,74.14999999999999,47.474999999999994,62.675,10.875,7.800000000000001,11.0,100.0,105.35000000000001,105.75,49.0375,49.0375,2.05375,0.48550000000000004,MIL,240.0,37.0,80.75,0.45975000000000005,7.25,23.5,0.32175000000000004,19.75,24.5,0.8190000000000001,10.25,36.0,46.25,26.0,5.75,7.75,17.5,21.0,101.0,0.5545,0.50525,0.29100000000000004,0.308,25.875,75.22500000000001,52.525000000000006,70.80000000000001,6.0,10.85,16.025,100.0,105.75,105.35,49.81875000000001,49.81875000000001,2.03425,0.5242499999999999
201603130LAC,CLE,240.0,40.5,84.25,0.481,11.5,34.5,0.3315,23.25,29.5,0.7805,13.0,33.25,46.25,22.25,6.5,4.5,15.25,21.0,115.75,0.59575,0.54925,0.4075,0.35050000000000003,30.85,82.975,56.099999999999994,55.175,6.675,7.375000000000001,13.375,100.0,119.7,110.45,50.25625,50.25625,2.3135,0.44525000000000003,CLE,240.0,40.0,82.5,0.48524999999999996,7.75,21.75,0.35425,19.25,25.5,0.7627499999999999,7.0,29.0,36.0,19.5,10.0,3.75,12.25,24.25,107.0,0.5714999999999999,0.5325,0.2645,0.3095,17.025,69.175,43.900000000000006,48.725,10.25,7.475,11.5,100.0,110.44999999999999,119.69999999999999,49.93125,49.93125,2.1447499999999997,0.38975
201603130LAL,NYK,240.0,38.75,79.75,0.48574999999999996,7.5,19.5,0.3625,19.5,23.25,0.8342499999999999,8.75,36.5,45.25,23.5,5.0,6.5,12.5,18.0,104.5,0.5805,0.5325,0.24425,0.29224999999999995,21.6,76.575,51.75,60.95,5.4,9.875,12.175,100.0,112.22500000000001,106.375,47.271874999999994,47.271874999999994,2.21175,0.49575,NYK,240.0,39.5,91.25,0.43275,8.5,26.25,0.31875000000000003,11.75,16.25,0.72175,11.25,31.0,42.25,20.0,7.25,3.25,9.75,21.5,99.25,0.50475,0.4805,0.2905,0.178,23.424999999999997,78.4,48.25,49.949999999999996,7.7749999999999995,5.300000000000001,9.1,100.0,106.375,112.225,48.734375,48.734375,2.034,0.40750000000000003
201603130SAC,UTA,240.0,34.25,77.5,0.44875,7.5,20.5,0.383,23.5,29.75,0.79375,10.75,37.0,47.75,18.75,8.25,5.5,17.5,16.5,99.5,0.5537500000000001,0.49824999999999997,0.26249999999999996,0.393,25.8,85.15,57.575,55.15,8.625,8.875,16.175,100.0,104.55,103.3,49.190625,49.190625,2.0275,0.38299999999999995,UTA,240.0,39.75,84.0,0.47425,9.25,24.5,0.37975000000000003,9.5,14.25,0.66125,6.25,29.0,35.25,24.0,8.5,4.25,13.25,24.25,98.25,0.5455,0.52925,0.29425,0.17225000000000001,14.85,74.2,42.425,59.35,8.925,7.3,12.825,100.0,103.3,104.55000000000001,48.884375,48.884375,2.014,0.49350000000000005
201603140CHO,DAL,246.25,37.75,86.25,0.4365,9.25,29.5,0.3035,16.5,20.25,0.8159999999999998,8.5,35.75,44.25,24.75,5.75,3.0,12.0,19.5,101.25,0.5315,0.4892500000000001,0.33949999999999997,0.2375,18.075,75.8,47.125,64.5,5.925,4.300000000000001,11.125,100.0,103.6,112.42499999999998,49.684375,51.07109375,2.03675,0.498,DAL,246.25,39.75,89.0,0.44925000000000004,9.75,28.25,0.34375,20.5,28.25,0.7282500000000001,11.75,38.0,49.75,21.5,8.75,5.25,11.25,22.25,109.75,0.54425,0.505,0.32325000000000004,0.3235,24.225,81.925,52.875,54.05,8.975,9.25,10.05,100.0,112.42500000000001,103.6,50.959374999999994,52.429101562499994,2.1567499999999997,0.42100000000000004
201603140GSW,NOP,246.25,40.5,91.0,0.44525,7.5,27.75,0.2705,20.0,27.25,0.73775,10.5,37.25,47.75,21.75,8.0,4.75,15.25,22.5,108.5,0.527,0.4865,0.3075,0.29900000000000004,21.075000000000003,85.925,51.47500000000001,53.8,7.5,7.475000000000001,12.850000000000001,100.0,103.7,109.625,54.346875,55.833203125,1.996,0.4,NOP,246.25,41.5,85.5,0.48525,8.0,21.75,0.3615,23.5,30.25,0.779,6.25,38.5,44.75,24.25,10.75,4.25,12.75,21.25,114.5,0.5800000000000001,0.5327500000000001,0.2585,0.35425,14.075,78.925,48.525,58.4,10.15,6.725,11.3,100.0,109.625,103.7,53.184374999999996,54.6322916675,2.1565000000000003,0.45475
201603140HOU,MEM,246.25,38.25,90.25,0.42374999999999996,6.25,20.75,0.31475,18.75,24.75,0.7665000000000001,13.75,34.0,47.75,21.25,12.0,6.75,15.25,22.0,101.5,0.5015000000000001,0.45875,0.23275,0.27625,26.700000000000003,76.025,49.75,55.375,11.825,12.024999999999999,13.150000000000002,100.0,100.3,106.225,51.753125,53.20104166749999,1.953,0.40775,MEM,246.25,38.75,86.75,0.447,10.0,29.75,0.3315,19.5,26.0,0.7505000000000001,10.75,37.25,48.0,24.75,8.25,8.0,16.5,22.5,107.0,0.54575,0.50475,0.34650000000000003,0.29874999999999996,23.974999999999998,73.3,50.25,64.275,8.275,11.674999999999999,14.25,100.0,106.22500000000001,100.30000000000001,52.425,53.911328125,2.0412500000000002,0.476
201603140MIA,DEN,246.25,43.75,94.25,0.46875,9.0,24.75,0.35724999999999996,18.0,23.0,0.7785,12.0,37.0,49.0,26.0,9.0,6.75,12.25,26.0,114.5,0.55325,0.5169999999999999,0.26575,0.2495,25.924999999999997,78.4,52.425,59.375,8.975,11.3,10.575,100.0,113.7,100.625,52.712500000000006,54.182226562500006,2.1755,0.49525,DEN,246.25,35.75,85.75,0.41775,8.75,27.0,0.3175,21.25,27.0,0.7895000000000001,10.5,34.0,44.5,22.25,5.75,6.0,15.25,21.25,101.5,0.52075,0.4675,0.31,0.3175,21.6,74.07499999999999,47.575,61.875,5.625,8.275,13.525,100.0,100.625,113.7,51.662499999999994,53.049218749999994,1.9635,0.43025
201603140OKC,POR,246.25,40.0,84.25,0.47500000000000003,14.25,31.5,0.4465,18.75,22.0,0.8665,8.0,35.5,43.5,24.0,4.0,2.75,14.0,23.25,113.0,0.6032500000000001,0.5595,0.37575000000000003,0.26025,18.85,74.125,48.175000000000004,59.075,4.125,4.475,12.825000000000001,100.0,114.4,112.67500000000001,50.35,51.79173177,2.2512499999999998,0.48,POR,246.25,40.75,90.75,0.4505,11.25,27.0,0.41600000000000004,18.25,27.0,0.6419999999999999,12.25,34.0,46.25,22.5,6.75,4.0,11.75,21.75,111.0,0.54125,0.51325,0.29975,0.30025,25.874999999999996,81.14999999999999,51.825,55.300000000000004,6.7749999999999995,7.5,10.3,100.0,112.675,114.4,51.5375,52.968815105,2.1635,0.43625
201603140PHO,MIN,240.0,41.0,80.25,0.5145000000000001,6.25,17.25,0.35575,18.0,21.5,0.8347500000000001,5.5,30.75,36.25,24.5,8.75,5.75,13.5,21.25,106.25,0.595,0.55375,0.21475,0.2685,14.6,72.15,44.825,58.775,8.925,9.350000000000001,13.100000000000001,100.0,109.475,113.0,49.23125,49.23125,2.166,0.5005,MIN,240.0,42.25,87.75,0.48175,7.75,25.5,0.29475,17.25,21.75,0.8055,12.0,32.75,44.75,20.5,7.75,6.25,15.25,19.5,109.5,0.5625,0.525,0.29025,0.2485,27.849999999999998,85.4,55.175,48.074999999999996,8.075,9.85,13.375,100.0,113.0,109.475,50.66562499999999,50.66562499999999,2.16925,0.40925
201603140TOR,CHI,240.0,38.0,81.0,0.4695,9.5,22.25,0.4275,15.75,19.25,0.82925,9.0,37.5,46.5,28.25,6.25,6.5,20.5,17.75,101.25,0.56625,0.52825,0.27549999999999997,0.2395,22.325,76.5,52.0,74.4,6.324999999999999,9.4,18.525,100.0,103.125,106.2,50.821875,50.821875,1.9925000000000002,0.5585,CHI,240.0,40.5,90.5,0.44675,8.0,22.0,0.38875000000000004,15.25,21.5,0.7090000000000001,11.75,31.0,42.75,26.25,13.0,4.5,11.25,17.75,104.25,0.52125,0.491,0.24524999999999997,0.239,23.525,77.67500000000001,48.00000000000001,64.825,13.1,7.725,9.975,100.0,106.2,103.125,50.10625,50.10625,2.08325,0.526
201603140UTA,CLE,240.0,40.25,84.75,0.475,13.5,36.25,0.36975,20.25,26.0,0.7642500000000001,11.5,35.25,46.75,21.25,5.25,4.5,13.5,20.5,114.25,0.5945,0.5547500000000001,0.426,0.30625,27.849999999999998,86.15,56.849999999999994,53.125,5.375,7.75,12.0,100.0,119.625,108.19999999999999,49.55,49.55,2.3185000000000002,0.43199999999999994,CLE,240.0,38.75,82.25,0.47075,7.75,24.0,0.32375,18.5,23.5,0.79725,5.75,29.5,35.25,21.0,9.25,4.5,11.25,24.5,103.75,0.56,0.51825,0.29375,0.28525,13.85,72.175,43.150000000000006,55.225,9.524999999999999,9.125,10.775,100.0,108.19999999999999,119.625,49.456250000000004,49.456250000000004,2.0965,0.42550000000000004
201603140WAS,DET,240.0,41.75,84.0,0.49575,9.75,24.25,0.41950000000000004,20.0,26.75,0.75525,10.0,35.25,45.25,21.5,6.75,2.75,12.0,19.5,113.25,0.591,0.554,0.29325,0.32075,23.975,84.92500000000001,55.35,51.475,7.1,4.875,11.15,100.0,118.3,111.925,49.353125,49.353125,2.29125,0.4345,DET,240.0,38.75,82.75,0.468,10.0,27.75,0.36375,19.5,22.5,0.8637499999999999,6.25,29.75,36.0,23.75,8.5,2.25,10.75,19.25,107.0,0.57675,0.52875,0.33625,0.27325,15.075000000000001,76.05,44.650000000000006,60.925000000000004,8.850000000000001,4.25,10.4,100.0,111.925,118.3,48.96875,48.96875,2.18425,0.48650000000000004
201603150BRK,PHI,240.0,37.25,84.75,0.4395,10.5,29.25,0.36,17.0,24.0,0.6995,11.25,30.5,41.75,23.0,7.25,5.0,14.25,21.25,102.0,0.53525,0.50175,0.34500000000000003,0.28274999999999995,25.05,69.45,46.9,61.775,7.525,7.775,12.924999999999999,100.0,106.975,113.9,49.574999999999996,49.574999999999996,2.05675,0.46425,PHI,240.0,39.0,86.25,0.45075000000000004,8.25,20.5,0.4245,22.5,28.75,0.7897500000000001,13.25,34.0,47.25,21.5,8.75,5.5,12.5,19.0,108.75,0.54875,0.499,0.2375,0.3355,30.549999999999997,74.95,53.1,55.525,9.2,10.025,11.2,100.0,113.89999999999999,106.975,49.578125,49.578125,2.19,0.43225
201603150IND,BOS,240.0,38.25,87.0,0.44100000000000006,9.25,26.5,0.3405,19.75,26.0,0.7605,11.0,31.75,42.75,21.75,9.75,3.25,12.25,20.0,105.5,0.5375,0.49450000000000005,0.30475,0.30000000000000004,24.349999999999998,69.225,47.175000000000004,57.175,10.05,5.425,11.05,100.0,109.1,109.275,50.3,50.3,2.09925,0.4305,BOS,240.0,39.0,86.5,0.45125000000000004,7.75,26.25,0.29625,19.75,26.0,0.7592500000000001,14.0,33.5,47.5,22.0,7.0,4.25,15.25,20.5,105.5,0.539,0.496,0.30524999999999997,0.305,30.775,75.65,52.824999999999996,56.675,7.225,7.25,13.400000000000002,100.0,109.275,109.1,50.05,50.05,2.1105,0.4405
201603150LAL,SAC,240.0,38.5,84.0,0.45925,8.0,23.25,0.34825,20.5,26.25,0.7795,7.75,31.0,38.75,23.75,9.25,3.0,14.5,23.5,105.5,0.5525,0.507,0.2765,0.31225,17.325000000000003,71.85,44.675,61.85,9.15,5.324999999999999,12.975000000000001,100.0,105.05000000000001,112.15,51.60937499999999,51.60937499999999,2.0477499999999997,0.46199999999999997,SAC,240.0,41.0,86.25,0.47675,9.0,28.0,0.31775,21.5,29.25,0.73925,12.0,36.0,48.0,22.0,10.25,4.5,16.25,21.75,112.5,0.568,0.52875,0.3215,0.341,28.175,82.675,55.324999999999996,53.775000000000006,10.05,7.4,14.15,100.0,112.15,105.05000000000001,52.196875,52.196875,2.1587500000000004,0.42400000000000004
201603150MIL,TOR,246.25,37.25,81.75,0.45575,7.25,21.25,0.34,25.0,30.75,0.80925,10.0,33.0,43.0,17.25,7.5,6.5,11.75,20.0,106.75,0.5607500000000001,0.5005,0.26075,0.375,26.65,79.25,54.25,46.325,7.9,10.05,10.899999999999999,100.0,113.49999999999999,108.6,49.053124999999994,50.460026042500004,2.181,0.353,TOR,246.25,38.75,86.25,0.45275000000000004,7.75,21.25,0.381,16.75,20.5,0.853,9.0,27.75,36.75,20.5,6.5,6.25,11.75,24.5,102.0,0.5389999999999999,0.49750000000000005,0.2455,0.23625,20.75,73.35,45.75,52.725,6.775,10.450000000000001,11.0,100.0,108.6,113.49999999999999,49.368750000000006,50.7665364575,2.074,0.41874999999999996
201603150ORL,DEN,240.0,45.0,90.75,0.49775,8.5,23.25,0.35824999999999996,16.75,21.75,0.7635000000000001,11.0,33.5,44.5,25.25,9.25,6.0,12.5,25.0,115.25,0.57625,0.5449999999999999,0.25875000000000004,0.24475,26.325,77.925,52.175,56.4,9.375,9.700000000000001,11.075,100.0,116.625,105.3,51.290625000000006,51.290625000000006,2.248,0.49275,DEN,240.0,37.25,82.25,0.45625,6.75,21.0,0.33775,22.75,29.0,0.786,10.0,31.25,41.25,21.0,6.75,5.5,15.75,21.5,104.0,0.5505,0.49724999999999997,0.2535,0.35225,22.075000000000003,73.675,47.825,56.975,6.75,7.85,14.225,100.0,105.3,116.625,50.8875,50.8875,2.0465,0.41374999999999995
201603150SAS,LAC,240.0,37.5,82.0,0.457,11.75,31.75,0.37225,15.25,21.75,0.714,5.75,33.0,38.75,23.25,8.5,6.0,10.5,21.75,102.0,0.5565,0.5285,0.388,0.2655,12.899999999999999,74.475,43.275000000000006,62.325,8.9,10.325,10.3,100.0,107.42500000000001,110.3,48.540625,48.540625,2.09875,0.479,LAC,240.0,38.25,84.75,0.44875,8.75,26.5,0.30525,19.25,23.75,0.8065,11.25,38.75,50.0,23.5,5.25,2.5,13.25,19.5,104.5,0.5485,0.50025,0.3135,0.283,25.525000000000002,87.1,56.725,60.62499999999999,5.5249999999999995,5.05,12.1,100.0,110.30000000000001,107.42500000000001,49.015625,49.015625,2.1340000000000003,0.47724999999999995
201603160BOS,OKC,240.0,41.0,84.75,0.48224999999999996,6.5,21.5,0.30924999999999997,18.75,23.5,0.8002499999999999,13.5,40.0,53.5,24.25,6.5,4.25,18.0,21.75,107.25,0.5630000000000001,0.52025,0.253,0.27949999999999997,31.575,82.85,59.15,57.975,6.7749999999999995,6.95,15.825000000000001,100.0,110.52499999999999,101.65,50.20625,50.20625,2.134,0.48175,OKC,240.0,35.75,85.75,0.41925,7.5,26.5,0.278,19.5,24.0,0.808,8.75,28.5,37.25,20.25,9.75,5.25,11.0,19.0,98.5,0.5135,0.4635,0.31074999999999997,0.27975,17.15,68.42500000000001,40.85,55.525,10.100000000000001,8.425,10.275,100.0,101.65,110.52499999999999,49.699999999999996,49.699999999999996,1.98225,0.40675
201603160CHO,ORL,240.0,39.0,81.75,0.48075,6.0,21.25,0.27975,17.25,26.0,0.6555,8.25,31.75,40.0,22.0,7.25,5.0,14.25,20.75,101.25,0.5455,0.51725,0.25875,0.32299999999999995,20.05,77.1,48.425,56.15,7.425,8.85,13.150000000000002,100.0,104.375,112.975,50.050000000000004,50.050000000000004,2.0267500000000003,0.44,ORL,240.0,40.5,83.25,0.488,10.75,27.75,0.3785,17.75,20.75,0.86175,9.5,33.0,42.5,25.25,6.5,2.5,15.75,20.75,109.5,0.595,0.55225,0.3335,0.24974999999999997,22.9,79.95,51.6,62.0,6.7,4.05,14.549999999999999,100.0,112.975,104.375,49.678124999999994,49.678124999999994,2.2117500000000003,0.511
201603160CLE,DAL,240.0,38.0,84.75,0.44699999999999995,7.5,26.75,0.28099999999999997,16.0,19.75,0.8104999999999999,8.0,35.25,43.25,25.0,6.75,2.5,12.5,21.25,99.5,0.5325,0.49100000000000005,0.3155,0.2355,17.85,79.45,48.875,64.67500000000001,7.025,5.075,11.725,100.0,103.64999999999999,109.225,49.315625000000004,49.315625000000004,2.01825,0.5065,DAL,240.0,36.75,81.25,0.45175,10.0,29.25,0.34049999999999997,21.25,30.5,0.7,9.25,36.0,45.25,19.75,9.0,5.75,12.25,20.0,104.75,0.55325,0.5135,0.36124999999999996,0.37675000000000003,20.575000000000003,82.14999999999999,51.125,53.925,9.35,9.925,11.475,100.0,109.225,103.65,49.368750000000006,49.368750000000006,2.12225,0.4
201603160DET,ATL,240.0,37.25,82.75,0.4505,10.25,28.0,0.36200000000000004,11.75,17.0,0.7024999999999999,6.75,36.0,42.75,21.5,9.25,6.75,13.25,17.5,96.5,0.535,0.512,0.33775,0.20600000000000002,15.8,73.44999999999999,46.375,57.65,9.675,10.375,12.825,100.0,101.3,90.775,48.6625,48.6625,1.9845,0.44425,ATL,240.0,33.5,87.5,0.3845,6.25,24.25,0.2575,13.25,18.25,0.7050000000000001,13.25,36.25,49.5,17.75,8.75,4.25,16.25,16.5,86.5,0.45299999999999996,0.42074999999999996,0.27825,0.212,26.549999999999997,84.19999999999999,53.625,53.400000000000006,9.15,7.875,14.525,100.0,90.77499999999999,101.3,49.584375,49.584375,1.7462499999999999,0.35775
201603160GSW,NYK,240.0,36.5,78.75,0.46275,7.75,20.75,0.3595,20.75,25.5,0.81575,8.0,36.75,44.75,23.5,5.25,6.75,12.5,18.5,101.5,0.56325,0.5115,0.26349999999999996,0.32524999999999993,19.175,78.175,51.05,64.05,5.65,10.149999999999999,12.175,100.0,108.44999999999999,105.4,47.68125,47.68125,2.127,0.49200000000000005,NYK,240.0,39.0,89.5,0.43500000000000005,7.75,23.75,0.308,13.0,17.75,0.729,10.25,32.75,43.0,20.25,7.25,3.5,9.75,21.25,98.75,0.5075000000000001,0.479,0.26675,0.19899999999999998,21.825,80.825,48.95,51.224999999999994,7.75,5.825,9.175,100.0,105.4,108.44999999999999,48.715625,48.715625,2.02425,0.41300000000000003
201603160HOU,LAC,240.0,35.75,78.5,0.4555,10.75,28.5,0.38375,14.25,20.0,0.72075,5.5,28.0,33.5,22.5,7.25,5.25,11.5,19.75,96.5,0.5525,0.5235000000000001,0.36024999999999996,0.258,13.149999999999999,71.2,40.925,62.50000000000001,7.799999999999999,8.825,11.7,100.0,105.025,119.02499999999999,47.0,47.0,2.05,0.4745,LAC,240.0,41.75,85.0,0.4905,9.75,25.25,0.36525,15.75,19.75,0.7907500000000001,11.25,36.5,47.75,26.0,5.5,3.25,12.0,20.0,109.0,0.58175,0.54775,0.29725,0.23299999999999998,28.8,86.85,59.075,62.324999999999996,6.0,6.550000000000001,11.225,100.0,119.025,105.025,47.565625,47.565625,2.2967500000000003,0.5445
201603160MEM,MIN,240.0,37.25,82.25,0.45349999999999996,4.75,16.75,0.27925,20.0,23.5,0.847,6.0,31.75,37.75,21.75,10.0,4.75,14.5,19.75,99.25,0.53625,0.48224999999999996,0.203,0.2855,13.825000000000001,72.325,43.3,58.375,9.95,8.0,13.549999999999999,100.0,99.7,107.62499999999999,50.95625,50.95625,1.9475,0.4255,MIN,240.0,41.0,88.5,0.46475,8.25,27.75,0.28675,16.5,20.25,0.8227500000000001,12.5,37.25,49.75,21.25,8.0,6.0,17.25,20.75,106.75,0.5487500000000001,0.51025,0.3115,0.23049999999999998,27.675,86.17500000000001,56.7,51.275,8.15,9.225,14.725000000000001,100.0,107.625,99.69999999999999,51.434375,51.434375,2.08575,0.41800000000000004
201603160SAC,NOP,246.25,38.0,90.75,0.4195,7.5,27.75,0.27049999999999996,23.0,29.25,0.78525,12.25,34.75,47.0,20.5,7.25,4.0,13.0,22.0,106.5,0.51475,0.461,0.30825,0.32125000000000004,23.6,83.325,50.75,53.875,7.225,6.25,11.1,100.0,105.05,116.27499999999999,52.69687499999999,54.18320312499999,2.023,0.38825,NOP,246.25,43.0,85.0,0.50675,9.25,21.75,0.4115,22.5,29.25,0.7725000000000001,6.75,38.5,45.25,25.0,9.25,5.5,11.75,20.5,117.75,0.6040000000000001,0.56225,0.2605,0.34400000000000003,16.675,76.4,49.25,57.875,8.975,8.575,10.725000000000001,100.0,116.27499999999999,105.05,51.946875,53.3947916675,2.269,0.48124999999999996
201603160WAS,CHI,240.0,39.25,82.0,0.479,9.5,23.25,0.41025,13.5,15.75,0.85575,8.0,34.75,42.75,27.0,4.75,7.25,16.25,18.0,101.5,0.571,0.537,0.28425,0.19225,20.0,75.55,49.625,68.97500000000001,4.9750000000000005,10.25,15.275,100.0,107.92499999999998,112.375,48.865625,48.865625,2.0825000000000005,0.55325,CHI,240.0,41.0,89.5,0.45775,7.25,18.25,0.3995,16.75,21.75,0.7517500000000001,11.5,31.75,43.25,23.75,10.0,6.0,8.0,15.5,106.0,0.535,0.498,0.20500000000000002,0.246,24.475,80.0,50.37500000000001,57.2,10.45,10.3,7.4,100.0,112.375,107.92500000000001,48.165625,48.165625,2.19825,0.48925
201603170ATL,DEN,240.0,43.75,86.0,0.509,9.25,24.0,0.3805,18.5,23.0,0.798,10.0,32.5,42.5,24.0,9.0,5.5,15.0,24.25,115.25,0.6000000000000001,0.56275,0.28075,0.27175,25.450000000000003,77.5,52.25,55.225,9.1,8.825,13.5,100.0,116.525,110.875,50.962500000000006,50.962500000000006,2.2620000000000005,0.47125,DEN,240.0,40.0,83.75,0.482,7.25,22.75,0.33449999999999996,22.25,28.75,0.7745,10.0,29.25,39.25,22.75,8.25,4.25,15.0,21.5,109.5,0.5720000000000001,0.5255,0.27075,0.34275,22.5,74.55,47.75,56.975,8.3,6.75,13.425,100.0,110.875,116.525,51.203125,51.203125,2.1445,0.44625000000000004
201603170CHI,BRK,240.0,40.25,82.25,0.49250000000000005,8.25,20.0,0.41375,16.0,18.75,0.8645,8.5,29.75,38.25,23.25,7.5,5.25,14.75,18.5,104.75,0.582,0.5445,0.2485,0.22325,21.55,71.225,47.8,58.625,7.825,8.7,14.299999999999999,100.0,110.57499999999999,111.875,48.70312499999999,48.70312499999999,2.1454999999999997,0.47875,BRK,240.0,40.25,84.75,0.4745,9.0,23.75,0.388,16.0,21.75,0.7235,11.75,29.25,41.0,25.5,8.25,5.0,14.5,17.0,105.5,0.559,0.52775,0.28150000000000003,0.25775,28.775,78.44999999999999,52.2,63.525,8.85,7.925000000000001,13.3,100.0,111.875,110.57499999999999,48.915625000000006,48.915625000000006,2.1605,0.523
201603170IND,TOR,246.25,37.75,83.0,0.45475,8.25,23.0,0.34800000000000003,23.75,28.75,0.82975,10.25,34.75,45.0,18.0,6.25,6.75,10.0,22.0,107.5,0.5625,0.5045,0.27725,0.34600000000000003,26.2,78.1,53.875,47.400000000000006,6.625000000000001,10.675,9.35,100.0,116.82499999999999,107.95,48.20312499999999,49.6100260425,2.2415,0.38025,TOR,246.25,36.75,85.0,0.43524999999999997,6.75,21.5,0.2945,19.25,24.75,0.7857500000000001,10.0,28.75,38.75,19.25,6.75,5.0,9.75,23.0,99.5,0.5207499999999999,0.47400000000000003,0.25125000000000003,0.29325,21.9,73.8,46.125,52.25,7.225,8.25,9.1,100.0,107.94999999999999,116.825,48.253125,49.6509114575,2.06975,0.40225
201603170MIA,CHO,240.0,40.5,86.75,0.4680000000000001,11.5,30.75,0.3785,19.0,25.0,0.7779999999999999,10.25,34.75,45.0,24.25,6.75,5.25,11.0,18.0,111.5,0.573,0.5347500000000001,0.35450000000000004,0.297,23.875,85.35,53.425,59.7,7.0,9.4,10.224999999999998,100.0,115.55000000000001,108.125,49.6875,49.6875,2.24925,0.48975,CHO,240.0,39.0,84.75,0.46025,8.5,27.75,0.308,18.0,23.5,0.77325,6.25,32.5,38.75,23.25,7.0,6.0,10.75,21.75,104.5,0.5509999999999999,0.511,0.33025,0.27899999999999997,14.649999999999999,76.125,46.575,59.675,7.25,10.75,10.2,100.0,108.125,115.55000000000001,50.20625,50.20625,2.0815,0.46175
201603170MIL,MEM,246.25,38.5,98.0,0.39349999999999996,5.0,18.5,0.28125,16.25,23.75,0.70275,21.25,33.0,54.25,19.5,8.5,5.0,13.75,21.5,98.25,0.45275,0.41925,0.189,0.24175000000000002,35.525,77.9,53.625,49.900000000000006,8.399999999999999,8.925,11.200000000000001,100.0,100.05000000000001,115.32499999999999,50.89062500000001,52.3385416675,1.9342500000000002,0.383,MEM,246.25,41.0,84.0,0.49274999999999997,11.0,28.0,0.39425,20.25,29.0,0.70075,9.5,38.25,47.75,27.5,8.25,10.0,13.5,20.75,113.25,0.589,0.55925,0.33475000000000005,0.34825,22.1,64.475,46.375,67.575,8.375,12.674999999999999,12.2,100.0,115.325,100.05,50.8875,52.373828125,2.2325,0.54825
201603170PHI,WAS,240.0,41.25,86.0,0.47825,8.75,21.0,0.422,17.25,23.25,0.74475,8.0,30.25,38.25,24.75,11.25,3.25,14.5,24.25,108.5,0.563,0.5285,0.24575,0.27125,19.200000000000003,78.925,47.77499999999999,59.375,11.25,5.449999999999999,13.025,100.0,108.7,102.025,51.771874999999994,51.771874999999994,2.09425,0.478,WAS,240.0,36.75,78.25,0.47475,6.5,20.75,0.33149999999999996,21.75,28.0,0.77425,8.25,33.0,41.25,19.0,8.75,4.75,19.25,21.75,101.75,0.56425,0.5175,0.26499999999999996,0.368,21.074999999999996,80.8,52.225,51.699999999999996,8.75,7.375,17.55,100.0,102.025,108.69999999999999,51.275,51.275,1.98425,0.369
201603170SAS,POR,246.25,39.0,87.5,0.448,13.25,30.5,0.4225,19.5,23.0,0.85875,10.75,34.75,45.5,22.75,3.0,4.5,13.5,22.25,110.75,0.5715,0.5245,0.35075,0.26075,23.125,73.55000000000001,48.7,56.7,3.0999999999999996,7.125,12.025000000000002,100.0,112.025,113.925,50.5875,52.029231769999996,2.197,0.45349999999999996,POR,246.25,42.0,90.5,0.46699999999999997,10.5,25.75,0.41200000000000003,17.75,26.5,0.6387499999999999,12.25,35.75,48.0,24.75,7.5,5.25,12.0,21.0,112.25,0.55125,0.52575,0.28550000000000003,0.29525,26.45,76.875,51.3,58.625,7.55,9.325,10.55,100.0,113.92500000000001,112.025,51.41875,52.850065105,2.1950000000000003,0.483
201603170UTA,PHO,240.0,39.25,91.25,0.42974999999999997,9.25,30.25,0.30425,16.75,22.0,0.75125,13.5,35.0,48.5,21.5,5.25,2.5,15.0,23.75,104.5,0.5175000000000001,0.48024999999999995,0.33099999999999996,0.242,27.65,81.85,53.125,54.5,5.300000000000001,4.15,12.725000000000001,100.0,105.4,119.25,51.6,51.6,2.0245,0.41500000000000004,PHO,240.0,42.25,85.25,0.49624999999999997,11.0,25.25,0.4285,22.25,26.5,0.8342499999999999,7.75,34.75,42.5,27.75,9.0,8.25,11.25,23.25,117.75,0.6085,0.5607500000000001,0.296,0.313,18.15,72.35,46.875,65.775,9.05,13.5,10.35,100.0,119.25,105.39999999999999,50.66875,50.66875,2.335,0.55025
201603180DAL,GSW,240.0,43.75,86.25,0.5085,14.75,33.75,0.43724999999999997,22.0,26.75,0.8400000000000001,10.75,38.75,49.5,28.25,5.25,7.25,11.5,20.0,124.25,0.63525,0.5935,0.3895,0.31174999999999997,26.375,78.225,54.575,64.4,5.425,11.55,10.525,100.0,129.27499999999998,108.95,49.853125,49.853125,2.493,0.56725,GSW,240.0,38.25,90.5,0.42274999999999996,11.0,27.25,0.38875000000000004,17.5,21.75,0.7645000000000001,11.0,30.0,41.0,24.0,7.0,3.25,9.25,20.75,105.0,0.5247499999999999,0.4845,0.30300000000000005,0.24,21.775,73.625,45.425,62.625,7.300000000000001,6.275,8.450000000000001,100.0,108.95,129.27499999999998,49.540625000000006,49.540625000000006,2.11425,0.48525
201603180DET,SAC,240.0,38.25,84.5,0.45375,7.5,20.5,0.36775,19.25,24.0,0.8042500000000001,8.25,30.0,38.25,24.25,10.25,4.75,13.5,19.25,103.25,0.54375,0.49774999999999997,0.24274999999999997,0.2875,17.925,74.82499999999999,44.775,63.675000000000004,10.3,8.075,12.35,100.0,104.92500000000001,111.025,50.575,50.575,2.045,0.48100000000000004,SAC,240.0,41.5,83.75,0.49475,8.25,22.5,0.36475,17.75,24.5,0.7449999999999999,10.0,37.25,47.25,23.5,8.5,5.0,16.25,20.5,109.0,0.5762499999999999,0.5435000000000001,0.2685,0.2965,25.174999999999997,82.07499999999999,55.225,56.9,8.6,7.875,14.5,100.0,111.025,104.925,50.818749999999994,50.818749999999994,2.154,0.46525000000000005
201603180HOU,MIN,240.0,37.5,80.0,0.47225,6.25,18.25,0.3315,20.75,25.25,0.82175,6.5,28.75,35.25,24.0,8.75,5.25,14.0,20.0,102.0,0.56225,0.5125,0.22999999999999998,0.31975,16.425,62.99999999999999,40.475,63.65,8.9,8.0,13.325,100.0,106.45,111.425,49.746875,49.746875,2.061,0.486,MIN,240.0,41.75,91.0,0.46075,6.25,25.25,0.23675,17.0,21.25,0.80725,17.75,34.25,52.0,21.75,6.75,6.25,16.5,21.75,106.75,0.53375,0.49475,0.27825,0.23575,37.0,83.575,59.525000000000006,51.574999999999996,7.025,10.525,13.875,100.0,111.425,106.44999999999999,49.921875,49.921875,2.1525000000000003,0.44100000000000006
201603180LAL,PHO,240.0,36.5,89.5,0.4055,8.5,29.5,0.28450000000000003,16.0,21.75,0.7095,13.5,36.25,49.75,21.0,6.0,2.75,17.5,22.5,97.5,0.4885,0.4525,0.32875,0.2425,27.025000000000002,81.5,52.825,56.75,6.0,4.550000000000001,14.95,100.0,97.375,111.7,51.915625000000006,51.915625000000006,1.8715000000000002,0.403,PHO,240.0,41.5,86.75,0.47824999999999995,9.75,25.5,0.37175,18.75,22.75,0.7927500000000001,8.25,36.25,44.5,25.25,10.5,7.25,12.75,23.25,111.5,0.57575,0.5337500000000001,0.29375,0.26525,18.5,72.975,47.175,61.12499999999999,10.525,11.975,11.6,100.0,111.7,97.375,51.028125,51.028125,2.18975,0.49525
201603180NOP,POR,240.0,38.5,87.5,0.44225,13.25,30.0,0.43200000000000005,19.0,22.75,0.8485,11.0,33.5,44.5,22.5,3.75,5.0,11.75,21.0,109.25,0.5647500000000001,0.51875,0.345,0.258,23.5,76.75,49.425000000000004,56.825,3.9,8.0,10.775,100.0,113.05000000000001,118.62500000000001,49.528124999999996,49.528124999999996,2.2112499999999997,0.45749999999999996,POR,240.0,42.0,87.25,0.484,10.5,24.75,0.43700000000000006,20.0,26.25,0.7464999999999999,10.25,35.75,46.0,27.0,7.25,6.75,10.75,20.0,114.5,0.58075,0.5445,0.28150000000000003,0.30125,23.25,76.5,50.575,63.625,7.5,11.5,9.775,100.0,118.62500000000001,113.05,50.109375,50.109375,2.2925000000000004,0.5407500000000001
201603180ORL,CLE,240.0,40.0,86.25,0.4645,13.5,38.0,0.36150000000000004,11.0,15.25,0.7177499999999999,11.0,32.5,43.5,21.0,5.5,4.25,10.0,18.5,104.5,0.5615,0.5435,0.44025000000000003,0.178,26.85,85.75,55.300000000000004,52.55,6.200000000000001,8.15,9.6,100.0,117.14999999999999,109.72500000000001,46.246875,46.246875,2.25725,0.45375,CLE,240.0,36.5,77.25,0.47275,9.0,25.75,0.34825,15.5,18.25,0.8510000000000001,5.25,29.75,35.0,21.25,5.5,4.75,10.5,19.5,97.5,0.5725,0.53175,0.3345,0.23550000000000001,14.25,73.14999999999999,44.7,59.2,6.125,9.774999999999999,11.05,100.0,109.725,117.15,45.584374999999994,45.584374999999994,2.1435,0.4675
201603180PHI,OKC,240.0,40.75,86.0,0.473,7.25,22.75,0.319,21.0,26.5,0.792,15.0,38.75,53.75,21.75,6.75,5.0,16.5,22.75,109.75,0.56,0.514,0.2625,0.30824999999999997,34.35,76.425,57.05,53.0,7.075,7.575000000000001,14.45,100.0,113.75,102.5,50.04375,50.04375,2.189,0.43575,OKC,240.0,35.5,88.75,0.40025,5.75,22.75,0.25550000000000006,22.0,25.0,0.8780000000000001,12.25,28.25,40.5,17.25,8.0,5.25,11.25,20.25,98.75,0.49525,0.43274999999999997,0.25675,0.28125,23.575,65.65,42.95,48.475,8.375,8.425,10.175,100.0,102.5,113.75000000000001,49.81249999999999,49.81249999999999,1.98225,0.34600000000000003
201603180TOR,BOS,240.0,37.75,91.25,0.4145,9.0,28.25,0.312,20.75,25.25,0.82125,13.5,30.25,43.75,22.5,8.25,4.25,12.75,21.75,105.25,0.5155,0.4645,0.31075,0.277,27.5,67.575,47.1,60.1,8.424999999999999,6.7749999999999995,11.075000000000001,100.0,107.75,110.375,51.246874999999996,51.246874999999996,2.0535,0.43825,BOS,240.0,39.5,88.0,0.4475,7.25,23.25,0.32299999999999995,21.5,28.5,0.75,14.5,34.5,49.0,20.0,8.0,5.5,14.75,21.25,107.75,0.5342500000000001,0.488,0.2625,0.32475,32.425,72.5,52.89999999999999,51.275,8.200000000000001,8.899999999999999,12.825000000000001,100.0,110.375,107.75,50.89375,50.89375,2.1145,0.3925
201603190ATL,HOU,240.0,44.25,86.25,0.514,10.25,28.25,0.354,16.5,25.0,0.66025,12.0,31.5,43.5,26.0,8.75,7.25,13.5,21.5,115.25,0.594,0.574,0.3285,0.28975,29.675,71.275,51.0,58.474999999999994,9.049999999999999,10.524999999999999,12.249999999999998,100.0,120.07500000000002,115.35000000000001,49.81250000000001,49.81250000000001,2.3122499999999997,0.52275,HOU,240.0,41.0,87.5,0.4785,9.25,23.5,0.3735,18.5,25.0,0.756,14.0,28.5,42.5,25.75,9.0,4.0,13.0,21.0,109.75,0.56825,0.5335,0.27575,0.2905,28.725,70.32499999999999,49.0,61.724999999999994,9.45,6.725,11.5,100.0,115.35,120.07499999999999,49.1875,49.1875,2.2487500000000002,0.53
201603190CHI,UTA,240.0,38.75,77.0,0.50625,11.0,24.0,0.469,16.25,20.75,0.77625,8.0,37.0,45.0,20.5,8.75,4.0,15.5,18.5,104.75,0.60975,0.57775,0.311,0.2835,21.974999999999998,80.025,55.175000000000004,53.02499999999999,9.3,7.475,15.225,100.0,114.325,94.92500000000001,47.178125,47.178125,2.22425,0.4375,UTA,240.0,34.0,82.75,0.41150000000000003,8.0,28.5,0.29625,10.5,16.25,0.62975,9.25,27.5,36.75,19.25,8.0,2.5,13.25,20.0,86.5,0.48075,0.45975,0.34125,0.199,19.974999999999998,78.025,44.825,56.075,8.675,4.925000000000001,12.675,100.0,94.92500000000001,114.325,47.234375,47.234375,1.8407499999999999,0.41000000000000003
201603190CHO,DEN,240.0,42.5,85.0,0.5,7.5,22.5,0.33275,18.25,22.5,0.80675,9.5,30.5,40.0,22.75,8.25,3.75,15.75,22.25,110.75,0.58375,0.54475,0.267,0.26825,24.950000000000003,80.17500000000001,52.475,53.975,8.375,6.175000000000001,14.225,100.0,112.5,116.125,50.96875,50.96875,2.172,0.44625,DEN,240.0,41.75,81.5,0.51425,8.75,22.25,0.39649999999999996,21.75,27.5,0.79175,7.75,28.5,36.25,26.0,8.5,5.25,14.5,21.0,114.0,0.6107500000000001,0.5682499999999999,0.27325,0.33749999999999997,19.825,75.05,47.525000000000006,62.574999999999996,8.575,8.25,13.325000000000001,100.0,116.125,112.5,50.65625,50.65625,2.2572499999999995,0.5165
201603190DET,BRK,240.0,39.75,83.25,0.48075000000000007,8.25,22.25,0.36025,17.75,21.5,0.8145,10.0,30.75,40.75,23.0,7.5,4.0,13.25,17.5,105.5,0.5725,0.53225,0.273,0.254,23.674999999999997,70.5,48.25,58.675,7.8500000000000005,6.1499999999999995,12.75,100.0,111.7,116.07499999999999,48.356249999999996,48.356249999999996,2.17725,0.47700000000000004,BRK,240.0,42.5,88.75,0.47825,9.25,24.0,0.39375,14.75,19.25,0.7735000000000001,12.75,30.75,43.5,26.0,7.5,5.25,12.75,17.25,109.0,0.5595,0.53025,0.2715,0.21749999999999997,29.5,76.32499999999999,51.75,61.425000000000004,8.05,8.5,11.55,100.0,116.07499999999999,111.69999999999999,48.946875000000006,48.946875000000006,2.23325,0.53325
201603190IND,OKC,240.0,43.0,87.25,0.49225,7.5,21.5,0.343,20.0,24.75,0.8065000000000001,15.0,41.0,56.0,24.75,6.75,5.25,15.5,22.75,113.5,0.577,0.53425,0.244,0.28425,35.375,75.45,58.12499999999999,57.575,7.1000000000000005,8.2,13.675,100.0,118.05,102.475,49.753125000000004,49.753125000000004,2.2735,0.4965,OKC,240.0,35.0,89.5,0.391,6.5,24.75,0.2585,21.75,26.5,0.82125,13.25,27.0,40.25,17.75,7.75,4.75,10.25,18.75,98.25,0.4855,0.42725,0.27725,0.296,24.55,64.625,41.875,50.75,8.174999999999999,7.225,9.2,100.0,102.475,118.05000000000001,49.543749999999996,49.543749999999996,1.9825,0.35850000000000004
201603190MEM,LAC,240.0,36.25,77.25,0.47050000000000003,10.75,27.5,0.39549999999999996,16.75,22.25,0.756,6.75,27.75,34.5,23.0,6.75,6.0,11.5,20.5,100.0,0.5735,0.53975,0.354,0.29225,17.325,69.625,43.425,62.85,7.5,10.4,11.725000000000001,100.0,111.375,118.0,46.284375,46.284375,2.157,0.494,LAC,240.0,39.75,82.75,0.48074999999999996,9.75,25.5,0.3615,16.25,21.25,0.7595000000000001,12.0,32.5,44.5,23.5,5.25,3.5,11.75,21.25,105.5,0.5732499999999999,0.53925,0.3075,0.25675,30.375,82.67500000000001,56.575,59.49999999999999,5.875,7.1,11.225,100.0,118.0,111.375,46.296875,46.296875,2.2837500000000004,0.5087499999999999
201603190MIA,CLE,240.0,38.25,84.0,0.45725000000000005,12.75,36.25,0.36325,12.5,17.0,0.728,11.0,33.25,44.25,21.25,6.25,3.75,12.75,18.75,101.75,0.5565,0.534,0.42925,0.208,27.325,83.275,55.400000000000006,55.45,6.975,7.25,12.075,100.0,113.5,107.75,46.9125,46.9125,2.167,0.45225000000000004,CLE,240.0,35.25,77.75,0.45425,10.0,25.75,0.39375000000000004,15.75,18.5,0.853,6.5,29.0,35.5,22.75,6.5,4.75,11.25,20.0,96.25,0.5617500000000001,0.519,0.33275,0.23675,16.725,72.675,44.599999999999994,64.7,7.125,9.85,11.625,100.0,107.74999999999999,113.50000000000001,45.64375,45.64375,2.11475,0.49824999999999997
201603190SAS,GSW,240.0,45.75,87.75,0.5225,15.75,33.25,0.4695,17.5,20.5,0.8620000000000001,8.0,38.0,46.0,31.25,6.0,7.5,12.5,20.25,124.75,0.6452500000000001,0.611,0.37725,0.23900000000000002,21.175,76.225,51.775000000000006,68.25,6.05,11.275,11.425,100.0,127.025,106.55,50.993750000000006,50.993750000000006,2.44825,0.61275,GSW,240.0,39.25,92.25,0.4255,8.5,25.5,0.33425000000000005,18.0,21.5,0.7967500000000001,12.0,30.75,42.75,25.25,7.0,4.25,10.25,18.75,105.0,0.51525,0.4715,0.27625,0.23249999999999998,23.775,78.825,48.224999999999994,64.35,7.225,7.725,9.15,100.0,106.55,127.025,50.35625,50.35625,2.0787500000000003,0.503
201603190WAS,NYK,240.0,37.25,82.75,0.45175,8.0,21.0,0.36824999999999997,16.75,21.5,0.75425,9.25,34.25,43.5,25.5,6.75,5.25,10.75,16.25,99.25,0.5385,0.49999999999999994,0.25575000000000003,0.266,20.625,76.2,49.150000000000006,68.3,7.300000000000001,8.674999999999999,10.425,100.0,107.225,109.8,47.23125,47.23125,2.0975,0.539,NYK,240.0,39.25,87.5,0.4475,10.75,27.75,0.358,12.25,16.0,0.774,10.5,34.75,45.25,21.25,6.0,4.75,11.25,19.0,101.5,0.5365,0.5087499999999999,0.3155,0.184,23.8,79.375,50.849999999999994,53.074999999999996,6.5,7.275,10.625,100.0,109.8,107.225,47.925,47.925,2.11625,0.4425
201603200DAL,POR,240.0,38.25,85.5,0.45025,10.75,27.75,0.38325,23.25,27.0,0.867,10.75,35.25,46.0,21.75,3.75,4.75,12.75,21.75,110.5,0.5720000000000001,0.51325,0.32675,0.3195,23.825,83.30000000000001,53.4,55.099999999999994,3.875,7.1499999999999995,11.650000000000002,100.0,113.4,113.5,50.1625,50.1625,2.2075,0.438,POR,240.0,42.0,85.75,0.49224999999999997,8.5,20.0,0.4435,18.0,23.5,0.75075,7.0,33.5,40.5,27.0,7.75,6.25,10.5,21.5,110.5,0.57675,0.54225,0.23249999999999998,0.27599999999999997,16.700000000000003,76.175,46.599999999999994,63.625,7.9750000000000005,10.45,9.725,100.0,113.5,113.4,50.206250000000004,50.206250000000004,2.2077500000000003,0.54
201603200MIL,UTA,240.0,38.0,81.75,0.46625,10.75,26.75,0.40225,10.75,14.25,0.73125,10.75,33.75,44.5,22.25,7.5,4.0,13.5,17.25,97.5,0.556,0.5325,0.32975,0.17675,26.424999999999997,75.775,52.575,58.87500000000001,8.225,7.35,13.275,100.0,110.35,98.55000000000001,45.634375,45.634375,2.1390000000000002,0.48850000000000005,UTA,240.0,35.0,82.75,0.424,7.75,27.25,0.30225,8.5,13.5,0.62975,10.5,29.5,40.0,20.25,6.75,3.75,12.5,16.0,86.25,0.48650000000000004,0.47075,0.32575,0.16475,24.224999999999998,73.57499999999999,47.425,57.175,7.5249999999999995,6.9750000000000005,12.175,100.0,98.55000000000001,110.35000000000001,45.58125,45.58125,1.9082499999999998,0.44925000000000004
201603200NOP,LAC,240.0,34.5,72.5,0.47625,10.5,27.75,0.38349999999999995,20.75,28.0,0.748,5.25,25.75,31.0,21.75,6.75,5.75,11.75,21.75,100.25,0.5895,0.549,0.38250000000000006,0.393,14.974999999999998,66.7,41.599999999999994,62.25,7.525,9.8,12.225,100.0,112.10000000000001,123.65,46.150000000000006,46.150000000000006,2.16825,0.46900000000000003,LAC,240.0,41.25,82.5,0.50025,9.75,24.25,0.37825000000000003,18.0,24.0,0.7410000000000001,13.0,30.5,43.5,23.5,5.75,4.0,11.5,23.25,110.25,0.5924999999999999,0.5587500000000001,0.293,0.29125,33.3,85.025,58.4,56.975,6.45,9.225,10.9,100.0,123.65,112.1,46.2,46.2,2.38875,0.5097499999999999
201603200NYK,SAC,240.0,39.5,82.25,0.48074999999999996,6.5,18.0,0.35450000000000004,19.75,25.0,0.7912499999999999,7.0,30.75,37.75,23.75,10.0,4.75,12.0,18.75,105.25,0.5645,0.52,0.21925,0.30825,16.424999999999997,73.825,44.7,60.375,10.15,8.025,11.350000000000001,100.0,108.375,114.575,49.5625,49.5625,2.1262499999999998,0.47975,SAC,240.0,42.25,87.0,0.4845,10.25,25.25,0.4135,16.25,20.5,0.7987500000000001,11.0,35.75,46.75,24.25,7.5,4.5,15.25,20.25,111.0,0.57775,0.54325,0.29175,0.238,26.174999999999997,83.57499999999999,55.3,57.675000000000004,7.699999999999999,7.050000000000001,13.575,100.0,114.57500000000002,108.375,50.49374999999999,50.49374999999999,2.20775,0.483
201603200PHI,BOS,240.0,36.5,90.0,0.40650000000000003,7.5,25.5,0.302,18.5,22.25,0.8314999999999999,13.5,30.0,43.5,20.5,8.0,3.25,13.25,19.5,99.0,0.497,0.44875,0.28275,0.2445,27.4,71.35,48.074999999999996,56.75,8.325,5.275,11.8,100.0,103.07499999999999,114.55000000000001,50.159375,50.159375,1.9735000000000003,0.40775000000000006,BOS,240.0,40.75,86.25,0.47250000000000003,8.75,23.75,0.37174999999999997,19.75,27.0,0.7284999999999999,12.25,34.75,47.0,19.5,8.5,5.75,13.0,20.5,110.0,0.5605,0.5235,0.276,0.31375,28.65,72.6,51.925,47.800000000000004,8.9,9.0,11.749999999999998,100.0,114.55000000000001,103.07499999999999,49.9125,49.9125,2.202,0.39
201603200TOR,ORL,240.0,37.5,84.25,0.44749999999999995,9.25,24.5,0.38225,16.25,21.5,0.7437499999999999,7.0,30.5,37.5,23.5,7.25,5.25,12.25,20.0,100.5,0.5385000000000001,0.50275,0.291,0.257,15.95,75.75,44.775,62.525000000000006,7.549999999999999,9.475000000000001,11.5,100.0,104.025,115.6,49.85625,49.85625,2.0204999999999997,0.47275000000000006,ORL,240.0,41.25,85.0,0.49,12.5,31.0,0.40549999999999997,16.75,20.75,0.8217500000000001,10.0,37.0,47.0,25.75,5.0,3.0,14.5,18.0,111.75,0.5995,0.5645,0.36375,0.249,24.25,84.05,55.22500000000001,61.95,5.199999999999999,5.0,13.5,100.0,115.6,104.025,49.678125,49.678125,2.254,0.521
201603210ATL,WAS,240.0,43.25,88.75,0.487,8.75,23.75,0.39025,14.5,19.5,0.7442500000000001,8.5,38.75,47.25,27.0,9.5,3.5,13.75,18.5,109.75,0.5635,0.5365,0.268,0.21975,21.125,80.45,53.65,62.2,9.525,5.7,12.15,100.0,110.4,90.45,51.631249999999994,51.631249999999994,2.1285000000000003,0.52375,WAS,240.0,33.5,84.5,0.39675000000000005,6.25,24.25,0.272,16.75,22.0,0.77,9.25,31.0,40.25,18.75,8.25,4.75,16.5,19.75,90.0,0.47825000000000006,0.434,0.28574999999999995,0.2595,19.55,78.875,46.35,56.1,8.075,7.6,14.95,100.0,90.44999999999999,110.39999999999999,51.1,51.1,1.7610000000000001,0.36800000000000005
201603210BOS,ORL,240.0,39.0,82.25,0.4745,9.5,23.5,0.406,17.0,21.5,0.7854999999999999,6.0,31.75,37.75,23.75,6.75,6.25,11.5,23.5,104.5,0.56975,0.53225,0.28574999999999995,0.26175,15.35,74.375,45.725,61.05,7.075,10.700000000000001,11.125,100.0,108.97500000000001,112.39999999999999,48.981249999999996,48.981249999999996,2.1327499999999997,0.48450000000000004,ORL,240.0,38.25,84.25,0.458,9.75,27.25,0.359,21.5,29.25,0.7555000000000001,11.25,34.25,45.5,21.75,6.5,4.0,13.25,17.5,107.75,0.5595,0.5165,0.32125000000000004,0.35525,25.625,84.65,54.275000000000006,56.725,6.799999999999999,6.725,12.15,100.0,112.4,108.975,50.071875,50.071875,2.1525,0.434
201603210CHI,SAC,240.0,38.75,84.0,0.46299999999999997,6.0,19.0,0.31725000000000003,19.0,23.25,0.821,8.0,33.0,41.0,22.5,10.75,4.25,12.25,17.5,102.5,0.544,0.49825,0.22550000000000003,0.28325,18.125,72.39999999999999,45.625,58.199999999999996,11.024999999999999,6.749999999999999,11.475,100.0,106.05,107.6,49.646874999999994,49.646874999999994,2.0635,0.452,SAC,240.0,40.5,89.25,0.4535,8.25,23.0,0.359,14.75,18.75,0.7942499999999999,13.0,35.75,48.75,21.75,6.75,5.5,14.75,18.75,104.0,0.533,0.4995,0.25875,0.21225,27.6,81.875,54.375,53.5,6.925000000000001,8.575000000000001,12.975,100.0,107.6,106.05,49.953125,49.953125,2.083,0.4355
201603210CHO,SAS,240.0,38.75,82.75,0.46749999999999997,7.0,20.25,0.36200000000000004,17.0,20.25,0.833,10.75,33.25,44.0,23.5,7.5,6.0,11.25,20.25,101.5,0.55325,0.51025,0.24525,0.244,25.724999999999998,76.0,51.7,59.425,8.274999999999999,10.55,10.925,100.0,112.6,99.825,46.434375,46.434375,2.1855,0.50325,SAS,240.0,33.25,80.25,0.41574999999999995,7.25,23.75,0.30925,16.5,21.75,0.7637499999999999,11.0,31.25,42.25,20.0,7.25,3.75,13.75,20.75,90.25,0.5025000000000001,0.461,0.29575,0.27175000000000005,24.0,74.27499999999999,48.3,60.35,8.125,5.925,13.25,100.0,99.825,112.6,46.665625,46.665625,1.92825,0.42774999999999996
201603210CLE,DEN,240.0,41.5,86.75,0.47800000000000004,7.75,21.0,0.3745,16.25,21.0,0.7737499999999999,10.75,31.0,41.75,21.5,7.25,2.75,13.75,20.75,107.0,0.5575,0.52325,0.24375,0.2435,26.275,82.1,53.224999999999994,52.2,7.55,5.05,12.55,100.0,111.425,116.775,49.862500000000004,49.862500000000004,2.1447499999999997,0.43074999999999997,DEN,240.0,41.5,80.75,0.515,9.25,25.0,0.38349999999999995,20.0,25.25,0.78575,6.75,29.75,36.5,26.5,6.75,7.75,12.5,18.5,112.25,0.6110000000000001,0.5725,0.30874999999999997,0.3135,17.9,73.725,46.775000000000006,64.39999999999999,7.0249999999999995,11.600000000000001,11.975000000000001,100.0,116.775,111.425,49.246875,49.246875,2.276,0.538
201603210DET,MIL,240.0,37.5,76.5,0.49100000000000005,4.0,13.5,0.30525,15.75,22.25,0.7135,9.0,28.25,37.25,21.75,9.5,8.25,10.25,13.5,94.75,0.5505,0.51675,0.17550000000000002,0.29225,21.875,71.05,46.7,57.875,10.875,14.1,10.775,100.0,108.525,111.3,44.159375,44.159375,2.141,0.49124999999999996,MIL,240.0,36.5,82.0,0.45175000000000004,10.5,27.0,0.37100000000000005,13.25,15.25,0.8654999999999999,12.5,30.0,42.5,23.0,5.75,5.25,15.25,18.25,96.75,0.5525,0.51775,0.3365,0.18625000000000003,28.95,78.125,53.3,62.75,6.625,8.225,14.75,100.0,111.30000000000001,108.525,45.996875,45.996875,2.1125,0.5042500000000001
201603210IND,PHI,240.0,37.5,90.0,0.417,8.75,28.25,0.31875,18.75,26.5,0.7084999999999999,9.75,27.75,37.5,23.75,9.5,4.75,11.75,19.25,102.5,0.5045,0.4655,0.3145,0.29424999999999996,18.6,66.35,39.725,63.1,9.35,7.125,10.3,100.0,101.675,114.375,52.29375,52.29375,1.9595,0.45499999999999996,PHI,240.0,44.5,90.75,0.49024999999999996,8.25,24.5,0.33925000000000005,18.0,22.25,0.7975000000000001,14.0,43.0,57.0,25.75,7.75,3.75,16.75,21.25,115.25,0.5722499999999999,0.536,0.27,0.24499999999999997,33.650000000000006,81.4,60.275,58.075,7.675000000000001,6.1000000000000005,14.25,100.0,114.375,101.675,52.034375,52.034375,2.22075,0.49575
201603210MIN,GSW,240.0,43.0,87.25,0.492,15.25,34.0,0.44875,12.5,14.75,0.8499999999999999,8.0,36.75,44.75,30.25,7.5,6.0,13.0,19.25,113.75,0.6035,0.578,0.38875000000000004,0.17124999999999999,21.075,73.4,50.25,70.925,8.0,9.024999999999999,12.15,100.0,118.95,102.525,49.628125,49.628125,2.27725,0.6075,GSW,240.0,36.0,88.75,0.40574999999999994,7.75,23.5,0.33475,18.0,21.0,0.8175,13.25,31.0,44.25,22.25,7.25,5.0,11.5,16.0,97.75,0.49800000000000005,0.44975,0.26475,0.236,26.599999999999998,78.925,49.75,61.525,7.625,9.5,10.625,100.0,102.525,118.95,48.4875,48.4875,2.0095,0.45925
201603210PHO,MEM,240.0,37.0,93.75,0.39874999999999994,3.75,16.25,0.23324999999999999,19.25,25.5,0.76425,22.75,27.25,50.0,18.75,6.75,4.0,14.25,23.25,97.0,0.46499999999999997,0.41874999999999996,0.17300000000000001,0.27775,41.05,79.825,56.025,50.324999999999996,7.25,8.825,11.9,100.0,105.30000000000001,118.70000000000002,48.68125,48.68125,2.00875,0.3895,MEM,240.0,38.5,74.25,0.51675,10.75,25.75,0.406,22.75,32.25,0.70475,7.0,33.0,40.0,24.75,8.25,11.75,13.0,21.0,110.5,0.6235,0.5892499999999999,0.34800000000000003,0.44025000000000003,20.175,58.949999999999996,43.974999999999994,63.85,8.75,15.025,12.85,100.0,118.7,105.30000000000001,47.784375,47.784375,2.30725,0.5175000000000001
201603220BRK,CHO,240.0,37.5,89.0,0.42225000000000007,10.25,28.5,0.37475,14.75,20.25,0.727,10.5,35.0,45.5,20.5,5.75,5.5,10.25,15.25,100.0,0.5115,0.48,0.319,0.22824999999999998,22.075000000000003,81.8,50.45,54.825,6.05,8.225000000000001,9.5,100.0,105.35000000000001,103.92500000000001,49.184375,49.184375,2.03525,0.41700000000000004,CHO,240.0,37.5,82.75,0.4555,7.75,19.25,0.39674999999999994,15.75,20.25,0.7785,7.75,36.5,44.25,21.75,6.0,8.25,13.0,18.75,98.5,0.539,0.5025,0.23325,0.247,18.2,77.925,49.55,58.224999999999994,6.325,13.25,12.4,100.0,103.92500000000001,105.35,48.809375,48.809375,2.0205,0.4455
201603220LAL,MEM,240.0,39.25,91.0,0.43275,4.75,17.0,0.2745,19.25,23.25,0.83625,18.25,28.5,46.75,19.75,7.5,5.0,12.75,23.75,102.5,0.50675,0.459,0.1865,0.26125000000000004,36.875,79.97500000000001,55.45,50.2,8.100000000000001,10.899999999999999,11.225000000000001,100.0,111.9,111.82499999999999,48.271874999999994,48.271874999999994,2.129,0.41125,MEM,240.0,34.5,72.0,0.48025,9.5,24.5,0.383,23.75,32.25,0.7342500000000001,7.25,30.75,38.0,23.0,7.0,10.75,14.0,20.0,102.25,0.5942500000000001,0.54725,0.343,0.452,20.025000000000002,63.125,44.55,66.425,7.625,14.424999999999999,13.9,100.0,111.825,111.9,47.034375,47.034375,2.17925,0.49075
201603220NOP,MIA,246.25,42.5,84.0,0.5135000000000001,8.75,19.5,0.4555,20.25,25.25,0.8029999999999999,10.25,30.0,40.25,23.5,7.5,6.0,13.25,20.25,114.0,0.6052500000000001,0.5655,0.23075,0.30325,25.6,79.57499999999999,52.45,55.125,7.775,9.675,12.325000000000001,100.0,119.475,115.17500000000001,49.496875,50.8946614575,2.31475,0.47950000000000004,MIA,246.25,41.5,84.75,0.48950000000000005,9.0,22.0,0.4,18.25,23.0,0.7875,8.0,28.75,36.75,19.25,7.0,3.0,11.75,21.25,110.25,0.5825,0.5435,0.26175,0.2705,20.425,74.39999999999999,47.55,46.45,7.199999999999999,4.35,11.049999999999999,100.0,115.175,119.475,49.7125,51.119401042499995,2.22025,0.389
201603220OKC,HOU,240.0,41.75,84.0,0.49674999999999997,10.25,27.5,0.36025,18.5,25.75,0.7092499999999999,12.25,34.0,46.25,24.5,9.5,6.75,15.5,20.75,112.25,0.589,0.5575,0.327,0.30675,30.525,73.225,53.1,57.65,9.774999999999999,9.825,13.974999999999998,100.0,116.42500000000001,110.60000000000001,49.74062500000001,49.74062500000001,2.25575,0.49350000000000005,HOU,240.0,40.0,87.5,0.46725,9.0,25.25,0.34450000000000003,16.75,24.0,0.683,13.75,27.75,41.5,26.75,10.5,4.25,14.25,19.75,105.75,0.54975,0.52075,0.29575,0.279,26.775,69.475,46.9,65.325,10.950000000000001,7.300000000000001,12.55,100.0,110.6,116.42500000000001,49.7,49.7,2.143,0.544
201603230BOS,TOR,246.25,35.75,82.25,0.43674999999999997,10.0,25.0,0.38725000000000004,23.0,31.25,0.75875,12.25,35.25,47.5,18.5,6.75,7.0,11.25,20.25,104.5,0.54775,0.49774999999999997,0.3055,0.3795,27.25,81.07499999999999,53.900000000000006,50.9,7.275,11.25,10.45,100.0,113.07499999999999,100.875,48.046875,49.414713542499996,2.18825,0.3945,TOR,246.25,36.25,83.25,0.437,6.75,21.0,0.30825,14.25,19.75,0.7317499999999999,8.25,32.25,40.5,19.25,7.25,5.25,12.0,24.0,93.5,0.5097499999999999,0.47700000000000004,0.2495,0.2385,18.924999999999997,72.75,46.1,53.225,7.825,8.875,11.475000000000001,100.0,100.87500000000001,113.075,48.190625,49.582877605,1.948,0.39999999999999997
201603230CHI,NYK,240.0,33.25,84.5,0.39575000000000005,6.5,20.0,0.32325,13.0,17.25,0.7465,11.0,34.0,45.0,21.25,4.75,6.25,12.5,15.25,86.0,0.469,0.4345,0.23925,0.21125,22.025,76.175,48.55,63.449999999999996,5.225,10.225,11.875,100.0,93.975,107.825,47.096875,47.096875,1.826,0.45125,NYK,240.0,38.5,87.75,0.43775,9.0,26.75,0.3075,12.75,16.0,0.8075,10.5,37.0,47.5,22.5,7.0,4.25,10.0,16.0,98.75,0.52025,0.4885,0.303,0.18325000000000002,23.825,77.975,51.449999999999996,57.35,7.6499999999999995,6.425,9.524999999999999,100.0,107.825,93.975,47.425,47.425,2.07925,0.473
201603230CLE,MIL,240.0,36.5,73.25,0.4992500000000001,3.75,12.25,0.337,13.5,18.75,0.7015,6.5,30.5,37.0,20.75,7.5,9.25,11.25,15.5,90.25,0.5554999999999999,0.525,0.16575,0.25625000000000003,16.825,68.075,45.125,56.9,8.700000000000001,15.725,12.200000000000001,100.0,104.07500000000002,109.625,43.453125,43.453125,2.0757499999999998,0.47775,MIL,240.0,35.5,85.75,0.4154999999999999,9.75,28.5,0.32825,14.0,16.25,0.8645,14.25,30.25,44.5,21.25,6.5,4.5,13.25,17.25,94.75,0.51175,0.47325000000000006,0.337,0.18975000000000003,31.925,83.175,54.875,59.574999999999996,7.475,7.35,12.4,100.0,109.625,104.07499999999999,46.234375,46.234375,2.05975,0.46475
201603230DEN,PHI,240.0,35.0,88.0,0.39749999999999996,7.0,25.25,0.2825,15.75,23.5,0.6672499999999999,10.0,30.0,40.0,21.0,9.0,4.75,11.25,18.25,92.75,0.47,0.43675,0.28550000000000003,0.26425,19.025,71.05000000000001,42.2,59.35,9.0,7.425,10.350000000000001,100.0,94.57499999999999,107.57499999999999,50.20625,50.20625,1.84275,0.41674999999999995,PHI,240.0,41.5,88.5,0.46775,8.25,25.0,0.33125000000000004,14.0,17.75,0.79125,12.25,43.0,55.25,24.5,6.5,4.25,16.75,21.25,105.25,0.5455,0.515,0.2835,0.19899999999999998,28.95,80.975,57.8,58.7,6.675000000000001,6.825,14.7,100.0,107.575,94.575,50.715625,50.715625,2.077,0.48150000000000004
201603230DET,ORL,240.0,37.75,85.25,0.4435,8.75,22.0,0.39174999999999993,15.25,20.0,0.7565,8.0,32.25,40.25,20.5,7.25,7.0,11.0,23.5,99.5,0.53075,0.4955,0.2595,0.2355,18.05,73.6,45.949999999999996,54.775000000000006,7.6,11.700000000000001,10.474999999999998,100.0,103.975,111.80000000000001,48.875,48.875,2.03675,0.42,ORL,240.0,38.25,85.5,0.45075,9.25,26.75,0.34475,21.25,29.25,0.745,11.75,36.0,47.75,21.5,6.5,5.25,12.75,16.75,107.0,0.5477500000000001,0.5055,0.311,0.35075,26.4,81.95,54.05,56.1,6.824999999999999,8.3,11.600000000000001,100.0,111.79999999999998,103.975,50.196875,50.196875,2.1322499999999995,0.428
201603230GSW,LAC,240.0,34.75,73.25,0.47550000000000003,10.5,29.5,0.36925,24.0,33.75,0.71,5.75,25.5,31.25,21.25,8.5,6.0,12.25,23.0,104.0,0.59125,0.5477500000000001,0.40025,0.46075,15.625,66.05,41.175,60.175,9.075,10.175,12.325,100.0,112.925,118.775,47.890625,47.890625,2.1755,0.44375000000000003,LAC,240.0,39.75,79.25,0.5015,7.0,20.25,0.34,22.5,29.0,0.766,13.25,31.5,44.75,23.25,7.25,3.25,15.25,27.0,109.0,0.5927499999999999,0.5455000000000001,0.257,0.3725,33.95,84.375,58.825,58.675000000000004,7.825,7.675,14.075000000000001,100.0,118.775,112.925,47.5125,47.5125,2.30175,0.49224999999999997
201603230HOU,UTA,240.0,36.75,82.0,0.44975,11.0,29.25,0.3805,9.5,12.25,0.7590000000000001,12.0,31.75,43.75,21.75,7.5,4.25,13.75,15.0,94.0,0.5405,0.51725,0.359,0.152,29.125,78.64999999999999,53.925,59.85,8.425,7.85,13.55,100.0,109.17500000000001,97.125,44.784375,44.784375,2.10325,0.4875,UTA,240.0,34.0,78.75,0.43750000000000006,6.25,24.0,0.28875,8.5,12.5,0.669,9.0,28.75,37.75,19.25,7.25,5.0,13.25,13.75,82.75,0.49575,0.4760000000000001,0.29175,0.1655,21.35,70.875,46.075,56.175,8.325,10.2,13.475000000000001,100.0,97.125,109.175,44.46875,44.46875,1.8812499999999996,0.43975
201603230MIN,SAC,240.0,39.25,86.25,0.4565,7.25,21.75,0.33925000000000005,15.75,19.0,0.82725,10.25,33.0,43.25,21.75,8.0,2.75,13.0,18.0,101.5,0.5365,0.49824999999999997,0.251,0.22425,23.425,71.975,48.125,55.475,8.5,4.05,12.0,100.0,107.025,112.3,49.0125,49.0125,2.069,0.44325000000000003,SAC,240.0,41.5,91.0,0.45625,10.0,22.5,0.436,13.75,18.0,0.7745,13.25,33.25,46.5,23.75,7.5,6.0,11.5,17.0,106.75,0.5395,0.511,0.24725,0.198,28.025,76.575,51.875,57.05,7.875,9.5,10.35,100.0,112.30000000000001,107.025,48.900000000000006,48.900000000000006,2.1762500000000005,0.48325000000000007
201603230PHO,LAL,240.0,35.25,83.0,0.42650000000000005,5.0,21.0,0.23925000000000002,20.0,24.25,0.8242499999999999,10.75,35.25,46.0,19.0,7.5,4.25,15.75,21.75,95.5,0.512,0.45699999999999996,0.253,0.29275,25.075000000000003,78.55,51.47500000000001,54.2,7.775,7.074999999999999,14.25,100.0,100.02499999999999,102.22500000000001,49.75937499999999,49.75937499999999,1.922,0.38125000000000003,LAL,240.0,35.75,80.75,0.44525000000000003,5.25,21.0,0.2485,21.0,27.25,0.7682499999999999,10.0,34.0,44.0,21.75,10.0,5.5,14.25,20.0,97.75,0.52825,0.477,0.25825,0.3395,21.45,74.92500000000001,48.52499999999999,60.725,10.25,8.85,13.25,100.0,102.22500000000001,100.02499999999999,48.971875000000004,48.971875000000004,1.9949999999999999,0.4425
201603230POR,DAL,246.25,42.25,87.0,0.48575,10.0,26.5,0.382,17.75,20.5,0.8635,7.25,35.25,42.5,27.5,6.5,7.25,13.0,20.0,112.25,0.584,0.5427500000000001,0.304,0.23575,17.425,76.275,48.125,65.15,6.525,13.625,11.899999999999999,100.0,111.8,110.8,51.243750000000006,52.649023437500006,2.18575,0.53575,DAL,246.25,40.25,90.75,0.44325000000000003,15.0,37.75,0.39325,15.75,22.25,0.7482499999999999,11.75,33.75,45.5,24.75,8.75,5.5,14.25,19.5,111.25,0.55375,0.5245,0.41424999999999995,0.25275000000000003,23.725,82.575,51.875,60.625,8.774999999999999,9.125,12.524999999999999,100.0,110.79999999999998,111.8,51.909375000000004,53.3325520825,2.136,0.47300000000000003
201603230SAS,MIA,240.0,44.25,81.5,0.544,7.25,18.0,0.40499999999999997,20.5,25.5,0.80475,9.75,32.0,41.75,24.0,6.5,6.0,13.0,18.25,116.25,0.628,0.589,0.221,0.31375,25.525,78.675,53.2,54.2,6.85,9.525,12.350000000000001,100.0,123.0,113.125,48.43125,48.43125,2.402,0.49725,MIA,240.0,40.75,85.5,0.47725,9.25,21.5,0.42625,16.25,21.0,0.777,9.0,27.75,36.75,19.0,6.25,1.5,11.5,21.75,107.0,0.567,0.53225,0.25425000000000003,0.24375,21.325000000000003,74.475,46.8,46.75,6.549999999999999,2.3,10.875,100.0,113.125,123.0,48.987500000000004,48.987500000000004,2.186,0.38849999999999996
201603230WAS,ATL,240.0,40.25,83.75,0.48125,12.75,32.75,0.39425000000000004,18.0,22.75,0.75725,6.5,33.25,39.75,28.0,8.0,5.75,13.5,19.25,111.25,0.59425,0.5579999999999999,0.39049999999999996,0.27149999999999996,15.325,76.1,46.6,69.32499999999999,8.075,9.075000000000001,12.625,100.0,112.75,107.89999999999999,50.778125,50.778125,2.19175,0.5535,ATL,240.0,39.25,86.5,0.4525,8.0,23.75,0.3325,20.0,26.75,0.74525,10.5,35.0,45.5,21.75,7.5,3.5,13.25,20.25,106.5,0.5412499999999999,0.49874999999999997,0.275,0.312,23.9,84.675,53.4,54.900000000000006,7.7,6.85,11.850000000000001,100.0,107.9,112.75,50.978125000000006,50.978125000000006,2.08825,0.42674999999999996
201603240BRK,CLE,240.0,41.5,80.25,0.5165,12.0,29.25,0.41475,16.75,21.0,0.801,9.25,28.75,38.0,27.25,7.25,4.75,14.25,19.75,111.75,0.624,0.59125,0.3635,0.26225,25.825000000000003,72.77499999999999,51.0,64.925,7.85,7.65,13.750000000000002,100.0,121.80000000000001,114.74999999999999,47.612500000000004,47.612500000000004,2.3477499999999996,0.5717500000000001,CLE,240.0,39.5,81.75,0.48300000000000004,9.25,19.75,0.47025,16.75,21.25,0.78425,10.5,25.5,36.0,23.75,9.25,4.25,13.5,19.5,105.0,0.57625,0.5389999999999999,0.2415,0.25975,27.225,74.175,49.0,60.2,10.024999999999999,8.35,12.9,100.0,114.75,121.80000000000001,47.421875,47.421875,2.2215000000000003,0.5027499999999999
201603240IND,NOP,240.0,39.5,82.75,0.47750000000000004,9.0,19.75,0.45449999999999996,22.75,28.5,0.79975,7.75,35.25,43.0,21.75,7.0,2.5,12.5,24.75,110.75,0.5825,0.5315000000000001,0.24149999999999996,0.35574999999999996,18.45,80.1,49.95,55.15,7.050000000000001,4.275,11.425,100.0,112.275,112.32499999999999,50.51875,50.51875,2.1952499999999997,0.4315,NOP,240.0,38.75,84.5,0.45775,7.75,25.75,0.31174999999999997,25.5,31.5,0.82175,8.75,34.25,43.0,20.5,7.0,3.75,11.75,23.5,110.75,0.5635,0.504,0.3095,0.38025,19.9,81.55,50.05,53.325,7.050000000000001,6.175,10.674999999999999,100.0,112.32499999999999,112.27499999999999,51.231249999999996,51.231249999999996,2.165,0.40075
201603240LAC,POR,246.25,39.25,90.0,0.43825000000000003,11.0,30.5,0.3595,24.5,30.75,0.7889999999999999,13.25,34.75,48.0,21.0,7.5,5.25,13.0,20.5,114.0,0.5527500000000001,0.498,0.3345,0.3500000000000001,25.950000000000003,84.4,53.625,53.3,7.375,7.95,11.175,100.0,113.05000000000001,115.2,52.178125,53.6013020825,2.18475,0.4015,POR,246.25,44.0,88.5,0.4985,10.5,23.0,0.46900000000000003,17.75,21.0,0.8574999999999999,6.5,35.5,42.0,27.5,7.5,7.25,11.75,22.0,116.25,0.5952500000000001,0.55775,0.25825,0.2415,15.6,74.05,46.375,62.150000000000006,7.449999999999999,11.925,10.475,100.0,115.2,113.05,51.8625,53.2677734375,2.2432499999999997,0.53225
201603240NYK,CHI,240.0,41.0,86.75,0.47275,11.0,24.75,0.43574999999999997,13.5,17.5,0.78525,11.0,30.5,41.5,26.75,7.5,6.5,8.75,14.0,106.5,0.56325,0.536,0.28675,0.20175,26.125000000000004,68.85000000000001,47.725,65.65,8.2,10.625,8.525,100.0,118.85,112.725,46.40625,46.40625,2.29375,0.5765,CHI,240.0,40.0,86.75,0.46099999999999997,9.25,25.5,0.363,11.75,15.75,0.73225,13.75,31.75,45.5,23.75,5.5,3.75,12.0,16.75,101.0,0.53875,0.51425,0.29375,0.18174999999999997,31.150000000000002,73.875,52.275,59.400000000000006,6.1499999999999995,6.475,11.25,100.0,112.725,118.85,46.240624999999994,46.240624999999994,2.1865,0.51525
201603240OKC,UTA,240.0,35.75,83.5,0.42724999999999996,10.75,29.75,0.36425,10.5,13.75,0.74475,13.25,32.5,45.75,22.25,8.75,4.5,16.25,16.0,92.75,0.518,0.4915,0.35825,0.16775,31.175,83.3,56.275,63.324999999999996,9.675,8.075,15.275,100.0,104.44999999999999,94.625,46.515625,46.515625,1.9935,0.48025,UTA,240.0,33.5,75.25,0.4495,6.0,19.0,0.32825000000000004,10.25,16.0,0.649,6.75,29.25,36.0,20.25,9.0,6.5,14.75,15.0,83.25,0.50975,0.4890000000000001,0.24724999999999997,0.21700000000000003,16.700000000000003,68.82499999999999,43.724999999999994,60.0,10.024999999999999,13.200000000000001,15.05,100.0,94.625,104.45,45.425,45.425,1.8519999999999999,0.4525
201603250ATL,MIL,240.0,38.75,74.0,0.52325,5.0,13.0,0.408,11.5,16.0,0.7020000000000001,6.5,29.0,35.5,22.0,7.5,9.5,13.0,17.5,94.0,0.57975,0.5565,0.1735,0.21875,18.424999999999997,65.025,44.875,57.05,8.625,16.35,13.85,100.0,107.42500000000001,110.225,44.05,44.05,2.1312499999999996,0.49975,MIL,240.0,35.75,85.75,0.4184999999999999,8.75,29.5,0.285,16.0,18.75,0.857,15.25,27.75,43.0,21.75,7.0,4.5,14.0,15.75,96.25,0.51275,0.47025000000000006,0.34925,0.21975,34.975,81.575,55.125,60.4,8.0,7.35,12.95,100.0,110.225,107.42499999999998,46.703125,46.703125,2.06725,0.46950000000000003
201603250DET,CHO,240.0,37.25,84.5,0.44125000000000003,10.0,26.25,0.38975,15.0,20.25,0.739,7.5,32.25,39.75,20.0,6.75,5.75,10.25,17.5,99.5,0.5327500000000001,0.5005,0.31174999999999997,0.23975,16.825,79.025,46.8,53.900000000000006,7.125,8.725,9.825,100.0,105.725,105.02499999999999,48.434375,48.434375,2.05725,0.41350000000000003,CHO,240.0,37.25,80.5,0.46475,7.0,17.5,0.39774999999999994,17.25,21.75,0.7865,8.75,36.5,45.25,21.25,6.0,6.5,15.0,19.75,98.75,0.55025,0.5089999999999999,0.21875,0.275,20.975,83.175,53.2,57.25,6.3500000000000005,10.600000000000001,14.325000000000001,100.0,105.025,105.725,48.540625000000006,48.540625000000006,2.03675,0.43775
201603250GSW,DAL,246.25,42.25,89.25,0.4745,10.0,26.5,0.382,16.75,18.75,0.89625,8.5,35.25,43.75,25.25,6.25,7.25,13.75,17.75,111.25,0.5707500000000001,0.53025,0.296,0.21275,19.549999999999997,74.5,47.95,59.8,6.225,12.8,12.275,100.0,110.075,113.325,51.703125,53.1083984375,2.14925,0.489,DAL,246.25,42.25,94.0,0.45025000000000004,14.25,37.0,0.37475,15.75,20.0,0.8065,12.75,34.25,47.0,25.0,9.5,5.75,13.75,18.5,114.5,0.558,0.5249999999999999,0.39125,0.21125000000000002,25.5,80.45,52.05,58.425,9.45,9.075,11.850000000000001,100.0,113.32499999999999,110.075,52.25000000000001,53.673177082500004,2.1865,0.4755
201603250HOU,TOR,246.25,33.75,83.75,0.40625,8.0,23.0,0.33875,22.0,32.0,0.6757500000000001,12.75,35.75,48.5,15.0,6.5,6.75,11.75,18.25,97.5,0.501,0.45475,0.277,0.3845,25.825,82.65,52.775,44.075,6.8999999999999995,11.05,10.725,100.0,103.10000000000001,99.57499999999999,48.975,50.3428385425,1.99175,0.30825,TOR,246.25,36.5,84.0,0.436,8.25,22.75,0.36975,12.75,18.5,0.7037499999999999,7.5,35.75,43.25,20.75,6.5,5.75,12.25,24.5,94.0,0.5115000000000001,0.48525,0.26975000000000005,0.21975,17.35,74.175,47.225,57.15,6.8500000000000005,9.325000000000001,11.7,100.0,99.575,103.10000000000001,48.76875,50.161002605,1.9329999999999998,0.42775
201603250LAL,DEN,240.0,35.5,82.75,0.4285,7.25,19.75,0.37249999999999994,20.25,26.25,0.77,10.0,32.75,42.75,19.5,7.25,5.25,14.75,19.5,98.5,0.5225000000000001,0.4725,0.239,0.3235,22.825,80.525,50.525,55.075,7.575,9.575000000000001,13.524999999999999,100.0,102.775,113.72500000000001,49.984375,49.984375,1.971,0.39049999999999996,DEN,240.0,40.0,85.75,0.4685,12.75,31.5,0.40800000000000003,16.25,20.0,0.81375,7.75,33.75,41.5,29.5,7.0,7.25,11.0,20.0,109.0,0.5775,0.54225,0.3662500000000001,0.23725,19.475,77.17500000000001,49.475,73.10000000000001,7.3,11.174999999999999,10.45,100.0,113.725,102.775,49.25,49.25,2.2135,0.599
201603250MIA,ORL,240.0,38.75,89.0,0.4375,8.0,22.0,0.36175,14.75,19.5,0.75275,11.75,29.5,41.25,20.75,8.5,5.5,10.5,23.25,100.25,0.5165,0.48325,0.248,0.22075,25.0,74.425,48.2,53.725,9.0,9.475,9.8,100.0,106.0,116.07500000000002,48.506249999999994,48.506249999999994,2.0675000000000003,0.42874999999999996,ORL,240.0,39.0,80.5,0.48525,9.25,23.5,0.385,22.5,30.25,0.7645,10.25,34.0,44.25,23.25,6.75,5.5,14.5,17.5,109.75,0.58725,0.54325,0.2935,0.3765,25.575,75.0,51.8,59.175,7.125,8.275,13.45,100.0,116.07499999999999,106.0,49.559374999999996,49.559374999999996,2.2154999999999996,0.46950000000000003
201603250SAC,PHO,240.0,34.25,85.0,0.40025,9.5,28.0,0.33875,17.0,23.5,0.6875,12.75,36.5,49.25,21.5,7.0,5.25,15.5,19.0,95.0,0.49524999999999997,0.45599999999999996,0.33075,0.28125,26.575000000000003,76.575,51.22500000000001,62.175000000000004,7.25,7.875,14.025,100.0,98.725,104.55000000000001,49.45625,49.45625,1.92075,0.43400000000000005,PHO,240.0,38.0,89.25,0.42525,8.0,23.75,0.33999999999999997,16.75,20.0,0.8135,11.25,35.5,46.75,18.25,8.5,5.25,12.75,22.5,100.75,0.5145,0.47025,0.26575,0.22375,23.425,73.425,48.775,49.0,8.775,9.15,11.55,100.0,104.55,98.72500000000001,50.125,50.125,2.00875,0.365
201603250SAS,MEM,240.0,38.25,86.0,0.44775,4.75,15.75,0.29125,19.25,23.75,0.81975,14.75,27.5,42.25,20.0,10.0,3.5,15.25,25.0,100.5,0.522,0.47524999999999995,0.1835,0.28075,31.900000000000002,76.75,51.575,52.075,10.7,7.75,13.675,100.0,107.925,108.02499999999999,48.89062500000001,48.89062500000001,2.05875,0.4105,MEM,240.0,34.25,73.5,0.466,8.5,24.0,0.34299999999999997,23.5,30.5,0.78025,8.25,31.5,39.75,20.5,8.25,9.75,15.75,20.75,100.5,0.5787500000000001,0.525,0.33075,0.42075,23.25,68.10000000000001,48.425,60.49999999999999,8.850000000000001,13.475,15.225,100.0,108.025,107.92500000000001,47.743750000000006,47.743750000000006,2.107,0.4295
201603250WAS,MIN,240.0,41.0,79.5,0.5177499999999999,7.0,17.25,0.401,21.5,29.25,0.7404999999999999,9.25,27.75,37.0,29.0,8.75,5.75,14.25,18.0,110.5,0.60025,0.56275,0.21975,0.37125,25.049999999999997,63.075,45.575,70.97500000000001,9.175,8.375,13.350000000000001,100.0,116.5,115.17500000000001,49.19687499999999,49.19687499999999,2.25225,0.5920000000000001,MIN,240.0,44.25,90.75,0.49024999999999996,7.75,23.25,0.32799999999999996,13.0,20.5,0.6380000000000001,16.75,27.5,44.25,26.75,7.75,7.25,15.0,21.25,109.25,0.5507500000000001,0.5335,0.25925000000000004,0.226,36.925,74.95,54.425,60.375,8.075,12.0,13.15,100.0,115.17500000000001,116.5,49.36875,49.36875,2.22025,0.5425
201603260BRK,IND,246.25,36.5,83.5,0.43875,8.5,24.0,0.35750000000000004,15.5,20.25,0.7855,6.75,36.0,42.75,23.25,9.25,5.0,12.75,20.5,97.0,0.526,0.48975,0.28674999999999995,0.241,15.049999999999999,76.925,46.925000000000004,63.400000000000006,9.55,7.8,12.175,100.0,100.6,96.8,49.559375,50.951627605,1.96,0.46950000000000003,IND,246.25,35.0,83.25,0.42225,6.25,21.0,0.28675,17.5,23.0,0.7385,10.75,37.5,48.25,16.75,6.0,3.25,15.75,19.75,93.75,0.50175,0.45975,0.25325,0.27425,23.075,84.95,53.074999999999996,46.9,6.2,5.45,14.475,100.0,96.8,100.6,49.58749999999999,50.9553385425,1.8830000000000002,0.33825
201603260DET,ATL,240.0,42.0,86.75,0.4865,12.25,36.25,0.33075,12.25,17.0,0.7134999999999999,8.75,31.0,39.75,28.25,9.25,5.75,14.25,18.25,108.5,0.5787500000000001,0.5589999999999999,0.42125,0.19774999999999998,19.225,71.45,45.900000000000006,66.925,9.525,8.875,13.200000000000001,100.0,111.6,104.25000000000001,50.1625,50.1625,2.16075,0.5622499999999999,ATL,240.0,38.25,87.75,0.43475,8.25,22.75,0.342,16.5,22.25,0.7525,12.5,34.25,46.75,20.75,8.0,4.25,14.75,18.0,101.25,0.5185,0.481,0.2575,0.25725,28.549999999999997,80.775,54.1,53.5,8.200000000000001,7.825,13.075000000000001,100.0,104.25,111.60000000000001,50.284375,50.284375,2.0132499999999998,0.411
201603260MIL,CHO,240.0,36.5,86.25,0.4245,10.25,27.25,0.3815,15.25,20.5,0.74175,7.0,33.5,40.5,21.25,8.0,6.25,10.0,18.0,98.5,0.5175,0.48349999999999993,0.317,0.238,14.725,75.69999999999999,44.4,58.25,8.325,9.549999999999999,9.5,100.0,102.44999999999999,104.30000000000001,49.49375,49.49375,1.9909999999999997,0.4295,CHO,240.0,37.75,84.5,0.447,7.25,20.75,0.36150000000000004,17.5,22.25,0.78075,11.0,40.0,51.0,21.25,5.75,6.0,14.75,21.0,100.25,0.53225,0.49025,0.2445,0.2665,24.3,85.27499999999999,55.599999999999994,56.599999999999994,6.0,9.65,13.6,100.0,104.30000000000001,102.44999999999999,49.409375000000004,49.409375000000004,2.0285,0.43
201603260MIN,UTA,240.0,33.75,79.75,0.42474999999999996,9.25,29.0,0.311,13.0,17.25,0.752,13.25,28.75,42.0,21.5,7.25,4.0,16.75,17.0,89.75,0.51475,0.48225,0.3625,0.22100000000000003,31.75,81.35,54.7,63.975,8.225,7.074999999999999,16.025,100.0,102.55,107.375,45.721875000000004,45.721875000000004,1.9645000000000001,0.47125,UTA,240.0,37.75,75.5,0.49975,6.75,18.0,0.37275,12.0,18.0,0.683,6.75,28.25,35.0,23.5,10.0,7.25,13.0,15.0,94.25,0.5645,0.5435000000000001,0.23424999999999999,0.24050000000000002,18.650000000000002,68.25,45.3,62.5,11.225,14.75,13.525,100.0,107.375,102.55,45.15,45.15,2.0854999999999997,0.52075
201603260NOP,TOR,240.0,35.5,85.25,0.41900000000000004,9.5,25.25,0.364,19.0,29.0,0.6515,12.75,32.75,45.5,18.0,7.5,6.75,10.75,19.0,99.5,0.5097499999999999,0.475,0.297,0.34575,26.375,79.5,51.300000000000004,50.225,7.975,11.2,9.95,100.0,106.3,105.25,48.5125,48.5125,2.04875,0.3695,TOR,240.0,38.25,81.5,0.46950000000000003,9.25,21.25,0.4345,12.75,21.5,0.644,8.5,34.75,43.25,21.75,5.0,6.75,12.75,22.25,98.5,0.5405,0.52625,0.26075000000000004,0.2645,20.5,73.625,48.699999999999996,57.025,5.425,11.05,12.2,100.0,105.25000000000001,106.3,47.98125,47.98125,2.0500000000000003,0.45374999999999993
201603260NYK,CLE,240.0,41.75,83.5,0.501,11.25,31.75,0.36450000000000005,13.5,16.5,0.81025,9.75,29.25,39.0,27.0,6.25,4.25,13.0,19.5,108.25,0.59675,0.5682499999999999,0.37825000000000003,0.19875,25.425000000000004,72.6,50.075,63.9,6.8,6.725,12.575000000000001,100.0,118.225,115.125,47.29375,47.29375,2.2897499999999997,0.56975,CLE,240.0,40.5,83.5,0.48550000000000004,8.5,19.75,0.43624999999999997,15.75,20.5,0.764,10.75,27.75,38.5,24.75,8.75,4.5,12.5,17.5,105.25,0.56925,0.536,0.23625000000000002,0.246,27.4,74.575,49.925,61.050000000000004,9.5,8.725,11.924999999999999,100.0,115.125,118.225,47.49375,47.49375,2.2235,0.5225
201603260OKC,SAS,240.0,38.75,80.5,0.4825,6.75,17.5,0.394,15.0,18.25,0.817,10.25,35.0,45.25,22.75,6.75,6.75,14.25,15.0,99.25,0.5615,0.525,0.21850000000000003,0.228,25.65,81.85000000000001,54.7,58.5,7.3999999999999995,11.15,13.85,100.0,109.75,99.82499999999999,46.584375,46.584375,2.13625,0.48824999999999996,SAS,240.0,36.75,82.25,0.44775000000000004,7.75,21.75,0.39,9.25,13.5,0.6897500000000001,7.75,29.75,37.5,22.0,10.5,4.5,12.0,17.0,90.5,0.5137499999999999,0.49475,0.264,0.16325,18.15,74.35,45.3,60.825,11.600000000000001,7.075,11.950000000000001,100.0,99.825,109.75,46.456250000000004,46.456250000000004,1.95025,0.47675
201603260ORL,CHI,240.0,38.75,85.5,0.4545,9.75,25.0,0.38125000000000003,13.25,18.25,0.72975,8.75,28.75,37.5,24.0,8.25,5.0,8.5,13.5,100.5,0.5379999999999999,0.51125,0.29325,0.21225,20.55,71.475,44.425,61.650000000000006,8.9,8.625,8.375,100.0,110.92499999999998,112.42500000000001,46.959375,46.959375,2.1439999999999997,0.5145,CHI,240.0,39.75,84.25,0.473,11.0,27.75,0.39975,11.5,14.75,0.7667499999999999,12.0,35.0,47.0,23.0,4.75,5.25,14.0,15.25,102.0,0.56375,0.539,0.3315,0.17624999999999996,28.525000000000002,79.45,55.575,57.825,5.25,8.925,13.325,100.0,112.42500000000001,110.92500000000001,46.628125,46.628125,2.18975,0.4955
201603260PHO,BOS,240.0,39.25,85.25,0.45925000000000005,8.5,22.0,0.38675000000000004,15.25,19.5,0.7855000000000001,9.25,36.75,46.0,23.0,7.25,4.25,12.5,19.0,102.25,0.543,0.50925,0.25775000000000003,0.22849999999999998,22.299999999999997,75.82499999999999,50.9,58.625,7.675000000000001,6.475,11.725000000000001,100.0,107.825,101.675,48.881249999999994,48.881249999999994,2.086,0.47050000000000003,BOS,240.0,36.5,87.75,0.41800000000000004,8.0,22.5,0.34525000000000006,15.25,22.75,0.6645000000000001,12.0,32.25,44.25,18.5,6.75,7.25,11.25,18.25,96.25,0.495,0.46499999999999997,0.26075,0.26175,24.175,77.69999999999999,49.1,50.2,7.125000000000001,11.5,10.375,100.0,101.675,107.82499999999999,48.903125,48.903125,1.9677499999999999,0.375
201603260POR,PHI,240.0,35.5,88.75,0.39975000000000005,9.25,26.25,0.33825,14.75,20.75,0.7275,10.0,31.25,41.25,23.25,6.75,5.0,10.75,20.0,95.0,0.48325,0.4505,0.29325,0.23274999999999998,19.7,73.9,44.575,64.77499999999999,6.925,7.925000000000001,9.975,100.0,97.92499999999998,109.975,49.678125,49.678125,1.9049999999999998,0.46399999999999997,PHI,240.0,39.75,85.0,0.46524999999999994,8.25,22.5,0.364,18.75,23.0,0.8202499999999999,11.0,40.75,51.75,22.75,6.25,6.25,15.25,21.75,106.5,0.55875,0.514,0.2645,0.27775000000000005,26.099999999999998,80.3,55.425,56.7,6.5,10.350000000000001,13.774999999999999,100.0,109.97500000000001,97.925,50.087500000000006,50.087500000000006,2.1229999999999998,0.45325000000000004
201603270GSW,PHI,240.0,36.5,89.75,0.40625,9.25,28.5,0.31775,14.75,20.0,0.7470000000000001,10.0,35.5,45.5,22.5,5.25,5.25,12.0,21.25,97.0,0.48975,0.4565,0.314,0.2215,19.875,78.325,47.625,61.075,5.325,8.325,10.95,100.0,98.60000000000001,107.80000000000001,50.625,50.625,1.908,0.4415,PHI,240.0,38.0,85.5,0.44325000000000003,8.5,23.25,0.36450000000000005,21.25,26.0,0.82575,9.75,40.25,50.0,21.25,7.75,5.5,12.75,21.0,105.75,0.5449999999999999,0.49324999999999997,0.2715,0.30975,21.674999999999997,80.125,52.375,55.525,7.9,9.3,11.7,100.0,107.8,98.6,50.425,50.425,2.0945,0.42100000000000004
201603270IND,HOU,240.0,37.0,82.75,0.44825000000000004,9.75,26.25,0.376,17.0,26.25,0.66625,11.25,33.25,44.5,22.0,9.0,6.5,15.5,22.0,100.75,0.534,0.507,0.31475,0.32075,25.349999999999998,72.65,49.525,59.175,9.425,11.924999999999999,14.1,100.0,104.15,108.0,49.73437499999999,49.73437499999999,2.0225,0.4425,HOU,240.0,38.75,87.5,0.44225000000000003,11.5,33.25,0.34875,15.5,21.75,0.6997500000000001,12.5,32.25,44.75,24.75,9.75,5.75,15.25,20.0,104.5,0.53875,0.50825,0.381,0.24800000000000003,27.35,74.65,50.475,64.1,10.075,10.2,13.7,100.0,107.99999999999999,104.15,50.290625000000006,50.290625000000006,2.07475,0.49275
201603270LAC,DEN,240.0,37.0,84.5,0.43625,8.25,20.75,0.4005,20.75,28.0,0.73075,11.0,34.0,45.0,21.75,7.0,6.0,13.5,19.5,103.0,0.5315000000000001,0.48475,0.24500000000000002,0.3385,24.1,81.075,51.349999999999994,58.2,7.275,10.55,12.275,100.0,106.75,110.225,50.150000000000006,50.150000000000006,2.05325,0.43324999999999997,DEN,240.0,39.25,87.0,0.45225000000000004,12.25,30.75,0.40125,15.5,19.5,0.8014999999999999,7.75,34.5,42.25,27.25,7.25,6.0,10.75,20.75,106.25,0.5565,0.522,0.35275,0.22625,18.925,75.9,48.650000000000006,68.65,7.525,9.2,10.125,100.0,110.225,106.75,49.631249999999994,49.631249999999994,2.1415,0.54975
201603270LAL,WAS,252.5,43.5,92.5,0.46924999999999994,11.5,28.25,0.41100000000000003,13.0,18.0,0.7445,10.0,33.5,43.5,28.25,7.75,2.75,12.25,19.25,111.5,0.55375,0.53125,0.30600000000000005,0.19375,23.1,84.05,52.5,64.575,7.775,5.275,10.75,100.0,111.35000000000001,110.625,51.65,54.5647135425,2.15675,0.544,WAS,252.5,41.5,84.75,0.48725000000000007,12.0,30.5,0.39575,16.25,19.5,0.83225,6.5,33.0,39.5,27.25,6.5,5.5,15.25,18.0,111.25,0.5940000000000001,0.5595,0.36324999999999996,0.22974999999999998,15.95,76.9,47.5,65.475,6.375000000000001,8.875,14.125,100.0,110.625,111.35,51.38125,54.309635417500004,2.1552499999999997,0.5269999999999999
201603270SAC,DAL,246.25,43.75,93.5,0.4695,12.75,29.75,0.431,16.5,19.25,0.863,11.25,37.25,48.5,27.0,5.5,7.0,14.0,18.0,116.75,0.573,0.5375000000000001,0.31775,0.20725,24.8,78.35,51.95,61.6,5.375,12.875,12.075,100.0,114.45,119.475,52.696875000000006,54.102148437500006,2.2165,0.51325,DAL,246.25,43.25,94.0,0.46175,17.0,39.0,0.424,18.25,22.5,0.82325,11.25,33.75,45.0,27.25,9.25,7.25,11.5,17.75,121.75,0.589,0.552,0.414,0.23950000000000002,21.65,75.225,48.05,62.425,9.05,11.424999999999999,9.875,100.0,119.475,114.45,52.46875000000001,53.891927082500004,2.3240000000000003,0.51925
201603280CHI,ATL,240.0,41.75,88.5,0.47475,12.0,35.25,0.33425000000000005,13.75,17.5,0.8,7.75,31.75,39.5,28.75,7.75,6.0,11.25,18.5,109.25,0.57125,0.54425,0.40275000000000005,0.2005,17.075,72.3,45.5,68.525,8.025,9.4,10.5,100.0,112.875,104.175,50.15625,50.15625,2.176,0.57225,ATL,240.0,38.5,88.75,0.433,8.75,24.25,0.34800000000000003,15.0,21.5,0.72125,12.25,35.0,47.25,23.25,5.75,4.5,13.25,17.25,100.75,0.5125,0.48175,0.2715,0.2445,27.700000000000003,82.925,54.5,60.5,5.9,7.975,11.85,100.0,104.17500000000001,112.875,49.98125,49.98125,2.015,0.46375000000000005
201603280DEN,DAL,246.25,44.0,92.25,0.47850000000000004,12.5,28.5,0.43674999999999997,16.0,19.75,0.8222499999999999,11.5,35.75,47.25,26.25,6.0,5.5,14.25,20.25,116.5,0.5774999999999999,0.546,0.30800000000000005,0.21625,25.45,77.19999999999999,51.375,59.449999999999996,5.925000000000001,10.175,12.375,100.0,115.575,121.825,52.190625,53.5958984375,2.233,0.503,DAL,246.25,44.0,90.75,0.491,13.75,34.5,0.39175,20.75,26.5,0.7922500000000001,11.5,33.25,44.75,26.5,10.0,6.25,11.25,17.0,122.5,0.603,0.5660000000000001,0.375,0.29425,22.8,74.57499999999999,48.625,59.875,9.9,9.875,9.825,100.0,121.82500000000002,115.575,51.54375,52.9669270825,2.3825000000000003,0.51625
201603280LAC,BOS,240.0,39.0,85.75,0.45375000000000004,8.25,24.0,0.3485,18.75,23.25,0.7995000000000001,11.75,37.25,49.0,22.0,7.0,4.25,13.5,20.25,105.0,0.54575,0.50175,0.28,0.27225,26.599999999999998,73.725,52.05,56.125,7.3,6.35,12.175,100.0,109.25,98.525,49.271875,49.271875,2.1265,0.44725,BOS,240.0,36.5,89.75,0.4065,6.5,23.25,0.28575,15.25,21.75,0.69875,13.25,32.0,45.25,18.75,6.0,6.0,13.25,19.5,94.75,0.477,0.44275,0.261,0.24225,26.275,73.4,47.95,50.9,6.2,9.6,11.750000000000002,100.0,98.52499999999999,109.25,50.040625000000006,50.040625000000006,1.8892499999999999,0.37150000000000005
201603280MEM,SAS,240.0,40.0,82.5,0.48749999999999993,5.75,16.0,0.36549999999999994,14.75,18.0,0.81475,10.0,30.5,40.5,22.0,7.75,6.0,13.0,14.5,100.5,0.558,0.52275,0.19474999999999998,0.21975,24.625,76.10000000000001,50.475,54.675,8.45,9.05,12.575,100.0,109.95,107.525,47.025,47.025,2.14475,0.46849999999999997,SAS,240.0,40.0,83.0,0.48275,7.25,17.75,0.415,11.25,15.5,0.712,9.25,30.75,40.0,20.75,9.0,5.0,13.75,16.25,98.5,0.54875,0.52625,0.213,0.18575,23.9,75.375,49.525,52.275000000000006,9.8,7.5,13.225,100.0,107.52499999999999,109.95000000000002,47.43125,47.43125,2.07925,0.4405
201603280MIA,BRK,240.0,39.75,80.0,0.49750000000000005,6.5,16.25,0.405,20.75,25.75,0.7885,7.25,35.25,42.5,24.25,7.5,3.25,13.5,21.25,106.75,0.58475,0.5385,0.202,0.32725000000000004,19.175,80.825,52.225,61.074999999999996,7.7,5.625,12.774999999999999,100.0,111.5,111.275,49.24062500000001,49.24062500000001,2.1667500000000004,0.49374999999999997,BRK,240.0,40.25,85.5,0.471,10.25,28.5,0.37374999999999997,15.5,20.25,0.76,8.75,30.5,39.25,24.25,7.5,3.75,11.75,21.0,106.25,0.56325,0.5315000000000001,0.33375000000000005,0.2425,19.175,80.82499999999999,47.775000000000006,60.075,7.7,6.025,11.024999999999999,100.0,111.275,111.50000000000001,49.059375,49.059375,2.168,0.4955
201603280MIN,PHO,240.0,37.25,87.0,0.42674999999999996,10.0,29.75,0.34099999999999997,17.75,24.5,0.7185,13.5,36.0,49.5,23.0,6.25,4.75,18.0,22.5,102.25,0.52325,0.4845,0.3435,0.2885,28.625,73.15,51.375,61.95,6.35,7.199999999999999,15.475,100.0,103.22500000000001,107.64999999999999,51.56875,51.56875,1.9885,0.448,PHO,240.0,38.25,89.25,0.42825,7.5,24.5,0.31325000000000003,23.0,27.75,0.8434999999999999,13.25,33.5,46.75,18.25,8.25,5.0,13.5,24.0,107.0,0.52725,0.4705,0.27525,0.31125,26.85,71.375,48.625,47.375,8.275,8.6,11.75,100.0,107.65,103.225,51.340624999999996,51.340624999999996,2.083,0.35224999999999995
201603280NOP,NYK,240.0,37.25,83.25,0.44999999999999996,9.75,24.25,0.388,14.25,18.5,0.7875,12.0,36.5,48.5,20.75,4.5,5.5,12.25,16.75,98.5,0.54275,0.50975,0.2955,0.22549999999999998,25.9,78.55,53.6,55.375,5.025,9.3,11.825,100.0,109.275,110.1,46.14375,46.14375,2.137,0.45125,NYK,240.0,36.75,85.5,0.43074999999999997,10.5,29.0,0.35025,15.0,19.5,0.7715000000000001,10.0,32.5,42.5,21.25,8.25,3.75,8.5,16.0,99.0,0.5267499999999999,0.49300000000000005,0.34125,0.22949999999999998,21.45,74.10000000000001,46.4,57.675,9.125,6.375,8.25,100.0,110.1,109.275,46.63125,46.63125,2.1304999999999996,0.45875
201603280POR,SAC,240.0,43.25,87.75,0.49575,8.25,22.75,0.36950000000000005,19.0,27.0,0.7030000000000001,11.5,34.25,45.75,26.5,8.25,4.0,14.75,21.0,113.75,0.5727500000000001,0.5427500000000001,0.2595,0.3085,25.6,73.6,50.375,61.25,8.175,6.25,12.9,100.0,113.35,106.575,51.9125,51.9125,2.1937499999999996,0.51075,SAC,240.0,40.75,88.25,0.46575,8.5,23.25,0.37474999999999997,16.75,25.5,0.66475,12.5,32.75,45.25,24.75,7.75,4.25,15.25,21.25,106.75,0.5385,0.51325,0.26,0.29275,26.4,74.4,49.625,60.55,7.800000000000001,6.624999999999999,13.149999999999999,100.0,106.575,113.35000000000001,51.556250000000006,51.556250000000006,2.07725,0.48175
201603280TOR,OKC,240.0,43.0,84.75,0.509,8.5,26.25,0.33625,18.0,23.75,0.7642499999999999,11.25,33.0,44.25,23.5,9.25,5.0,15.5,19.0,112.5,0.59275,0.5595,0.30874999999999997,0.28025,29.650000000000002,75.525,54.125,54.7,9.700000000000001,8.525,14.025,100.0,118.0,104.85,50.140625,50.140625,2.24575,0.46924999999999994,OKC,240.0,38.0,83.5,0.45649999999999996,7.75,24.0,0.3135,16.5,21.75,0.76925,10.75,27.0,37.75,21.5,9.0,2.75,14.25,21.0,100.25,0.5385,0.502,0.2855,0.26475,24.475,70.35,45.875,56.05,9.425,4.675,13.35,100.0,104.85,118.0,48.665625,48.665625,2.05625,0.4375
201603280UTA,LAL,240.0,37.0,85.5,0.43475,7.5,24.25,0.31499999999999995,20.25,23.25,0.8735,11.0,30.5,41.5,18.0,8.5,3.25,14.75,23.0,101.75,0.53325,0.47900000000000004,0.28250000000000003,0.27325,26.175,72.525,49.05,48.7,8.825000000000001,4.95,13.375,100.0,105.55,112.89999999999999,50.146874999999994,50.146874999999994,2.03025,0.35975,LAL,240.0,42.75,84.75,0.5065,8.5,21.75,0.37625000000000003,15.0,24.0,0.6287499999999999,11.75,32.0,43.75,27.0,9.0,3.75,15.0,21.5,109.0,0.5725,0.5555,0.254,0.29025,27.475,73.825,50.95,62.85,9.375,6.05,13.725,100.0,112.9,105.55,49.7,49.7,2.191,0.542
201603290CLE,HOU,240.0,38.25,83.0,0.46175000000000005,10.25,28.75,0.37474999999999997,15.0,25.25,0.6232500000000001,10.25,32.5,42.75,22.5,8.0,6.5,14.75,22.25,101.75,0.54,0.52325,0.34325,0.308,23.174999999999997,69.85000000000001,47.224999999999994,58.974999999999994,8.45,11.649999999999999,13.55,100.0,105.80000000000001,107.35000000000001,49.746874999999996,49.746874999999996,2.04175,0.45225,HOU,240.0,38.0,87.25,0.435,10.25,30.25,0.34325,17.0,23.75,0.7165000000000001,14.0,33.25,47.25,23.0,9.0,5.75,14.5,20.75,103.25,0.5285,0.494,0.34775,0.2715,30.175,76.825,52.775,61.175,9.375,10.625,13.024999999999999,100.0,107.35000000000001,105.8,49.515625,49.515625,2.08375,0.466
201603290DET,OKC,240.0,42.75,86.25,0.497,8.75,25.75,0.35275,19.25,25.25,0.7654999999999998,12.0,34.25,46.25,24.25,9.0,5.25,13.5,18.25,113.5,0.5842499999999999,0.54775,0.29675,0.29200000000000004,30.725,74.42500000000001,54.125,56.900000000000006,9.5,8.675,12.200000000000001,100.0,119.7,102.625,49.871875,49.871875,2.27825,0.48724999999999996,OKC,240.0,37.5,86.0,0.43825,7.5,24.5,0.2945,15.0,20.0,0.76,11.75,27.5,39.25,19.25,7.25,4.0,13.5,21.75,97.5,0.5155000000000001,0.48100000000000004,0.28375,0.23625000000000002,25.575000000000003,69.275,45.875,51.05,7.675,6.65,12.575000000000001,100.0,102.625,119.69999999999999,48.625,48.625,2.0035000000000003,0.3935
201603290GSW,WAS,252.5,43.5,88.75,0.49274999999999997,11.25,25.5,0.43925000000000003,13.75,21.0,0.69125,9.5,34.0,43.5,28.0,9.0,2.25,14.75,19.5,112.0,0.57175,0.5552499999999999,0.28525,0.24575,22.400000000000002,83.025,52.5,63.95,9.0,4.449999999999999,13.175,100.0,110.82499999999999,109.45,51.9875,54.90221354250001,2.1525,0.53525,WAS,252.5,41.75,86.25,0.48325000000000007,11.25,32.25,0.33925,16.25,19.5,0.83225,7.25,32.25,39.5,25.75,9.0,3.25,15.5,20.0,111.0,0.58475,0.5502499999999999,0.379,0.226,16.975,77.60000000000001,47.5,60.45,8.925,5.0,14.100000000000001,100.0,109.45,110.82499999999999,51.88125,54.809635417500004,2.1319999999999997,0.493
201603290IND,CHI,240.0,37.75,91.25,0.41625,9.0,25.75,0.34199999999999997,13.0,17.75,0.73,10.5,31.0,41.5,21.5,5.5,3.75,8.5,14.75,97.5,0.49525,0.46675000000000005,0.28800000000000003,0.19825000000000004,20.275,76.72500000000001,45.300000000000004,56.85,5.9,6.15,7.925000000000001,100.0,104.17500000000001,115.925,48.840624999999996,48.840624999999996,2.002,0.4435,CHI,240.0,42.0,84.25,0.49824999999999997,9.75,24.0,0.397,14.75,17.75,0.80775,9.5,39.5,49.0,25.25,4.25,8.75,12.0,15.5,108.5,0.5912499999999999,0.5572499999999999,0.2885,0.21175,23.275,79.725,54.7,59.675000000000004,4.525,13.125,11.6,100.0,115.925,104.175,47.590625,47.590625,2.286,0.5325
201603290ORL,BRK,240.0,39.5,79.25,0.49925,6.0,15.5,0.384,20.75,25.0,0.81625,8.25,33.25,41.5,23.25,8.75,2.5,16.25,18.25,105.75,0.5862499999999999,0.5375,0.194,0.32,22.15,83.175,53.675000000000004,59.0,9.025,4.575,15.25,100.0,110.05000000000001,109.5,49.56250000000001,49.56250000000001,2.13075,0.4695,BRK,240.0,40.75,83.0,0.49149999999999994,9.0,26.5,0.34775,14.5,18.0,0.7927500000000001,6.75,29.25,36.0,23.0,9.0,3.75,13.25,20.25,105.0,0.578,0.546,0.3175,0.2225,16.825,77.85,46.325,56.800000000000004,9.275,6.025,12.6,100.0,109.5,110.05,49.025000000000006,49.025000000000006,2.14325,0.46950000000000003
201603290PHI,CHO,240.0,38.0,84.0,0.4575,12.0,26.5,0.44925000000000004,16.0,20.75,0.7692500000000001,6.25,33.5,39.75,23.25,8.0,5.0,9.25,16.25,104.0,0.5635,0.53,0.3185,0.24874999999999997,14.075,77.875,45.875,60.825,8.45,7.75,9.024999999999999,100.0,110.725,103.42500000000001,48.428124999999994,48.428124999999994,2.165,0.48674999999999996,CHO,240.0,37.5,83.75,0.44775,6.0,20.0,0.30325,16.75,20.25,0.8235,9.75,37.75,47.5,23.0,5.75,5.75,13.75,19.75,97.75,0.5277499999999999,0.48400000000000004,0.2375,0.24525000000000002,22.125,85.925,54.125,61.675,6.125,9.375,12.9,100.0,103.42500000000001,110.725,48.684375,48.684375,2.00675,0.47475
201603300DAL,NYK,240.0,38.25,82.75,0.46299999999999997,11.25,27.25,0.416,13.5,18.0,0.7605,8.75,36.5,45.25,23.25,5.5,5.25,12.25,19.25,101.25,0.56025,0.5315,0.33024999999999993,0.22074999999999997,20.624999999999996,81.225,52.175,60.925,5.9,9.2,11.924999999999999,100.0,110.125,110.75,47.4,47.4,2.1485,0.49125,NYK,240.0,36.0,82.25,0.438,10.75,27.5,0.38549999999999995,19.0,25.25,0.7575000000000001,8.5,33.5,42.0,20.75,8.25,3.75,9.0,16.25,101.75,0.5455,0.5035000000000001,0.3335,0.313,18.775,79.375,47.825,57.474999999999994,8.875,6.625,8.75,100.0,110.75,110.125,47.371875,47.371875,2.1577499999999996,0.4425
201603300LAL,MIA,240.0,42.25,82.25,0.513,5.0,16.0,0.326,15.25,21.0,0.7112499999999999,9.75,31.75,41.5,23.0,8.25,5.5,12.25,18.0,104.75,0.572,0.54375,0.194,0.25475,24.325000000000003,73.65,49.900000000000006,54.875,8.875,8.175,11.850000000000001,100.0,112.275,109.45,47.3625,47.3625,2.20775,0.48650000000000004,MIA,240.0,38.25,82.25,0.46775,6.0,14.75,0.40374999999999994,19.25,25.0,0.7725000000000001,11.25,29.75,41.0,20.5,7.25,2.0,14.0,17.75,101.75,0.5482499999999999,0.5037499999999999,0.1785,0.302,26.35,75.675,50.1,53.349999999999994,7.800000000000001,3.025,13.075000000000001,100.0,109.44999999999999,112.275,48.4375,48.4375,2.1064999999999996,0.4265
201603300MEM,DEN,240.0,36.5,83.5,0.4375,8.0,24.0,0.3385,18.5,24.0,0.7635000000000001,11.5,34.0,45.5,23.25,5.5,6.25,15.25,20.0,99.5,0.531,0.486,0.28825,0.2975,26.1,76.425,52.400000000000006,63.2,5.875,10.950000000000001,14.175,100.0,106.32499999999999,110.175,49.325,49.325,2.01275,0.4715,DEN,240.0,37.0,86.75,0.42824999999999996,11.5,30.0,0.38525,17.0,20.5,0.8512500000000001,10.25,31.25,41.5,24.0,10.0,6.0,9.25,21.25,102.5,0.53575,0.49424999999999997,0.34475,0.24025000000000002,23.575000000000003,73.9,47.6,64.89999999999999,10.95,10.274999999999999,8.7,100.0,110.175,106.325,47.74375,47.74375,2.154,0.504
201603300MIL,PHO,240.0,40.0,89.0,0.44999999999999996,11.0,31.0,0.35650000000000004,16.0,21.75,0.73375,13.0,34.25,47.25,23.0,6.5,2.75,19.0,26.5,107.0,0.544,0.512,0.34975,0.24525,28.225,71.7,50.575,57.05,6.449999999999999,4.525,16.1,100.0,106.175,110.25,52.665625,52.665625,2.03675,0.43925000000000003,PHO,240.0,38.75,87.0,0.4465,7.25,26.0,0.28049999999999997,26.75,33.0,0.81975,13.5,32.25,45.75,19.25,8.25,4.75,14.75,21.75,111.5,0.54975,0.48825,0.3,0.382,28.3,71.77499999999999,49.425,49.25,8.125,8.0,12.675,100.0,110.25,106.175,51.9625,51.9625,2.1437500000000003,0.36675
201603300MIN,LAC,240.0,38.75,82.75,0.46849999999999997,8.25,25.0,0.3235,17.5,24.75,0.7184999999999999,11.25,34.25,45.5,23.75,10.75,7.0,13.5,23.25,103.25,0.5522499999999999,0.5185,0.30224999999999996,0.2995,26.65,70.42500000000001,49.800000000000004,61.05,11.5,11.524999999999999,12.6,100.0,109.825,102.775,48.378125,48.378125,2.141,0.493,LAC,240.0,34.75,87.5,0.39749999999999996,8.75,26.5,0.325,18.75,25.0,0.7425,14.5,31.5,46.0,19.75,8.25,4.75,14.5,20.25,97.0,0.49274999999999997,0.44775,0.30325,0.29075,29.575,73.35,50.199999999999996,56.349999999999994,8.7,8.275,12.850000000000001,100.0,102.775,109.82499999999999,49.6875,49.6875,1.95075,0.3985
201603300SAC,WAS,252.5,41.0,87.5,0.47125,9.25,25.0,0.36350000000000005,15.0,22.75,0.69875,9.0,35.5,44.5,27.75,8.0,3.25,16.75,20.0,106.25,0.54525,0.5229999999999999,0.28325,0.26925,19.95,80.725,49.875,67.325,7.8500000000000005,5.6,14.8,100.0,102.85,107.225,53.028124999999996,55.942838542500006,2.0025,0.5205,WAS,252.5,41.75,88.5,0.47075,10.75,30.25,0.35075,16.75,21.0,0.804,8.5,36.5,45.0,26.75,10.5,3.25,16.0,22.0,111.0,0.5667500000000001,0.5325,0.345,0.23750000000000002,19.275,80.05,50.125,63.099999999999994,10.225000000000001,5.1000000000000005,14.100000000000001,100.0,107.22500000000001,102.85,52.9875,55.9158854175,2.089,0.502
201603300SAS,NOP,240.0,34.5,83.0,0.41625,5.75,16.5,0.34400000000000003,18.5,25.25,0.7235,8.75,34.25,43.0,17.75,7.75,1.25,12.0,18.75,93.25,0.4955,0.45125000000000004,0.20024999999999998,0.3095,18.075,82.05,47.87499999999999,51.449999999999996,8.075,2.225,11.25,100.0,97.675,107.95,49.121875,49.121875,1.89875,0.36374999999999996,NOP,240.0,38.75,82.25,0.47350000000000003,8.0,24.75,0.31124999999999997,17.25,20.75,0.8167500000000001,7.5,39.25,46.75,24.25,7.5,6.0,13.0,19.5,102.75,0.56425,0.5235,0.3035,0.25675,17.95,81.925,52.125,63.400000000000006,7.800000000000001,9.1,12.499999999999998,100.0,107.95,97.67500000000001,48.803125,48.803125,2.1142499999999997,0.4975
201603300TOR,ATL,240.0,41.25,90.25,0.459,10.0,32.5,0.29250000000000004,16.75,20.25,0.8320000000000001,9.0,34.25,43.25,28.5,7.5,7.75,9.75,18.0,109.25,0.5529999999999999,0.5147499999999999,0.36175,0.22825,19.45,70.3,46.099999999999994,68.675,7.75,11.0,8.875,100.0,112.85000000000001,99.77499999999999,50.309375,50.309375,2.1694999999999998,0.5657500000000001,ATL,240.0,37.0,92.5,0.401,7.75,23.5,0.32025000000000003,14.75,20.25,0.7545,14.5,36.25,50.75,22.0,4.25,5.0,12.75,17.25,96.5,0.477,0.4425,0.25475,0.22499999999999998,29.700000000000003,80.55,53.9,59.575,4.35,8.274999999999999,11.25,100.0,99.775,112.85000000000001,50.184375,50.184375,1.9225,0.43725
201603300UTA,GSW,240.0,41.0,86.25,0.47600000000000003,15.25,34.25,0.443,18.0,23.5,0.7662500000000001,8.0,39.25,47.25,28.0,9.25,6.25,13.25,18.5,115.25,0.597,0.564,0.39675,0.272,18.325,79.875,50.949999999999996,68.15,9.225,10.35,12.0,100.0,115.85,104.80000000000001,51.331250000000004,51.331250000000004,2.2520000000000002,0.5459999999999999,GSW,240.0,39.25,89.25,0.4395,10.25,29.0,0.3375,15.5,21.75,0.744,9.75,35.75,45.5,26.25,6.75,5.75,12.5,20.0,104.25,0.52675,0.49574999999999997,0.3235,0.246,20.150000000000002,81.67500000000001,49.050000000000004,66.725,6.7749999999999995,11.125,11.225,100.0,104.80000000000001,115.85,51.165625,51.165625,2.04325,0.5135000000000001
201603310CLE,BRK,240.0,40.25,80.5,0.5015000000000001,5.25,14.5,0.36225,21.25,28.0,0.76075,10.25,30.0,40.25,22.75,9.5,3.25,16.75,16.75,107.0,0.57725,0.534,0.1775,0.35225,26.249999999999996,80.825,53.099999999999994,56.4,9.725,5.6000000000000005,15.274999999999999,100.0,109.8,116.375,50.150000000000006,50.150000000000006,2.13125,0.4545,BRK,240.0,45.0,85.25,0.52625,10.0,26.25,0.38825000000000004,13.5,17.5,0.76125,7.25,28.5,35.75,27.75,10.0,3.75,13.75,22.25,113.5,0.609,0.58475,0.3065,0.21075,19.175,73.75,46.900000000000006,61.2,10.175,5.725,12.85,100.0,116.375,109.8,50.03125,50.03125,2.2635,0.5517500000000001
201603310HOU,CHI,240.0,37.5,92.5,0.40675,7.75,24.25,0.321,12.5,16.5,0.7582500000000001,12.0,31.25,43.25,19.75,5.0,4.0,10.75,16.5,95.25,0.479,0.44875,0.26525,0.18024999999999997,23.924999999999997,77.3,47.575,52.65,5.275,6.25,9.825,100.0,100.72500000000001,109.67500000000001,49.54375,49.54375,1.9222499999999998,0.3985,CHI,240.0,40.5,85.0,0.47725,7.0,22.5,0.2965,15.75,18.25,0.845,9.25,37.5,46.75,23.25,5.5,8.75,12.25,15.5,103.75,0.56075,0.52025,0.26949999999999996,0.21599999999999997,22.700000000000003,76.07499999999999,52.425,56.949999999999996,5.85,12.575,11.700000000000001,100.0,109.675,100.725,48.334375,48.334375,2.1475,0.48125
201603310IND,ORL,240.0,44.75,90.5,0.49525,8.75,22.25,0.385,14.0,19.5,0.718,12.0,30.75,42.75,29.0,8.0,4.0,10.75,23.25,112.25,0.568,0.5435,0.24475,0.21775,26.974999999999998,72.7,50.150000000000006,63.800000000000004,8.4,6.375,9.8,100.0,117.47500000000001,110.475,49.25625,49.25625,2.2712499999999998,0.5855,ORL,240.0,39.0,81.75,0.47875,6.75,19.25,0.3495,20.25,28.5,0.71275,11.5,30.75,42.25,23.0,5.5,5.0,14.25,17.25,105.0,0.55775,0.52,0.2345,0.35325,27.3,73.025,49.85000000000001,58.575,5.775,7.375,13.100000000000001,100.0,110.475,117.47500000000001,49.01875,49.01875,2.14375,0.47024999999999995
201603310NOP,DEN,240.0,37.75,84.0,0.45075,9.75,27.0,0.36224999999999996,15.5,20.0,0.7717499999999999,12.5,32.0,44.5,24.75,4.75,5.75,14.75,22.5,100.75,0.54575,0.5102500000000001,0.32525000000000004,0.243,29.55,70.875,51.7,65.375,5.225,9.3,13.95,100.0,110.175,113.17500000000001,47.875,47.875,2.1025,0.51475,DEN,240.0,38.0,87.0,0.43775,9.25,25.5,0.363,17.75,23.5,0.7755000000000001,13.25,28.5,41.75,22.0,9.5,6.0,9.5,19.25,103.0,0.5305,0.49175,0.29625,0.27125,29.125,70.44999999999999,48.3,58.300000000000004,10.575,10.625,8.8,100.0,113.175,110.175,47.20625,47.20625,2.1865,0.46875
201603310OKC,LAC,240.0,39.0,82.5,0.4725,8.5,25.75,0.3245,17.0,22.5,0.774,11.0,33.25,44.25,25.0,10.75,7.5,12.75,22.0,103.5,0.5605,0.52425,0.31224999999999997,0.2735,26.2,68.72500000000001,48.725,64.05,11.650000000000002,11.75,12.025,100.0,111.9,95.25,47.46875,47.46875,2.185,0.52825,LAC,240.0,32.5,87.5,0.37175,7.0,23.75,0.30174999999999996,16.25,22.25,0.71675,15.25,31.5,46.75,19.0,6.5,3.75,15.5,19.0,88.25,0.45375,0.41200000000000003,0.2715,0.259,31.275000000000002,73.8,51.275,58.275000000000006,6.95,6.55,13.774999999999999,100.0,95.25,111.9,49.159375,49.159375,1.795,0.388
201603310POR,BOS,240.0,35.25,84.5,0.4185,7.5,22.5,0.3405,19.5,24.75,0.77975,12.75,35.25,48.0,18.5,6.75,4.5,14.25,18.5,97.5,0.512,0.46299999999999997,0.26675,0.29224999999999995,26.599999999999998,73.975,50.824999999999996,52.2,7.1000000000000005,7.0,12.8,100.0,102.65,102.0,48.878125,48.878125,1.9945,0.38125,BOS,240.0,37.75,87.75,0.4315,7.25,24.25,0.3005,14.25,19.5,0.7310000000000001,12.5,34.0,46.5,19.0,8.0,5.5,14.0,20.5,97.0,0.50575,0.47324999999999995,0.27849999999999997,0.22249999999999998,26.025,73.4,49.175,49.425000000000004,8.35,8.85,12.65,100.0,102.0,102.65,49.256249999999994,49.256249999999994,1.9677499999999999,0.38549999999999995
201604010ATL,CLE,240.0,36.25,86.25,0.42024999999999996,12.5,37.5,0.33525,17.25,21.5,0.7967500000000001,11.25,35.25,46.5,23.25,6.0,4.75,12.75,22.75,102.25,0.53425,0.493,0.43474999999999997,0.251,23.3,74.775,48.6,64.3,6.225,7.699999999999999,11.675,100.0,107.775,102.875,48.98125,48.98125,2.09675,0.47350000000000003,CLE,240.0,36.75,85.25,0.43299999999999994,7.25,22.75,0.3155,16.75,27.5,0.63375,11.75,37.5,49.25,24.25,8.5,3.5,12.0,20.5,97.5,0.502,0.47650000000000003,0.26925000000000004,0.3305,25.225,76.7,51.4,65.925,8.8,7.2250000000000005,10.825000000000001,100.0,102.875,107.775,49.28125,49.28125,1.98925,0.49175
201604010CHO,PHI,240.0,37.0,93.25,0.39825000000000005,12.75,37.25,0.34125,12.75,15.25,0.8645,9.0,36.0,45.0,23.5,7.5,4.5,11.0,21.75,99.5,0.4982500000000001,0.466,0.3985,0.16375,17.225,80.925,46.275000000000006,63.775000000000006,7.475,7.5,9.924999999999999,100.0,99.25,107.025,51.246874999999996,51.246874999999996,1.94275,0.4600000000000001,PHI,240.0,38.25,84.25,0.45475000000000004,8.75,25.0,0.34425,22.0,27.0,0.8235,8.5,44.0,52.5,24.25,7.75,6.0,14.75,15.5,107.25,0.5595,0.5067499999999999,0.296,0.326,19.075,82.775,53.724999999999994,62.725,7.699999999999999,10.774999999999999,13.35,100.0,107.025,99.25,51.6625,51.6625,2.0755,0.46975
201604010DET,DAL,240.0,39.0,89.25,0.4365,11.25,29.0,0.37775000000000003,15.5,19.25,0.813,12.5,29.5,42.0,23.5,7.5,3.75,10.5,19.5,104.75,0.5345,0.499,0.324,0.21550000000000002,26.275,80.725,49.75,59.95,8.149999999999999,7.975,9.575000000000001,100.0,111.14999999999999,115.67500000000001,48.196875000000006,48.196875000000006,2.16925,0.48625,DAL,240.0,40.0,79.25,0.50225,10.5,26.5,0.367,19.0,22.5,0.8574999999999999,7.0,35.0,42.0,24.75,8.25,4.75,14.75,18.25,109.5,0.6092500000000001,0.5665,0.32975000000000004,0.28300000000000003,19.275000000000002,73.75,50.25,61.4,8.649999999999999,7.874999999999999,14.325000000000001,100.0,115.67500000000001,111.14999999999999,48.84375000000001,48.84375000000001,2.23275,0.504
201604010GSW,BOS,240.0,34.5,85.25,0.40574999999999994,8.0,23.0,0.35475,21.0,27.25,0.76275,14.5,34.0,48.5,18.0,7.75,4.5,14.5,20.75,98.0,0.50425,0.45299999999999996,0.27025,0.31825000000000003,28.825000000000003,72.875,50.45,51.975,8.05,7.6499999999999995,12.774999999999999,100.0,102.45,106.39999999999999,49.096875,49.096875,1.99525,0.36975,BOS,240.0,38.25,87.0,0.44075,9.5,28.0,0.33775,16.0,21.5,0.74525,12.75,35.0,47.75,21.75,8.0,6.25,15.0,20.5,102.0,0.5295,0.495,0.32199999999999995,0.24649999999999997,27.124999999999996,71.175,49.55,55.650000000000006,8.299999999999999,9.975,13.4,100.0,106.39999999999999,102.45,49.731249999999996,49.731249999999996,2.047,0.43625
201604010MEM,TOR,240.0,38.0,85.0,0.452,11.0,26.75,0.411,20.25,26.25,0.76675,10.5,33.75,44.25,23.0,8.25,5.75,10.75,20.5,107.25,0.5612499999999999,0.51775,0.31825000000000003,0.3145,23.174999999999997,74.6,49.625,60.675,8.725,9.55,10.125,100.0,113.75,110.725,48.859375,48.859375,2.2015000000000002,0.47275,TOR,240.0,39.25,83.75,0.46925,10.25,24.0,0.41475,16.0,25.0,0.653,11.25,34.0,45.25,25.0,4.75,6.0,12.75,20.5,104.75,0.5519999999999999,0.53075,0.28700000000000003,0.29900000000000004,25.4,76.825,50.375,63.65,5.05,9.825,11.775,100.0,110.725,113.75,48.5625,48.5625,2.1525,0.51425
201604010MIL,ORL,240.0,47.0,88.5,0.529,8.0,20.0,0.38325,13.25,19.25,0.6880000000000001,11.0,31.75,42.75,29.5,7.25,4.75,12.5,23.0,115.25,0.5934999999999999,0.574,0.22549999999999998,0.21925,26.174999999999997,70.1,49.625,61.97500000000001,7.55,7.275,11.399999999999999,100.0,119.875,103.35,49.571875000000006,49.571875000000006,2.3187499999999996,0.5925,ORL,240.0,37.25,83.25,0.449,5.75,18.0,0.327,18.75,27.5,0.6812499999999999,13.5,29.75,43.25,20.0,7.25,4.75,15.25,18.0,99.0,0.519,0.48325,0.21475,0.336,29.900000000000002,73.825,50.375,53.625,7.575,7.025,13.7,100.0,103.35,119.875,49.03125,49.03125,2.02075,0.40874999999999995
201604010NYK,BRK,240.0,38.75,81.75,0.47924999999999995,4.25,14.25,0.31875,21.0,28.5,0.73125,11.0,31.5,42.5,22.25,10.0,3.0,18.75,17.5,102.75,0.549,0.506,0.17149999999999999,0.35475000000000007,26.6,82.275,53.574999999999996,57.900000000000006,9.95,5.199999999999999,16.674999999999997,100.0,103.0,116.75,51.51875,51.51875,1.998,0.43075,BRK,240.0,44.75,84.75,0.526,10.5,26.25,0.4015,16.5,21.25,0.76475,6.75,30.25,37.0,29.5,11.75,5.0,14.5,21.5,116.5,0.61825,0.58775,0.309,0.2545,17.725,73.4,46.425,66.17500000000001,11.774999999999999,7.375,13.275,100.0,116.75,103.00000000000001,51.296875,51.296875,2.27275,0.57375
201604010PHO,WAS,252.5,42.0,86.75,0.486,8.5,24.0,0.35,16.25,24.75,0.6695,9.0,35.25,44.25,29.0,7.75,3.75,17.25,19.25,108.75,0.55725,0.5342499999999999,0.27475,0.29300000000000004,19.95,81.15,49.875,68.75,7.55,5.925000000000001,15.15,100.0,104.5,105.85,53.378125,56.2928385425,2.03625,0.5405,WAS,252.5,42.25,88.5,0.47675,8.5,24.25,0.3605,17.5,21.75,0.8135,8.25,36.5,44.75,25.5,11.25,3.5,16.0,21.5,110.5,0.562,0.5249999999999999,0.27349999999999997,0.2465,18.85,80.05,50.125,59.675,10.875,5.45,14.05,100.0,105.85000000000001,104.5,53.290625,56.2190104175,2.066,0.47475
201604010SAC,MIA,246.25,41.5,81.75,0.50725,5.0,15.5,0.33049999999999996,13.5,20.75,0.65175,9.75,32.25,42.0,24.25,8.5,7.5,13.5,18.25,101.5,0.55875,0.538,0.1895,0.2535,24.5,71.22500000000001,49.175000000000004,58.800000000000004,9.1,10.4,12.9,100.0,108.425,109.7,47.678124999999994,48.9977864575,2.1292500000000003,0.5085,MIA,246.25,39.0,86.0,0.46075,5.75,15.75,0.36924999999999997,18.75,24.75,0.76225,13.25,29.5,42.75,20.0,7.75,3.0,13.25,16.75,102.5,0.53575,0.494,0.1815,0.28675,28.775,75.5,50.824999999999996,51.02499999999999,8.275,4.475,12.225000000000001,100.0,109.69999999999999,108.42499999999998,48.878125000000004,50.255403645,2.10475,0.4145
201604010UTA,MIN,252.5,38.5,87.0,0.44075,6.75,21.5,0.32225,20.25,24.5,0.8222499999999999,10.5,33.75,44.25,23.25,7.5,2.5,14.5,17.0,104.0,0.528,0.47950000000000004,0.24675,0.28600000000000003,23.95,80.075,51.400000000000006,60.349999999999994,7.525,4.275,12.850000000000001,100.0,104.22500000000001,110.375,51.31875,54.247135417500004,2.0062499999999996,0.44825,MIN,252.5,41.75,87.75,0.4745,11.5,28.5,0.4055,14.25,17.75,0.817,8.5,33.25,41.75,26.5,7.25,5.5,13.5,22.25,109.25,0.57025,0.54,0.32625,0.2005,19.925,76.05,48.6,62.95,7.325,8.225,12.200000000000001,100.0,110.375,104.225,50.590625,53.505338542500006,2.15275,0.5217499999999999
201604020CHI,DET,240.0,35.0,86.75,0.4025,8.0,27.75,0.27825,18.0,24.5,0.7415,14.25,39.5,53.75,22.5,4.0,4.5,13.0,17.75,96.0,0.49125,0.44900000000000007,0.32125,0.2825,29.075000000000003,82.375,55.2,65.175,4.225,7.325000000000001,11.725000000000001,100.0,100.95,104.525,48.568749999999994,48.568749999999994,1.97325,0.46425000000000005,DET,240.0,37.5,88.75,0.42200000000000004,10.25,27.25,0.367,14.0,18.0,0.7987500000000001,8.5,35.0,43.5,23.0,7.0,5.25,10.0,20.25,99.25,0.5125,0.47875,0.30475,0.20425000000000001,17.625,70.92500000000001,44.8,60.45,7.35,8.975,9.325,100.0,104.525,100.95,49.400000000000006,49.400000000000006,2.008,0.4630000000000001
201604020DEN,SAC,240.0,43.25,85.5,0.50875,7.75,18.5,0.42350000000000004,18.75,25.75,0.7195,9.75,31.5,41.25,24.75,10.5,4.0,13.5,17.25,113.0,0.585,0.554,0.217,0.3025,22.450000000000003,79.1,50.324999999999996,56.699999999999996,10.475,6.6,12.225,100.0,113.55000000000001,110.42500000000001,50.740624999999994,50.740624999999994,2.22575,0.48675,SAC,240.0,41.25,84.75,0.48675,10.75,25.25,0.42674999999999996,16.5,19.75,0.8414999999999999,8.5,32.25,40.75,25.0,5.75,5.5,17.5,22.0,109.75,0.5882499999999999,0.55125,0.299,0.23249999999999998,20.9,77.55,49.675000000000004,60.7,5.7749999999999995,7.975,15.8,100.0,110.425,113.55000000000001,51.565625,51.565625,2.13025,0.48350000000000004
201604020PHI,IND,240.0,38.25,85.0,0.45099999999999996,7.5,22.0,0.3325,17.0,22.0,0.7697499999999999,12.75,30.75,43.5,21.75,11.0,5.0,15.5,20.75,101.0,0.5345,0.49600000000000005,0.26075,0.26325,28.275,74.35,50.349999999999994,56.800000000000004,11.375,8.200000000000001,14.0,100.0,104.725,112.175,49.099999999999994,49.099999999999994,2.057,0.443,IND,240.0,41.25,84.75,0.48750000000000004,6.75,21.5,0.34125,19.0,24.25,0.78125,10.75,31.5,42.25,22.25,7.75,4.0,15.5,19.5,108.25,0.5675,0.5275,0.252,0.2925,25.65,71.75,49.650000000000006,53.875,7.95,6.075,13.95,100.0,112.175,104.725,50.509375,50.509375,2.1414999999999997,0.441
201604020POR,MIA,246.25,42.75,83.0,0.515,6.25,17.5,0.34175,15.75,22.0,0.74125,10.0,32.5,42.5,24.25,7.75,7.5,14.5,19.75,107.5,0.5814999999999999,0.5527500000000001,0.21100000000000002,0.26625,26.225,68.97500000000001,49.95,56.95,8.175,10.425,13.45,100.0,113.225,106.225,48.975,50.2946614575,2.19825,0.49550000000000005,MIA,246.25,38.0,87.5,0.44025000000000003,5.5,17.5,0.30974999999999997,19.5,26.0,0.75225,14.75,27.25,42.0,18.5,7.75,3.25,14.0,17.75,101.0,0.5155000000000001,0.47125,0.1985,0.296,31.025,73.775,50.050000000000004,48.7,8.15,4.975,12.65,100.0,106.225,113.225,49.550000000000004,50.927278645,2.04075,0.376
201604020SAS,TOR,240.0,35.75,79.25,0.454,10.75,26.0,0.4135,22.5,27.0,0.8265,9.5,33.75,43.25,21.25,8.0,7.5,12.75,19.25,104.75,0.57975,0.5235000000000001,0.33425000000000005,0.34725,23.525,72.775,49.875,59.25,8.675,11.6,12.375,100.0,113.80000000000001,108.875,47.662499999999994,47.662499999999994,2.2030000000000003,0.4465,TOR,240.0,38.0,86.25,0.44125,9.0,23.25,0.3705,15.5,20.5,0.74475,12.5,31.25,43.75,22.75,7.25,5.0,12.25,21.0,100.5,0.52725,0.49375,0.27125,0.23775000000000002,27.225,76.475,50.125,59.575,7.949999999999999,9.525,11.325,100.0,108.875,113.80000000000001,47.86875,47.86875,2.0955,0.47424999999999995
201604030BRK,NOP,240.0,36.25,82.5,0.439,8.25,20.0,0.40174999999999994,15.0,21.0,0.734,10.0,34.5,44.5,24.0,7.5,2.0,13.25,16.75,95.75,0.52175,0.489,0.241,0.26325,22.075,83.35,51.349999999999994,65.825,7.975,3.65,12.55,100.0,102.65,107.85,47.862500000000004,47.862500000000004,2.0,0.50275,NOP,240.0,36.75,80.0,0.463,11.0,27.75,0.40174999999999994,15.75,20.0,0.7692500000000001,6.75,35.25,42.0,25.25,8.75,7.0,13.0,19.25,100.25,0.56725,0.5327500000000001,0.3475,0.257,16.65,77.92500000000001,48.650000000000006,68.85000000000001,9.350000000000001,11.225,12.775,100.0,107.85000000000001,102.65,47.875,47.875,2.1052500000000003,0.5275000000000001
201604030CLE,CHO,240.0,38.0,84.5,0.4545,11.0,27.75,0.3895,18.0,22.0,0.82625,7.25,41.75,49.0,25.75,7.25,5.5,10.25,13.25,105.0,0.5625,0.5205,0.33075,0.26225000000000004,16.3,79.17500000000001,50.275000000000006,67.6,7.55,9.55,9.775,100.0,110.32500000000002,99.025,48.975,48.975,2.16175,0.53175,CHO,240.0,35.5,90.25,0.3955,9.5,32.0,0.2885,14.25,18.0,0.8125,10.5,37.5,48.0,23.0,5.75,5.25,10.5,19.0,94.75,0.4825,0.44675000000000004,0.35000000000000003,0.20049999999999998,20.825000000000003,83.7,49.725,65.52499999999999,6.025,9.149999999999999,9.600000000000001,100.0,99.025,110.325,49.400000000000006,49.400000000000006,1.9192500000000001,0.46849999999999997
201604030GSW,POR,240.0,39.5,85.0,0.46699999999999997,11.5,25.75,0.4705,19.25,24.5,0.78925,9.75,38.5,48.25,23.25,8.25,7.25,14.75,20.75,109.75,0.57525,0.5349999999999999,0.3015,0.2865,21.725,75.75,50.875,58.925,8.325,11.0,13.450000000000001,100.0,110.475,100.55,50.81875,50.81875,2.1614999999999998,0.4575,POR,240.0,36.75,89.5,0.41025,8.0,24.0,0.35525,18.5,26.0,0.70225,12.25,34.25,46.5,19.25,9.25,4.5,13.75,21.0,100.0,0.495,0.45499999999999996,0.26675,0.291,24.25,78.275,49.125,52.275,9.35,7.5,12.0,100.0,100.55,110.475,51.675000000000004,51.675000000000004,1.9340000000000002,0.37225
201604030HOU,OKC,240.0,40.25,85.0,0.47250000000000003,8.5,24.75,0.343,18.75,24.0,0.7825,14.0,33.75,47.75,22.25,8.25,4.5,15.0,18.5,107.75,0.5622499999999999,0.5225,0.29025,0.28200000000000003,35.1,75.25,56.2,55.275,8.9,6.65,13.575,100.0,116.05000000000001,106.95,48.699999999999996,48.699999999999996,2.21325,0.45675000000000004,OKC,240.0,37.5,85.5,0.44275,8.0,21.75,0.34075,16.25,20.5,0.79825,11.5,26.75,38.25,18.75,6.75,4.5,12.25,18.25,99.25,0.5297499999999999,0.4912500000000001,0.258,0.241,24.75,64.9,43.8,50.199999999999996,7.325000000000001,7.55,11.5,100.0,106.94999999999999,116.05,47.99375,47.99375,2.07175,0.391
201604030LAC,WAS,240.0,39.0,83.25,0.4715,7.75,23.25,0.33425,17.25,25.25,0.6955,8.0,36.0,44.0,25.25,7.5,5.0,16.75,19.75,103.0,0.54725,0.518,0.27775,0.30825,17.724999999999998,77.97500000000001,47.95,64.725,7.475,7.7,15.075,100.0,101.64999999999999,100.55000000000001,51.996875,51.996875,1.9855,0.48424999999999996,WAS,240.0,38.5,87.75,0.44075000000000003,8.25,23.5,0.3595,17.0,22.75,0.75575,10.5,37.75,48.25,22.0,10.25,3.75,16.5,21.5,102.25,0.5242500000000001,0.488,0.26749999999999996,0.25925,22.025000000000002,82.3,52.05,56.7,10.075000000000001,6.0,14.45,100.0,100.55000000000001,101.64999999999999,52.278125,52.278125,1.9532500000000002,0.41900000000000004
201604030LAL,BOS,240.0,36.0,87.0,0.4139999999999999,8.0,23.75,0.34175,22.5,29.5,0.76625,15.5,32.0,47.5,19.0,9.0,3.5,16.0,19.75,102.5,0.51275,0.46025000000000005,0.27375,0.33875,31.1,74.69999999999999,51.400000000000006,51.900000000000006,9.125,6.3999999999999995,13.8,100.0,104.25,110.77499999999999,50.75625,50.75625,2.0177500000000004,0.372,BOS,240.0,40.0,85.5,0.46825,13.0,33.25,0.38575000000000004,15.75,19.75,0.8,11.0,34.0,45.0,24.75,10.25,6.25,17.75,22.75,108.75,0.57775,0.5439999999999999,0.38975,0.22949999999999998,25.299999999999997,68.9,48.599999999999994,61.625,10.45,9.775,15.85,100.0,110.77499999999999,104.25,50.815625,50.815625,2.14275,0.48875
201604030MIL,CHI,240.0,37.0,89.5,0.41725,9.75,24.25,0.40299999999999997,14.0,17.0,0.82325,11.5,35.5,47.0,23.25,5.0,6.25,12.0,20.25,97.75,0.5087499999999999,0.47325,0.27575,0.1955,23.575,77.95,50.575,63.0,5.325,10.125,11.225000000000001,100.0,104.25,104.5,49.0375,49.0375,1.9929999999999999,0.47475,CHI,240.0,35.75,85.25,0.4195,6.75,21.5,0.31125,19.75,25.25,0.8067500000000001,10.0,35.5,45.5,19.5,6.5,6.75,9.5,16.0,98.0,0.50875,0.45999999999999996,0.25275000000000003,0.30225,22.05,76.425,49.425000000000004,54.574999999999996,6.9750000000000005,9.950000000000001,8.975,100.0,104.5,104.25,48.371875,48.371875,2.0255,0.4025
201604030MIN,DAL,240.0,38.0,86.5,0.43925000000000003,8.75,26.25,0.3325,14.5,17.5,0.8367500000000001,10.75,30.5,41.25,20.25,7.75,3.5,10.25,19.25,99.25,0.5265,0.49,0.30324999999999996,0.202,23.1,79.025,48.375,53.474999999999994,8.475,7.074999999999999,9.675,100.0,107.35,107.325,47.15625,47.15625,2.104,0.43025,DAL,240.0,37.0,77.5,0.47575,8.5,23.5,0.34874999999999995,17.25,22.75,0.7750000000000001,8.25,35.5,43.75,23.0,7.25,3.25,15.75,18.5,99.75,0.56775,0.5302500000000001,0.30375,0.29175,20.975,76.9,51.625,62.5,7.699999999999999,5.425,15.325000000000001,100.0,107.325,107.35,47.903125,47.903125,2.0725,0.478
201604030NYK,IND,240.0,40.0,86.75,0.46175,6.75,21.75,0.305,15.5,20.25,0.768,12.75,35.0,47.75,22.5,9.5,5.0,14.0,20.25,102.25,0.5347500000000001,0.50075,0.25125,0.23425,28.599999999999998,75.82499999999999,53.375,55.925000000000004,9.95,8.850000000000001,12.675,100.0,106.6,108.35,48.809374999999996,48.809374999999996,2.09375,0.4605,IND,240.0,39.25,86.25,0.45375,9.5,28.0,0.33549999999999996,15.75,21.75,0.739,11.0,30.75,41.75,22.0,5.25,4.0,14.5,19.25,103.75,0.5409999999999999,0.5095,0.32775,0.25375,24.174999999999997,71.425,46.625,56.5,5.525,6.0,13.150000000000002,100.0,108.35,106.6,50.040625,50.040625,2.07475,0.44025000000000003
201604030ORL,MEM,240.0,38.75,88.0,0.44175000000000003,6.5,18.75,0.34725,13.75,20.25,0.69275,14.75,24.75,39.5,19.0,9.25,4.75,12.0,21.25,97.75,0.506,0.47850000000000004,0.21375,0.22925,31.65,71.325,49.025,49.25,10.350000000000001,9.575,11.025,100.0,109.175,116.975,47.434375,47.434375,2.0625,0.402,MEM,240.0,37.25,74.5,0.49875,9.25,22.5,0.39975,21.0,25.25,0.8325,10.0,30.75,40.75,22.0,7.0,7.75,15.0,20.25,104.75,0.61175,0.5609999999999999,0.30200000000000005,0.34175,28.674999999999997,68.35000000000001,50.975,58.875,7.85,11.125,14.925,100.0,116.975,109.17500000000001,45.746875,45.746875,2.28925,0.48100000000000004
201604030PHO,UTA,246.25,40.0,84.0,0.47925,10.75,26.75,0.40125000000000005,11.75,19.5,0.66275,11.75,38.0,49.75,18.5,7.25,5.75,12.25,17.0,102.5,0.5567500000000001,0.5425,0.31675,0.23274999999999998,27.424999999999997,81.07499999999999,55.675,45.575,7.775,8.925,11.7,100.0,111.25,93.62499999999999,46.88125,48.2455078125,2.19925,0.39775,UTA,246.25,33.0,84.25,0.392,8.0,22.25,0.362,12.75,17.25,0.72275,8.75,30.75,39.5,18.25,7.75,4.25,13.0,18.25,86.75,0.47300000000000003,0.4395,0.2625,0.20350000000000001,18.925,72.57499999999999,44.325,54.675000000000004,8.525,7.25,12.350000000000001,100.0,93.625,111.25,48.346875000000004,49.7342447925,1.7934999999999999,0.38225
201604050ATL,PHO,240.0,37.0,84.75,0.4375,8.75,26.75,0.31575,16.0,21.25,0.748,12.75,33.75,46.5,20.0,6.25,2.5,20.0,24.5,98.75,0.5255000000000001,0.4895,0.318,0.25,28.75,80.525,54.2,53.875,6.3500000000000005,4.25,17.625,100.0,100.65,110.525,51.046875,51.046875,1.9289999999999998,0.39125,PHO,240.0,38.75,81.25,0.47750000000000004,8.25,23.5,0.356,22.5,29.0,0.775,8.25,30.75,39.0,23.0,9.5,7.25,13.25,21.25,108.25,0.5755,0.52775,0.28775,0.35924999999999996,19.5,71.25,45.8,59.400000000000006,9.75,12.625,12.25,100.0,110.525,100.64999999999999,50.012499999999996,50.012499999999996,2.16275,0.46175
201604050DEN,OKC,240.0,38.75,84.25,0.45875,8.5,26.5,0.32025000000000003,21.5,27.5,0.77125,14.5,34.0,48.5,22.75,8.0,4.5,15.5,19.25,107.5,0.556,0.50925,0.31375,0.3265,35.425,72.52499999999999,54.85,58.3,8.55,6.9750000000000005,13.825,100.0,114.4,112.60000000000001,49.15625,49.15625,2.18775,0.463,OKC,240.0,38.5,89.5,0.43574999999999997,10.25,28.5,0.35150000000000003,18.5,22.75,0.8135,13.75,27.25,41.0,21.25,7.5,5.0,11.5,20.0,105.75,0.5367500000000001,0.49450000000000005,0.3175,0.25525,27.475,64.575,45.15,55.375,8.0,8.674999999999999,10.5,100.0,112.6,114.39999999999999,49.028124999999996,49.028124999999996,2.15975,0.43425
201604050GSW,MIN,240.0,33.75,79.5,0.4255,7.0,23.25,0.2995,16.25,21.25,0.7340000000000001,10.25,32.0,42.25,21.75,7.75,2.25,16.25,17.75,90.75,0.509,0.46925,0.293,0.2675,24.400000000000002,76.125,50.5,65.2,8.5,4.775,15.5,100.0,98.32499999999999,109.37499999999999,47.796875,47.796875,1.88675,0.45825,MIN,240.0,37.0,80.75,0.4605,11.5,31.5,0.36475,14.75,20.25,0.728,10.0,31.0,41.0,20.0,8.0,5.0,13.25,19.75,100.25,0.5595000000000001,0.5309999999999999,0.3875,0.253,23.875,75.6,49.5,54.4,8.75,8.65,12.675,100.0,109.375,98.325,46.809374999999996,46.809374999999996,2.1422499999999998,0.42650000000000005
201604050LAC,LAL,246.25,33.25,91.0,0.36475,6.5,22.25,0.2965,18.25,24.25,0.7645,12.25,31.5,43.75,15.5,8.0,3.75,11.75,20.75,91.25,0.44825000000000004,0.40075,0.2465,0.265,22.900000000000002,75.325,46.25,46.275000000000006,8.2,6.075,10.425,100.0,93.67500000000001,111.3,51.009375,52.386653645,1.7839999999999998,0.303,LAL,246.25,41.75,84.5,0.49675,8.75,24.25,0.34075,15.5,24.0,0.6597500000000001,10.5,40.5,51.0,26.25,7.5,5.75,13.5,20.75,107.75,0.5680000000000001,0.54775,0.28450000000000003,0.29,24.675,77.10000000000001,53.75,63.025000000000006,7.675000000000001,7.875,12.425,100.0,111.30000000000001,93.675,49.449999999999996,50.7696614575,2.19025,0.5305
201604050MEM,CHI,240.0,36.75,81.5,0.45475,9.25,25.25,0.368,15.5,18.75,0.83325,8.5,32.5,41.0,25.25,6.5,6.0,13.0,20.0,98.25,0.55,0.51175,0.3115,0.23424999999999996,20.225,72.94999999999999,47.800000000000004,68.475,7.125,9.425,12.65,100.0,107.17500000000001,105.80000000000001,47.453125,47.453125,2.07375,0.5347500000000001,CHI,240.0,36.75,85.25,0.43124999999999997,6.0,17.75,0.326,17.5,23.25,0.7835000000000001,12.0,32.5,44.5,21.0,7.0,5.25,11.0,17.0,97.0,0.50825,0.46725000000000005,0.2085,0.27875,27.05,79.775,52.2,56.8,7.65,9.725000000000001,10.325,100.0,105.8,107.175,47.646874999999994,47.646874999999994,2.036,0.4415
201604050MIA,DET,240.0,32.5,83.0,0.39225000000000004,8.5,25.25,0.3365,18.0,26.5,0.69625,12.25,37.25,49.5,21.25,5.0,3.5,12.0,16.25,91.5,0.48375,0.4445,0.3045,0.32275000000000004,25.650000000000002,80.025,52.525,65.35000000000001,5.4,5.749999999999999,11.200000000000001,100.0,98.6,102.825,47.66875,47.66875,1.9200000000000002,0.446,DET,240.0,36.75,87.5,0.41900000000000004,9.0,26.0,0.34025,13.0,16.25,0.8222499999999999,9.5,35.25,44.75,22.25,6.5,7.25,11.0,21.25,95.5,0.50375,0.47000000000000003,0.295,0.1875,19.975,74.35,47.475,59.675,6.975,12.624999999999998,10.325,100.0,102.82499999999999,98.6,48.359375,48.359375,1.9735,0.4575
201604050MIL,CLE,246.25,38.25,88.5,0.43425,13.5,36.25,0.3835,17.25,24.0,0.6890000000000001,11.25,36.5,47.75,27.75,7.75,4.75,14.25,22.5,107.25,0.54525,0.5115,0.40974999999999995,0.26875000000000004,24.025,76.65,49.900000000000006,72.2,7.65,7.5249999999999995,12.675,100.0,107.44999999999999,101.25,51.45,52.93079427,2.0989999999999998,0.54625,CLE,246.25,36.25,86.0,0.42500000000000004,7.75,25.5,0.29899999999999993,20.75,29.0,0.74175,10.75,37.5,48.25,24.25,9.75,5.25,15.25,20.75,101.0,0.5145000000000001,0.47150000000000003,0.29925,0.34600000000000003,23.349999999999998,75.975,50.10000000000001,67.05,10.0,9.950000000000001,13.425,100.0,101.25,107.45,52.137499999999996,53.66549479249999,1.9532499999999997,0.46725
201604050PHI,NOP,240.0,37.5,80.25,0.4685,9.25,21.75,0.42599999999999993,15.25,21.75,0.72375,9.0,34.5,43.5,26.25,8.75,3.5,14.5,17.5,99.5,0.5542500000000001,0.5255,0.26925,0.28025,21.250000000000004,77.575,50.375,69.4,9.375,5.9,13.875,100.0,106.72500000000001,100.05,48.040625000000006,48.040625000000006,2.07225,0.54875,NOP,240.0,35.25,83.0,0.4265,10.0,26.25,0.38525,12.75,18.25,0.7007500000000001,10.25,32.25,42.5,24.25,8.5,6.0,14.75,20.5,93.25,0.51425,0.48750000000000004,0.316,0.22275,22.45,78.75,49.625,68.625,9.075,10.125,13.85,100.0,100.05,106.725,48.084375,48.084375,1.94525,0.504
201604050SAC,POR,240.0,39.5,83.5,0.47425000000000006,11.75,25.5,0.48425,19.75,25.25,0.7862499999999999,9.75,33.75,43.5,23.75,8.0,7.0,15.5,19.5,110.5,0.58525,0.5445,0.30325,0.30100000000000005,23.025,72.875,49.60000000000001,60.224999999999994,8.2,10.45,14.15,100.0,112.77499999999999,110.0,50.621875,50.621875,2.184,0.46875,POR,240.0,39.5,88.25,0.4475,10.0,22.0,0.4395,18.75,25.5,0.7297499999999999,12.5,31.5,44.0,21.5,9.25,5.0,13.5,21.25,107.75,0.54225,0.50425,0.24975,0.289,27.125,76.975,50.425,53.824999999999996,9.424999999999999,8.5,11.925,100.0,110.0,112.775,50.68125,50.68125,2.129,0.42525
201604050TOR,CHO,240.0,37.25,80.25,0.46675000000000005,9.75,26.75,0.35925000000000007,20.25,23.25,0.87375,8.25,39.0,47.25,25.5,9.0,6.0,12.25,11.25,104.5,0.5812499999999999,0.529,0.3355,0.29174999999999995,19.6,77.05000000000001,50.974999999999994,68.275,9.725,10.575,11.825000000000001,100.0,112.85000000000001,102.3,47.646875,47.646875,2.209,0.53975,CHO,240.0,36.25,88.25,0.4155,11.5,31.75,0.35975,10.75,14.75,0.73575,10.5,33.5,44.0,26.0,6.5,4.0,11.25,18.25,94.75,0.5035000000000001,0.48025,0.35475,0.16824999999999998,22.950000000000003,80.4,49.025,71.325,6.975,7.275,10.625,100.0,102.3,112.85,48.003125,48.003125,1.98625,0.5475
201604050UTA,SAS,240.0,36.25,77.5,0.46975,6.5,18.5,0.33749999999999997,19.75,24.75,0.796,11.0,29.5,40.5,22.0,9.5,5.75,13.0,17.5,98.75,0.5599999999999999,0.5122500000000001,0.2405,0.3245,26.875,73.025,50.050000000000004,60.974999999999994,10.575000000000001,9.075,12.825000000000001,100.0,109.775,106.89999999999999,45.628125,45.628125,2.1654999999999998,0.4835,SAS,240.0,38.25,82.0,0.4665,6.75,18.5,0.3675,13.0,17.5,0.77025,10.75,29.75,40.5,20.75,7.0,3.0,15.25,19.5,96.25,0.5369999999999999,0.50775,0.22549999999999998,0.21275,26.974999999999998,73.125,49.95,55.2,7.775,4.825,14.5,100.0,106.9,109.775,47.40625,47.40625,2.0292499999999998,0.43775
201604060BOS,NOP,240.0,38.75,82.0,0.47450000000000003,9.0,21.5,0.418,11.5,16.5,0.72875,11.0,33.0,44.0,26.75,7.25,3.0,15.5,17.5,98.0,0.54925,0.5289999999999999,0.261,0.20575,25.625,74.80000000000001,50.775,68.85000000000001,7.949999999999999,5.074999999999999,14.75,100.0,107.375,106.6,47.16875,47.16875,2.0775,0.56625,NOP,240.0,36.25,82.75,0.43925,10.75,27.0,0.4,14.0,19.25,0.73375,11.5,30.75,42.25,25.5,8.75,6.0,13.25,17.75,97.25,0.53425,0.5042500000000001,0.3255,0.23450000000000001,25.224999999999998,74.375,49.225,69.95,9.575,9.799999999999999,12.55,100.0,106.6,107.375,46.821875,46.821875,2.0789999999999997,0.5445
201604060DAL,HOU,240.0,38.25,89.0,0.4325,9.5,31.25,0.3105,20.25,29.25,0.7290000000000001,15.0,32.25,47.25,20.75,7.5,4.75,11.5,21.25,106.25,0.52175,0.4855,0.3485,0.33725,30.45,74.05000000000001,51.24999999999999,54.125,7.875000000000001,9.049999999999999,10.225,100.0,111.6,109.525,49.696875,49.696875,2.137,0.41750000000000004,HOU,240.0,36.75,83.0,0.44375,10.25,29.25,0.35324999999999995,20.5,25.5,0.79225,11.25,33.75,45.0,23.75,6.0,5.0,14.5,23.75,104.25,0.5545,0.50575,0.35125,0.30800000000000005,25.975,69.55,48.74999999999999,64.925,6.3,8.825,13.325,100.0,109.525,111.60000000000001,49.18125,49.18125,2.12075,0.4845
201604060IND,CLE,246.25,40.75,85.75,0.4810000000000001,14.5,35.25,0.42100000000000004,13.5,19.5,0.69975,9.25,39.25,48.5,30.0,7.5,5.5,15.5,18.25,109.5,0.5895,0.56775,0.4135,0.22050000000000003,20.75,79.1,52.175,73.57499999999999,7.449999999999999,7.975,14.350000000000001,100.0,111.3,95.6,50.631249999999994,52.11204427,2.18175,0.6015,CLE,246.25,35.5,88.25,0.40425,6.5,23.25,0.27149999999999996,17.0,21.5,0.74175,10.25,34.5,44.75,23.5,9.75,4.25,14.25,18.25,94.5,0.48575,0.44200000000000006,0.26575,0.247,20.9,79.25,47.825,66.19999999999999,10.1,7.875,12.700000000000001,100.0,95.60000000000001,111.3,51.231249999999996,52.75924479249999,1.854,0.45999999999999996
201604060LAL,LAC,240.0,40.5,80.75,0.503,10.0,24.75,0.40325,17.25,24.75,0.7207500000000001,7.0,32.25,39.25,25.25,9.25,5.25,10.75,17.0,108.25,0.5927500000000001,0.5657500000000001,0.30774999999999997,0.306,17.425,66.72500000000001,44.425,62.625,9.9,8.5,10.524999999999999,100.0,115.775,103.65,48.128125,48.128125,2.25025,0.5245,LAC,240.0,36.0,87.75,0.408,8.75,26.25,0.332,16.25,21.75,0.7324999999999999,15.5,32.75,48.25,21.75,7.5,1.5,14.75,20.0,97.0,0.49675,0.45775,0.29800000000000004,0.24875000000000003,33.275,82.57499999999999,55.575,59.175,7.999999999999999,2.675,13.175,100.0,103.65,115.775,48.665625000000006,48.665625000000006,1.9929999999999999,0.44475
201604060NYK,CHO,240.0,35.0,83.75,0.41925,8.5,28.25,0.29975,19.75,23.25,0.84975,9.75,39.5,49.25,23.0,8.75,5.5,11.75,14.0,98.25,0.52425,0.47,0.33699999999999997,0.28049999999999997,21.200000000000003,78.35,50.775000000000006,65.6,9.35,10.4,11.075,100.0,104.175,102.225,48.396874999999994,48.396874999999994,2.032,0.47475,CHO,240.0,35.5,86.75,0.4145,12.0,33.75,0.35825,13.0,18.75,0.6965,10.0,36.5,46.5,24.25,6.5,5.25,11.75,18.25,96.0,0.509,0.48275,0.38375,0.22275,21.65,78.80000000000001,49.225,67.72500000000001,6.875,9.375,11.05,100.0,102.225,104.175,48.703125,48.703125,1.9832500000000002,0.503
201604060ORL,DET,240.0,32.0,81.0,0.39575000000000005,8.0,23.5,0.333,18.0,25.75,0.7177500000000001,11.75,35.25,47.0,18.5,6.25,2.75,12.5,16.25,90.0,0.48775,0.44575,0.29075,0.3215,24.875,78.275,50.925,57.925,6.825,4.449999999999999,11.85,100.0,98.475,103.27499999999999,46.990625,46.990625,1.916,0.39399999999999996,DET,240.0,37.0,84.75,0.43675,8.0,21.0,0.4055,12.25,16.25,0.7685,10.0,35.25,45.25,19.25,6.5,6.5,12.25,20.25,94.25,0.5135000000000001,0.484,0.24724999999999997,0.1925,21.725,75.125,49.075,52.400000000000006,7.074999999999999,11.374999999999998,11.65,100.0,103.275,98.475,47.359375,47.359375,1.9945,0.40725
201604060POR,OKC,240.0,40.0,84.5,0.47175,9.5,28.25,0.32825,19.25,25.5,0.7449999999999999,14.75,34.25,49.0,23.5,8.75,4.25,17.25,19.0,108.75,0.56625,0.5277499999999999,0.333,0.3025,35.85,73.375,55.375,58.025,9.225,6.9,15.25,100.0,114.30000000000001,111.975,49.556250000000006,49.556250000000006,2.1935000000000002,0.47300000000000003,OKC,240.0,38.25,88.25,0.4385,10.75,30.0,0.35150000000000003,19.0,23.75,0.80625,13.25,27.25,40.5,23.5,8.75,4.25,12.5,19.5,106.25,0.54325,0.50075,0.33825000000000005,0.27025,26.625,64.15,44.625,61.800000000000004,9.2,7.6000000000000005,11.375,100.0,111.975,114.3,49.390625,49.390625,2.1555,0.47475
201604060WAS,BRK,240.0,35.25,89.75,0.396,5.25,20.5,0.2655,16.75,25.25,0.6637500000000001,17.0,32.0,49.0,21.25,8.75,3.5,16.5,17.75,92.5,0.46075,0.42625,0.22725,0.2905,33.4,83.275,54.8,60.475,8.85,6.225,14.125,100.0,94.75,116.89999999999999,50.621875,50.621875,1.831,0.41900000000000004,BRK,240.0,44.5,84.5,0.52625,12.0,27.5,0.45199999999999996,13.25,18.25,0.77125,6.5,34.25,40.75,31.0,9.0,6.75,14.0,19.75,114.25,0.61625,0.5965,0.32425,0.21775,16.724999999999998,66.625,45.2,69.64999999999999,9.25,9.75,13.100000000000001,100.0,116.89999999999999,94.75,50.334375,50.334375,2.2682499999999997,0.615
201604070ATL,TOR,240.0,35.0,77.25,0.45225,8.75,23.0,0.37525,20.0,24.5,0.83175,8.0,33.0,41.0,19.75,9.0,6.75,13.25,18.75,98.75,0.56175,0.5095000000000001,0.3005,0.32,21.15,70.225,48.025,56.599999999999994,9.875,11.274999999999999,13.075,100.0,109.125,106.225,47.068749999999994,47.068749999999994,2.0985,0.4185,TOR,240.0,35.25,84.75,0.41800000000000004,9.25,26.75,0.339,16.25,20.25,0.7825,13.75,30.25,44.0,22.0,8.0,6.25,13.0,20.0,96.0,0.51425,0.472,0.31625000000000003,0.24325,29.775,78.85,51.974999999999994,62.650000000000006,8.95,11.9,12.125,100.0,106.22500000000001,109.125,46.809375,46.809375,2.05275,0.4715
201604070GSW,SAS,240.0,35.0,74.0,0.47325,7.25,19.0,0.37374999999999997,20.5,25.25,0.81375,8.75,31.25,40.0,22.5,10.0,6.0,12.0,17.25,97.75,0.574,0.52225,0.256,0.341,22.525,78.775,50.65,64.025,11.325,9.874999999999998,12.25,100.0,110.525,101.85000000000001,44.621875,44.621875,2.1887499999999998,0.50225,SAS,240.0,35.25,77.75,0.45475,6.25,17.75,0.3535,13.25,18.25,0.7505000000000001,8.75,30.0,38.75,19.25,6.75,2.75,15.0,19.5,90.0,0.5269999999999999,0.49475,0.22924999999999998,0.237,21.224999999999998,77.475,49.35,54.55,7.6,4.9,14.925,100.0,101.85,110.525,46.334375,46.334375,1.9435000000000002,0.41325
201604070HOU,PHO,240.0,34.25,84.0,0.40800000000000003,8.0,26.25,0.29874999999999996,15.75,23.0,0.6915,13.75,36.5,50.25,19.25,7.25,3.0,20.75,20.75,92.25,0.491,0.45625,0.3155,0.274,29.75,81.275,55.125,56.275000000000006,7.325,5.0,18.150000000000002,100.0,94.44999999999999,106.25000000000001,50.9625,50.9625,1.81225,0.378,PHO,240.0,38.25,84.75,0.45375,9.25,25.5,0.36975,18.0,23.75,0.7592500000000001,8.75,32.5,41.25,24.0,11.0,7.25,12.75,22.0,103.75,0.5465,0.5075000000000001,0.297,0.28575,18.75,70.25,44.875,62.650000000000006,11.2,12.65,11.75,100.0,106.25,94.45,50.015625,50.015625,2.0785,0.4804999999999999
201604070MIA,CHI,240.0,36.0,79.0,0.459,9.5,26.0,0.36650000000000005,15.25,19.5,0.7855000000000001,8.75,32.5,41.25,25.25,6.75,7.25,14.25,20.25,96.75,0.5545,0.51925,0.33099999999999996,0.24999999999999997,20.8,73.375,48.25,69.775,7.4,11.349999999999998,13.950000000000001,100.0,105.6,109.125,46.881249999999994,46.881249999999994,2.06625,0.54025,CHI,240.0,36.75,84.5,0.435,7.0,17.75,0.37849999999999995,19.5,25.5,0.7842500000000001,11.75,32.25,44.0,20.5,8.0,4.0,11.0,16.75,100.0,0.5225,0.477,0.21025000000000002,0.30625,26.625,79.19999999999999,51.75,55.525,8.725,7.8,10.325,100.0,109.125,105.60000000000001,47.93124999999999,47.93124999999999,2.0854999999999997,0.429
201604070SAC,MIN,246.25,34.5,80.75,0.427,7.25,21.0,0.35,15.25,20.25,0.7285,9.0,33.0,42.0,23.75,8.75,3.0,16.0,17.0,91.5,0.5077499999999999,0.47150000000000003,0.26225,0.24875000000000003,21.025,75.625,48.825,68.825,9.225000000000001,5.675000000000001,15.224999999999998,100.0,96.975,107.65,48.684375,50.1700520825,1.86475,0.487,MIN,246.25,39.0,84.25,0.4635,10.75,32.0,0.33675,11.75,16.5,0.7402500000000001,10.5,33.0,43.5,23.25,8.0,5.75,13.75,18.5,100.5,0.5495000000000001,0.527,0.3785,0.205,24.375,78.975,51.175,58.825,8.6,9.55,12.75,100.0,107.65,96.97500000000001,47.668749999999996,49.176562499999996,2.1149999999999998,0.47650000000000003
201604080BOS,MIL,240.0,39.75,84.0,0.47425000000000006,4.0,13.75,0.29275,15.5,22.75,0.65875,11.25,29.5,40.75,25.0,10.0,5.75,13.25,17.25,99.0,0.526,0.49774999999999997,0.16425,0.276,25.174999999999997,82.725,50.5,62.475,10.375,10.475,12.325,100.0,104.15,109.62499999999999,48.403124999999996,48.403124999999996,2.0395000000000003,0.5145,MIL,240.0,41.0,79.75,0.5152500000000001,9.5,27.5,0.3275,12.25,15.25,0.81775,6.75,33.5,40.25,29.25,8.25,6.0,17.25,18.75,103.75,0.603,0.5760000000000001,0.349,0.193,17.275,74.82499999999999,49.5,71.125,8.6,8.575000000000001,16.45,100.0,109.62499999999999,104.15,48.746875,48.746875,2.13675,0.6015
201604080CHO,BRK,240.0,35.75,93.0,0.385,5.75,21.25,0.27925,14.75,21.5,0.6845,16.25,32.5,48.75,23.0,8.75,3.25,14.5,18.5,92.0,0.44975,0.41675,0.22925,0.23224999999999998,31.175000000000004,78.14999999999999,52.075,64.3,8.9,5.7749999999999995,12.4,100.0,95.125,113.47500000000001,50.73125,50.73125,1.8170000000000002,0.4525,BRK,240.0,42.5,85.5,0.49875,10.5,27.75,0.39375000000000004,14.25,18.5,0.81275,9.25,36.0,45.25,30.0,8.0,8.0,14.25,17.25,109.75,0.58725,0.56025,0.32375,0.21825,21.85,68.85,47.925,70.55,8.3,11.149999999999999,13.225000000000001,100.0,113.475,95.125,49.643750000000004,49.643750000000004,2.2145,0.6055
201604080DAL,MEM,240.0,39.5,90.5,0.437,7.0,19.5,0.35825,17.75,24.0,0.74825,15.5,28.5,44.0,18.5,8.75,4.0,12.25,20.0,103.75,0.51375,0.47575,0.21575,0.2655,33.65,70.25,51.150000000000006,46.75,9.6,8.225,10.825,100.0,112.30000000000001,113.225,49.325,49.325,2.1029999999999998,0.37425,MEM,240.0,36.25,79.0,0.45749999999999996,11.5,28.0,0.41025,20.75,25.25,0.81025,12.0,30.0,42.0,22.25,7.0,8.25,15.5,22.25,104.75,0.581,0.531,0.35800000000000004,0.32125000000000004,29.75,66.35,48.85,61.0,7.525,11.625,14.825,100.0,113.225,112.30000000000001,47.246875,47.246875,2.214,0.46925000000000006
201604080DEN,SAS,240.0,35.5,76.0,0.46675,7.75,19.25,0.39999999999999997,19.0,23.5,0.8045,7.5,29.75,37.25,23.75,10.25,4.75,11.5,14.75,97.75,0.56575,0.51775,0.254,0.30875,18.625,80.70000000000002,48.224999999999994,66.425,11.425,7.999999999999999,11.675,100.0,108.92500000000001,107.05,45.581250000000004,45.581250000000004,2.145,0.51775,SAS,240.0,38.25,77.75,0.49074999999999996,7.75,19.25,0.3945,12.0,15.0,0.8215,7.25,32.5,39.75,22.75,6.75,2.25,15.25,19.5,96.25,0.5702499999999999,0.53975,0.24724999999999997,0.198,19.3,81.375,51.775000000000006,58.475,7.475,3.925,15.325,100.0,107.05000000000001,108.92500000000001,46.4375,46.4375,2.0695,0.48524999999999996
201604080DET,WAS,240.0,43.0,91.0,0.47175,9.5,27.5,0.346,16.25,21.5,0.75525,13.0,34.5,47.5,29.75,6.75,5.5,14.25,22.75,111.75,0.556,0.52425,0.302,0.2375,28.0,76.47500000000001,51.775000000000006,68.7,6.775,7.725,12.375,100.0,112.1,109.1,51.23125,51.23125,2.18475,0.58175,WAS,240.0,41.25,88.5,0.46925,7.5,19.25,0.39525,19.0,27.0,0.7112499999999999,11.0,33.5,44.5,24.75,8.5,4.25,13.25,18.75,109.0,0.54525,0.51175,0.21749999999999997,0.30675,23.525,72.025,48.224999999999994,59.925,8.450000000000001,6.7,11.65,100.0,109.1,112.10000000000001,51.787499999999994,51.787499999999994,2.1045,0.47825
201604080NOP,LAL,246.25,33.0,91.25,0.36074999999999996,5.5,20.0,0.27425,19.5,25.0,0.7835,15.0,32.0,47.0,14.75,7.75,3.25,11.75,19.25,91.0,0.44425000000000003,0.39075,0.22025,0.27399999999999997,26.975,76.94999999999999,48.474999999999994,44.275000000000006,8.1,5.175,10.45,100.0,94.95,104.875,49.9375,51.314778645,1.8169999999999997,0.29325,LAL,246.25,39.75,84.5,0.47175,6.25,23.0,0.26825,14.5,22.0,0.66975,9.75,40.25,50.0,26.25,8.75,6.0,13.0,20.5,100.25,0.5325,0.50875,0.27125,0.2615,23.05,73.025,51.525,65.95,9.225000000000001,8.024999999999999,12.075000000000001,100.0,104.87500000000001,94.94999999999999,49.099999999999994,50.4196614575,2.042,0.5335
201604080ORL,MIA,240.0,41.0,86.5,0.475,7.75,17.25,0.44750000000000006,14.75,18.75,0.79575,10.25,31.75,42.0,19.25,7.0,4.0,12.5,19.0,104.5,0.5545,0.5205,0.20074999999999998,0.21649999999999997,24.725,72.875,49.64999999999999,47.074999999999996,7.550000000000001,6.3500000000000005,11.6,100.0,112.6,108.225,48.828125,48.828125,2.14575,0.39525000000000005,MIA,240.0,36.5,81.0,0.45125,6.25,18.0,0.36025,21.5,26.25,0.81725,12.0,30.5,42.5,18.25,7.25,4.25,13.25,15.25,100.75,0.545,0.4895,0.22125,0.324,27.125,75.275,50.35,49.75000000000001,7.8,6.125,12.524999999999999,100.0,108.225,112.60000000000001,47.359375,47.359375,2.1255,0.38425
201604080PHI,NYK,240.0,36.75,83.75,0.44325000000000003,8.5,22.75,0.3625,12.5,15.0,0.8640000000000001,11.0,34.75,45.75,21.25,6.75,6.25,16.25,16.25,94.5,0.52875,0.49374999999999997,0.272,0.17925,24.325,73.6,49.9,57.800000000000004,7.225,9.6,15.4,100.0,100.825,102.875,48.0625,48.0625,1.9675,0.4425,NYK,240.0,36.75,89.25,0.41375,7.75,24.25,0.31675,15.0,18.5,0.8117500000000001,13.0,33.25,46.25,18.5,8.0,2.25,12.5,14.5,96.25,0.49674999999999997,0.45775,0.27325,0.20850000000000002,26.4,75.67500000000001,50.1,50.55,8.525,3.75,11.450000000000001,100.0,102.875,100.825,48.76875,48.76875,1.978,0.37975000000000003
201604080TOR,IND,240.0,39.75,82.75,0.4815,9.5,23.75,0.3875,17.0,21.5,0.7907500000000001,9.75,37.25,47.0,21.75,8.5,3.0,15.5,21.0,106.0,0.5755,0.539,0.28875,0.26,23.825,76.9,53.25,54.25,8.9,5.125,14.325000000000001,100.0,110.99999999999999,107.85,49.35625,49.35625,2.1505,0.44075000000000003,IND,240.0,37.5,85.75,0.43999999999999995,9.0,26.75,0.32525,19.0,24.5,0.7565,11.5,30.0,41.5,21.0,5.75,4.75,12.25,19.25,103.0,0.5375,0.49350000000000005,0.31899999999999995,0.29500000000000004,23.1,76.175,46.75,56.324999999999996,6.075,8.0,11.25,100.0,107.85,110.99999999999999,49.068749999999994,49.068749999999994,2.10325,0.42625
201604080UTA,LAC,240.0,40.5,80.5,0.5045000000000001,9.5,23.25,0.40075,15.75,23.75,0.677,7.75,33.5,41.25,24.5,9.75,4.5,11.5,17.0,106.25,0.5855,0.56425,0.29075,0.29475,19.45,66.75,46.025,60.599999999999994,10.5,7.1,11.275,100.0,114.22500000000001,104.80000000000001,47.765625,47.765625,2.223,0.51225,LAC,240.0,36.5,88.5,0.41075,7.75,25.25,0.29775,16.75,21.75,0.762,16.0,31.25,47.25,19.75,8.5,1.5,13.75,20.25,97.5,0.496,0.45449999999999996,0.28474999999999995,0.24725000000000003,33.25,80.55000000000001,53.97500000000001,51.875,9.125,2.625,12.3,100.0,104.8,114.225,48.290625000000006,48.290625000000006,2.0165,0.4055
201604090ATL,BOS,240.0,40.5,85.75,0.475,8.0,25.25,0.3345,22.0,29.25,0.7525000000000001,8.0,34.25,42.25,29.25,8.5,4.5,12.25,20.5,111.0,0.5640000000000001,0.5215,0.29100000000000004,0.346,18.175,80.225,49.025000000000006,71.925,8.4,7.574999999999999,11.025,100.0,109.525,101.675,51.946875,51.946875,2.1355,0.56175,BOS,240.0,37.5,83.75,0.44825,10.5,26.25,0.38449999999999995,17.5,23.5,0.75475,8.5,35.25,43.75,24.5,8.25,4.5,18.5,24.0,103.0,0.54925,0.5115000000000001,0.31525,0.27975,19.775,81.82499999999999,50.974999999999994,65.075,8.125,7.275,16.5,100.0,101.675,109.52499999999999,52.45625,52.45625,1.96325,0.46599999999999997
201604090CHI,CLE,246.25,40.0,82.5,0.49,13.5,33.0,0.41100000000000003,16.5,22.0,0.72975,8.75,35.5,44.25,26.5,6.75,4.5,13.75,18.75,110.0,0.60575,0.5730000000000001,0.40225,0.26625,21.200000000000003,78.7,51.9,65.225,6.9750000000000005,7.1,13.175,100.0,115.5,108.425,48.974999999999994,50.45579427,2.2640000000000002,0.5457500000000001,CLE,246.25,38.0,84.75,0.452,9.5,25.75,0.353,18.0,21.75,0.78025,9.25,31.25,40.5,23.25,9.0,3.5,13.5,19.5,103.5,0.5519999999999999,0.50925,0.307,0.26,21.3,78.8,48.099999999999994,61.525,9.7,6.375,12.55,100.0,108.425,115.5,49.665625,51.193619792499995,2.0955,0.47050000000000003
201604090MEM,GSW,246.25,45.5,88.0,0.517,15.5,33.25,0.472,11.25,13.5,0.8427499999999999,8.75,34.5,43.25,30.75,8.5,5.5,18.0,24.5,117.75,0.6267499999999999,0.60575,0.37925,0.15550000000000003,22.674999999999997,80.8,53.2,67.625,8.35,8.575,15.975,100.0,116.75,109.725,51.83125,53.3390625,2.28475,0.5945,GSW,246.25,40.5,84.5,0.4795,8.0,20.0,0.408,22.25,30.5,0.7237499999999999,8.25,30.0,38.25,27.25,10.5,3.25,14.0,14.0,111.25,0.56775,0.5265,0.236,0.36,19.2,77.325,46.825,67.2,10.275,5.574999999999999,12.5,100.0,109.725,116.75,52.36875,53.8544270825,2.1225,0.52075
201604090NOP,PHO,240.0,35.75,86.5,0.41200000000000003,9.75,28.0,0.3435,18.5,26.0,0.7072499999999999,15.0,34.75,49.75,21.25,8.5,2.5,20.0,21.0,99.75,0.5077499999999999,0.46875,0.3265,0.30075,33.425,82.6,57.15,58.775,8.55,4.6,17.075,100.0,101.37500000000001,108.0,51.925,51.925,1.9184999999999999,0.40725,PHO,240.0,39.5,84.0,0.4754999999999999,11.25,30.0,0.37575000000000003,16.0,22.25,0.7272500000000001,7.75,30.5,38.25,25.25,11.0,8.0,14.0,22.25,106.25,0.57025,0.54325,0.35975,0.26975,17.425,66.575,42.849999999999994,63.925,11.100000000000001,13.65,12.975000000000001,100.0,108.0,101.37499999999999,50.409375,50.409375,2.11125,0.502
201604090POR,MIN,246.25,36.0,79.0,0.45325,8.0,20.5,0.394,18.0,23.75,0.74425,8.75,30.75,39.5,25.0,11.0,3.75,15.75,17.5,98.0,0.5435,0.5035000000000001,0.262,0.29700000000000004,21.275000000000002,70.375,46.675,69.5,11.625,6.675000000000001,15.049999999999997,100.0,103.475,106.525,48.640625,50.126302082500004,2.0004999999999997,0.51325,MIN,246.25,38.75,84.5,0.4595,10.0,28.5,0.35250000000000004,12.5,17.25,0.7442500000000001,13.0,32.0,45.0,21.5,8.75,4.75,16.75,20.0,100.0,0.5435000000000001,0.5182500000000001,0.33625,0.21325,29.625,78.725,53.325,54.45,9.35,8.15,15.175,100.0,106.525,103.47500000000001,48.221875,49.7296875,2.0805,0.434
201604090SAC,OKC,240.0,43.0,86.75,0.49549999999999994,10.25,28.5,0.35900000000000004,20.75,27.75,0.7472500000000001,16.0,34.25,50.25,24.0,8.5,3.0,16.75,18.75,117.0,0.5920000000000001,0.5545,0.3295,0.32075000000000004,38.675,76.25,57.95,55.6,8.8,5.3,14.45,100.0,121.15,118.475,50.340625,50.340625,2.3270000000000004,0.47775,OKC,240.0,40.75,87.5,0.47175,13.5,33.5,0.41250000000000003,19.25,24.75,0.7792500000000001,11.5,25.5,37.0,26.5,10.0,4.75,12.25,20.75,114.25,0.58725,0.5505,0.382,0.28425,23.75,61.325,42.05,65.25,10.35,8.125,11.224999999999998,100.0,118.475,121.15,50.003125000000004,50.003125000000004,2.2912500000000002,0.5287499999999999
201604100DEN,UTA,246.25,36.25,75.75,0.47975,8.5,24.25,0.34575,15.0,21.0,0.7200000000000001,7.25,33.5,40.75,16.75,7.5,6.25,14.75,16.0,96.0,0.5654999999999999,0.53475,0.31675000000000003,0.2795,19.349999999999998,79.8,51.325,45.72500000000001,8.35,11.725,14.775000000000002,100.0,106.82499999999999,100.375,46.6125,47.9396484375,2.064,0.3585,UTA,246.25,34.25,78.0,0.439,9.25,24.0,0.38675,12.5,16.75,0.729,8.5,30.25,38.75,18.25,9.75,2.25,13.75,18.75,90.25,0.5285,0.49775,0.3055,0.216,20.200000000000003,80.65,48.675000000000004,53.275000000000006,10.875,4.4,13.649999999999999,100.0,100.375,106.82500000000002,45.603125000000006,46.840429687500006,1.98075,0.40224999999999994
201604100HOU,LAL,240.0,32.25,86.0,0.37499999999999994,6.75,21.0,0.31375,19.75,24.5,0.80675,12.75,30.5,43.25,15.75,7.75,3.25,12.75,19.75,91.0,0.47050000000000003,0.41475,0.24525000000000002,0.28625,24.724999999999998,78.075,47.75,48.050000000000004,8.25,5.575,11.7,100.0,96.7,109.27499999999999,48.81875,48.81875,1.8615000000000002,0.32,LAL,240.0,40.0,82.75,0.4855,8.0,24.25,0.338,14.75,20.75,0.716,8.5,38.5,47.0,27.0,8.5,3.75,12.75,19.75,102.75,0.56,0.534,0.29125,0.2525,21.925,75.275,52.25,67.35,9.075,5.800000000000001,12.175,100.0,109.27499999999999,96.69999999999999,48.428124999999994,48.428124999999994,2.1217499999999996,0.5562499999999999
201604100IND,BRK,240.0,36.75,92.5,0.39799999999999996,7.25,22.25,0.33175,14.25,21.25,0.6672499999999999,17.0,29.25,46.25,22.5,8.0,3.5,13.75,18.0,95.0,0.46725000000000005,0.43775,0.2415,0.23074999999999998,33.474999999999994,76.15,51.89999999999999,61.1,8.424999999999999,6.449999999999999,11.925,100.0,100.80000000000001,118.1,49.671875,49.671875,1.91175,0.4525,BRK,240.0,43.25,84.5,0.513,11.0,27.5,0.40925,13.75,17.5,0.82725,9.5,33.75,43.25,29.25,8.25,9.25,13.0,17.25,111.25,0.604,0.5782499999999999,0.32599999999999996,0.20949999999999996,23.85,66.55,48.099999999999994,67.325,8.850000000000001,13.225000000000001,12.425,100.0,118.1,100.8,48.15625,48.15625,2.3097499999999997,0.60675
201604100LAC,DAL,240.0,33.5,77.0,0.4395,11.0,32.0,0.34324999999999994,16.25,21.0,0.7742500000000001,10.5,32.0,42.5,18.5,6.5,4.75,12.25,18.0,94.25,0.5505,0.51275,0.4235,0.29875,24.450000000000003,74.275,49.8,55.800000000000004,7.5,8.625,12.55,100.0,107.9,99.05,44.362500000000004,44.362500000000004,2.1235,0.41775,DAL,240.0,32.25,79.25,0.40725,7.5,24.0,0.30050000000000004,14.5,20.5,0.7165,11.25,31.5,42.75,19.75,6.75,3.25,14.25,21.25,86.5,0.49024999999999996,0.45425000000000004,0.303,0.2585,25.725,75.55,50.2,61.925,7.75,6.949999999999999,13.975,100.0,99.05000000000001,107.9,45.99375,45.99375,1.87975,0.43074999999999997
201604100MIA,ORL,240.0,43.75,87.0,0.50375,6.75,19.0,0.36,17.0,22.0,0.7782500000000001,8.75,32.5,41.25,27.25,8.5,7.0,13.5,21.25,111.25,0.5762499999999999,0.54225,0.21725,0.25350000000000006,20.775000000000002,70.6,47.425,62.075,8.5,10.275,12.25,100.0,112.425,110.35,51.1,51.1,2.1799999999999997,0.53125,ORL,240.0,43.0,90.25,0.47775,7.75,21.75,0.34675,15.5,25.75,0.59775,14.0,31.75,45.75,23.75,8.25,5.25,13.5,18.75,109.25,0.539,0.52075,0.242,0.28825,29.4,79.225,52.574999999999996,55.3,8.25,7.75,11.749999999999998,100.0,110.35000000000001,112.42500000000001,50.990624999999994,50.990624999999994,2.14325,0.4644999999999999
201604100NYK,TOR,240.0,35.75,77.5,0.46525,7.5,21.0,0.3575,18.25,24.75,0.7677499999999999,6.5,33.75,40.25,18.5,7.0,5.0,12.75,18.0,97.25,0.55275,0.51475,0.27349999999999997,0.32975,17.275,76.92500000000001,49.45,51.925,7.7,9.6,12.625000000000002,100.0,107.125,106.075,47.753125,47.753125,2.0365,0.3875,TOR,240.0,34.25,81.0,0.42475,9.0,28.5,0.30875,18.75,23.0,0.806,10.0,31.0,41.0,23.25,6.75,7.5,10.5,20.75,96.25,0.5297499999999999,0.48,0.35100000000000003,0.2865,23.075000000000003,82.725,50.55,67.925,7.475,13.3,10.325,100.0,106.075,107.125,46.2125,46.2125,2.08425,0.5037499999999999
201604100PHI,MIL,240.0,40.75,85.75,0.476,4.25,14.25,0.29574999999999996,14.25,21.5,0.6475,10.75,30.0,40.75,27.25,9.25,4.75,14.75,18.25,100.0,0.524,0.5005,0.166,0.25175000000000003,24.674999999999997,88.4,52.775000000000006,66.575,9.375,8.674999999999999,13.325,100.0,102.7,114.64999999999999,49.98125,49.98125,1.9954999999999998,0.54325,MIL,240.0,42.5,78.25,0.54325,9.75,25.0,0.38275000000000003,16.5,20.5,0.82375,4.0,32.5,36.5,32.25,8.25,7.25,15.25,18.75,111.25,0.63825,0.60625,0.32225,0.26425,11.600000000000001,75.32499999999999,47.225,75.875,8.450000000000001,10.3,14.825,100.0,114.64999999999999,102.69999999999999,49.61875,49.61875,2.247,0.6505
201604100SAS,GSW,246.25,45.75,89.0,0.5145000000000001,13.0,31.5,0.42525,11.75,13.5,0.8812500000000001,8.5,36.5,45.0,29.5,6.25,5.5,15.25,22.0,116.25,0.61225,0.58775,0.35324999999999995,0.1535,21.775,79.725,52.925,64.0,6.175,8.175,13.65,100.0,117.25,109.22500000000001,51.081250000000004,52.589062500000004,2.2855,0.5762499999999999,GSW,246.25,39.5,86.75,0.458,7.75,19.5,0.40424999999999994,22.0,28.0,0.7905,9.75,31.0,40.75,25.0,10.0,4.0,12.0,14.5,108.75,0.54975,0.50275,0.22475,0.32575,20.275000000000002,78.225,47.099999999999994,62.97500000000001,9.95,6.8999999999999995,10.775,100.0,109.225,117.25,51.15,52.6356770825,2.1235,0.487
201604100WAS,CHO,240.0,37.25,84.25,0.44300000000000006,11.5,31.0,0.375,18.25,21.25,0.8522500000000001,10.75,28.75,39.5,22.0,10.0,6.25,10.25,16.5,104.25,0.55825,0.511,0.36874999999999997,0.256,24.6,70.82499999999999,46.550000000000004,59.675,10.975,10.499999999999998,9.9,100.0,114.1,110.625,46.92187499999999,46.92187499999999,2.2205,0.469,CHO,240.0,38.75,82.75,0.469,10.5,25.75,0.39949999999999997,13.0,19.75,0.6472499999999999,12.0,33.25,45.25,25.25,6.75,5.0,15.0,17.0,101.0,0.55475,0.53225,0.31224999999999997,0.24075,29.175,75.4,53.45,64.475,7.375,9.35,14.125,100.0,110.625,114.1,47.565625,47.565625,2.12875,0.534
201604110BOS,CHO,240.0,35.75,85.5,0.41774999999999995,12.25,32.75,0.37949999999999995,19.25,23.25,0.82575,10.25,32.0,42.25,21.5,8.0,5.75,10.25,19.5,103.0,0.5387500000000001,0.48924999999999996,0.385,0.27525,22.3,78.0,47.975,61.525000000000006,8.55,9.499999999999998,9.625,100.0,109.97500000000001,107.75,48.271875,48.271875,2.1384999999999996,0.44625,CHO,240.0,38.0,82.0,0.46475,8.75,23.75,0.36875,16.5,23.5,0.71025,9.25,36.5,45.75,23.5,7.0,6.0,13.75,18.0,101.25,0.55,0.5177499999999999,0.29075,0.289,22.0,77.7,52.025000000000006,61.650000000000006,7.425000000000001,11.45,12.975000000000001,100.0,107.75,109.975,48.83125,48.83125,2.07225,0.48075
201604110BRK,WAS,240.0,42.75,88.75,0.48225,8.5,24.5,0.3495,16.5,23.0,0.7184999999999999,12.0,35.0,47.0,28.25,7.0,4.25,12.25,23.5,110.5,0.5595,0.53025,0.2745,0.26275,25.799999999999997,78.875,52.0,65.35,7.174999999999999,6.8500000000000005,11.025,100.0,113.675,110.05,49.9625,49.9625,2.211,0.56475,WAS,240.0,36.5,83.75,0.43599999999999994,10.25,25.25,0.40874999999999995,23.5,30.25,0.7775000000000001,9.25,33.75,43.0,22.75,7.0,3.0,12.0,20.25,106.75,0.55175,0.49825,0.308,0.3645,21.125,74.2,48.0,62.925,7.175,4.675,11.05,100.0,110.05,113.675,50.434375,50.434375,2.121,0.44975000000000004
201604110CLE,ATL,246.25,39.0,88.5,0.44199999999999995,12.25,32.25,0.3785,15.75,19.25,0.8125,7.0,38.75,45.75,26.25,8.75,8.25,15.25,22.25,106.0,0.5495,0.5117499999999999,0.3675,0.21875,15.05,79.525,48.675000000000004,67.4,8.475,13.6,13.625,100.0,103.02499999999999,95.57500000000002,52.946875000000006,54.4748697925,2.00775,0.49749999999999994,ATL,246.25,35.25,88.25,0.39825,10.75,29.5,0.36925,17.25,26.25,0.6655,10.0,38.5,48.5,22.0,10.5,5.0,15.5,19.75,98.5,0.493,0.4595,0.33299999999999996,0.29774999999999996,20.475,84.95,51.324999999999996,61.875,10.25,8.95,13.4,100.0,95.57500000000002,103.02499999999999,53.109375,54.590169270000004,1.8527500000000001,0.41174999999999995
201604110MIN,HOU,240.0,41.75,88.0,0.479,12.5,34.0,0.36225,16.25,22.5,0.7202500000000001,13.75,26.25,40.0,24.75,10.25,6.5,13.75,20.0,112.25,0.575,0.54975,0.383,0.262,29.425,65.7,47.025,59.075,10.700000000000001,11.425,12.625,100.0,117.89999999999999,113.75,49.34375,49.34375,2.2635,0.49874999999999997,HOU,240.0,39.0,84.75,0.4595,10.25,29.75,0.34450000000000003,19.75,23.5,0.84275,13.75,30.5,44.25,24.0,8.75,3.5,17.0,20.0,108.0,0.5665,0.5197499999999999,0.35225,0.27575,34.3,70.575,52.975,61.1,9.25,6.3500000000000005,15.075,100.0,113.75,117.89999999999999,49.58125,49.58125,2.17175,0.48124999999999996
201604110NOP,CHI,240.0,37.0,79.5,0.46675,7.25,23.25,0.29875,18.0,22.5,0.79,11.0,29.5,40.5,22.25,7.5,7.0,13.75,17.5,99.25,0.55625,0.51225,0.29425,0.28474999999999995,26.2,68.6,47.975,60.12500000000001,8.275,11.075,13.3,100.0,109.32499999999999,113.97500000000001,46.46875000000001,46.46875000000001,2.13725,0.48150000000000004,CHI,240.0,39.75,86.75,0.45775,8.0,20.0,0.35375,16.0,20.25,0.78,13.5,30.25,43.75,21.5,8.0,3.75,12.5,17.5,103.5,0.54125,0.50475,0.23349999999999999,0.234,31.400000000000002,73.8,52.025000000000006,54.825,8.799999999999999,6.875,11.600000000000001,100.0,113.97500000000001,109.325,47.684375,47.684375,2.17,0.4525
201604110OKC,LAL,240.0,33.25,84.25,0.39575,8.25,22.75,0.34950000000000003,18.75,22.0,0.84475,11.75,29.75,41.5,16.5,8.75,3.0,14.5,19.25,93.5,0.49924999999999997,0.4452499999999999,0.27125,0.263,23.9,74.9,47.0,48.425,9.25,5.25,13.4,100.0,99.125,114.925,48.724999999999994,48.724999999999994,1.9135,0.33525,LAL,240.0,42.25,84.5,0.50025,10.25,27.0,0.375,13.75,19.75,0.70325,10.25,36.25,46.5,27.0,9.25,4.75,13.0,17.25,108.5,0.5807499999999999,0.5595,0.31325,0.238,25.1,76.1,53.0,64.05,9.825,7.725,12.25,100.0,114.925,99.125,48.315625,48.315625,2.23725,0.5575
201604110ORL,MIL,246.25,39.0,86.0,0.45425,5.0,15.75,0.313,16.0,21.25,0.72675,10.5,33.5,44.0,26.0,8.25,5.25,15.5,19.25,99.0,0.51825,0.483,0.1825,0.248,24.325,85.65,53.324999999999996,66.325,8.4,10.25,13.849999999999998,100.0,101.5,113.92500000000001,50.546875,51.9713541675,1.955,0.51425,MIL,246.25,40.75,80.75,0.511,11.0,30.5,0.37024999999999997,18.25,23.75,0.7855,6.25,32.25,38.5,29.75,8.0,6.75,13.5,18.0,110.75,0.61375,0.5794999999999999,0.37224999999999997,0.29425,14.35,75.675,46.675,72.775,8.200000000000001,9.75,13.025000000000002,100.0,113.925,101.5,49.640625,51.045247395,2.23675,0.604
201604110PHO,SAC,240.0,40.75,86.25,0.47374999999999995,9.5,23.0,0.41,17.25,23.25,0.732,11.75,30.5,42.25,22.0,8.25,5.25,14.0,21.25,108.25,0.562,0.5285,0.26525,0.27025,25.800000000000004,66.97500000000001,47.45,54.1,8.65,8.975,12.700000000000001,100.0,112.75,113.975,49.771874999999994,49.771874999999994,2.1759999999999997,0.44275,SAC,240.0,38.75,86.5,0.44899999999999995,11.25,28.25,0.40675000000000006,20.75,27.5,0.755,15.0,31.5,46.5,24.0,8.0,6.5,15.0,20.75,109.5,0.5565,0.515,0.3265,0.32125,33.025,74.2,52.550000000000004,62.1,8.3,10.35,13.225,100.0,113.97500000000001,112.75,49.78125000000001,49.78125000000001,2.199,0.483
201604110UTA,DAL,240.0,31.25,74.25,0.426,11.0,33.5,0.32675,19.0,25.75,0.7342500000000001,9.75,32.5,42.25,18.5,7.0,4.75,13.25,20.75,92.5,0.5445,0.501,0.45425,0.369,22.85,76.92500000000001,50.375,59.25,7.9750000000000005,8.175,13.5,100.0,104.60000000000001,100.07499999999999,44.990625,44.990625,2.06125,0.41300000000000003,DAL,240.0,33.75,78.0,0.43325,6.5,20.25,0.327,14.75,23.75,0.672,9.75,31.75,41.5,20.25,8.5,3.75,14.0,22.0,88.75,0.5015,0.47500000000000003,0.26049999999999995,0.30625,23.075000000000003,77.15,49.625,60.275,9.524999999999999,8.7,13.75,100.0,100.07499999999999,104.6,46.765625,46.765625,1.8952499999999999,0.433
201604120DET,MIA,240.0,44.0,88.25,0.5025000000000001,6.75,17.5,0.39825,15.25,20.5,0.73225,12.25,33.25,45.5,21.0,7.5,3.5,10.75,19.0,110.0,0.56975,0.5409999999999999,0.19974999999999998,0.238,26.799999999999997,78.97500000000001,53.75,47.875,8.025,5.4,9.95,100.0,117.625,105.57500000000002,48.243750000000006,48.243750000000006,2.28025,0.43499999999999994,MIA,240.0,36.75,80.75,0.45475,5.0,16.25,0.32125000000000004,20.25,25.0,0.808,9.0,30.0,39.0,18.25,5.75,4.5,12.75,15.75,98.75,0.53775,0.4855,0.20125,0.3105,21.025,73.2,46.25,49.324999999999996,6.199999999999999,5.925,12.174999999999999,100.0,105.575,117.625,48.1875,48.1875,2.0505,0.37775
201604120IND,NYK,240.0,36.25,88.5,0.41274999999999995,7.0,21.75,0.31625000000000003,16.0,21.5,0.76425,13.25,36.75,50.0,19.25,5.5,6.5,11.25,18.0,95.5,0.491,0.45300000000000007,0.2485,0.2415,28.125,79.05,53.39999999999999,53.375,5.9,11.175,10.425,100.0,103.025,107.575,48.35625,48.35625,1.9735,0.39875000000000005,NYK,240.0,36.25,85.0,0.42825,10.0,26.25,0.377,17.0,23.0,0.75775,10.0,33.75,43.75,20.0,6.25,4.25,9.75,17.75,99.5,0.524,0.486,0.306,0.269,20.950000000000003,71.875,46.599999999999994,56.175000000000004,6.7250000000000005,6.35,9.25,100.0,107.575,103.025,47.837500000000006,47.837500000000006,2.0860000000000003,0.41850000000000004
201604120LAC,MEM,240.0,38.0,89.75,0.42400000000000004,7.25,20.75,0.35000000000000003,18.5,23.5,0.7915,14.0,32.0,46.0,19.0,8.5,2.5,11.5,21.25,101.75,0.5087499999999999,0.465,0.2315,0.263,29.775,77.0,51.775000000000006,49.975,9.2,4.8999999999999995,10.275,100.0,109.0,110.75,49.20625,49.20625,2.06775,0.38575,MEM,240.0,36.5,78.5,0.46699999999999997,10.75,30.5,0.35725,19.75,25.0,0.7987500000000001,9.75,33.0,42.75,21.75,6.5,6.75,14.5,18.0,103.5,0.5810000000000001,0.538,0.39925,0.34199999999999997,23.0,70.225,48.225,59.7,6.925,9.774999999999999,14.15,100.0,110.75,109.0,47.56250000000001,47.56250000000001,2.17475,0.45575
201604120SAS,OKC,240.0,42.5,88.75,0.48024999999999995,12.25,31.0,0.39849999999999997,18.5,27.5,0.6739999999999999,14.5,37.0,51.5,25.25,8.25,5.5,16.5,21.5,115.75,0.57625,0.54975,0.35025,0.31100000000000005,32.775,76.45,55.50000000000001,59.324999999999996,8.3,10.225,14.125,100.0,116.85000000000001,104.9,51.90625000000001,51.90625000000001,2.2315,0.48649999999999993,OKC,240.0,37.0,86.75,0.42375,11.25,31.5,0.355,18.5,25.25,0.7190000000000001,11.25,30.0,41.25,24.25,10.0,3.75,13.5,21.25,103.75,0.5297499999999999,0.48824999999999996,0.36425,0.294,23.55,67.225,44.5,66.05000000000001,10.125,6.5,12.149999999999999,100.0,104.89999999999999,116.85,50.496875,50.496875,2.05575,0.479
201604120TOR,PHI,246.25,36.25,89.5,0.40575000000000006,14.0,38.5,0.36875,18.25,26.0,0.71575,11.75,30.75,42.5,25.75,8.0,4.5,11.5,19.0,104.75,0.5205,0.48425,0.4295,0.2905,21.625,75.9,44.87500000000001,71.175,8.15,6.775,10.2,100.0,106.65,108.05000000000001,50.8,52.204622395,2.06825,0.5115,PHI,246.25,41.0,86.0,0.477,6.5,20.0,0.32275,18.0,23.25,0.7815000000000001,10.0,42.25,52.25,23.0,7.5,5.25,14.5,20.5,106.5,0.5537500000000001,0.515,0.23349999999999999,0.26875000000000004,24.1,78.375,55.12499999999999,56.175,7.525,10.35,13.100000000000001,100.0,108.05000000000001,106.65,50.771874999999994,52.1963541675,2.09775,0.45225000000000004
201604130BOS,MIA,240.0,42.5,86.75,0.49324999999999997,6.25,19.0,0.32499999999999996,16.75,22.5,0.7354999999999999,12.5,32.5,45.0,19.25,7.75,3.75,12.0,20.0,108.0,0.56275,0.5297499999999999,0.222,0.26675,27.475,76.325,52.75,45.25,8.25,5.574999999999999,11.125,100.0,114.975,106.30000000000001,48.46874999999999,48.46874999999999,2.22675,0.39575000000000005,MIA,240.0,37.25,81.75,0.456,5.0,15.25,0.334,20.25,26.25,0.77475,10.5,29.75,40.25,18.5,6.25,5.25,13.25,16.5,99.75,0.535,0.4865,0.18599999999999997,0.3215,23.675,72.525,47.25,49.4,6.699999999999999,7.3,12.4,100.0,106.3,114.975,48.484375,48.484375,2.0595,0.38125000000000003
201604130BRK,TOR,240.0,38.5,81.25,0.476,8.75,22.0,0.39649999999999996,17.5,24.0,0.73375,9.0,34.0,43.0,20.25,7.25,5.0,11.5,18.5,103.25,0.563,0.531,0.27325,0.31025,22.875,80.025,52.925,52.575,7.9,9.649999999999999,11.05,100.0,113.4,104.47500000000001,47.575,47.575,2.16675,0.4255,TOR,240.0,34.25,81.25,0.42375,10.5,28.5,0.3625,16.0,21.75,0.74675,8.5,29.75,38.25,20.75,5.75,7.0,10.75,20.0,95.0,0.52525,0.48950000000000005,0.35650000000000004,0.2695,19.975,77.125,47.074999999999996,60.4,6.3,12.0,10.625,100.0,104.475,113.4,46.915625,46.915625,2.0252499999999998,0.44225
201604130CHI,PHI,246.25,36.5,88.0,0.41700000000000004,13.75,38.0,0.368,17.0,25.75,0.6727500000000001,11.5,29.5,41.0,26.0,9.25,5.75,10.75,18.0,103.75,0.5247499999999999,0.49575,0.43174999999999997,0.2935,21.7,70.325,43.35,71.425,9.525,8.525,9.8,100.0,107.125,111.62500000000001,49.740625,51.145247395,2.0912499999999996,0.52675,PHI,246.25,42.0,88.75,0.47224999999999995,7.0,20.5,0.33575000000000005,17.25,22.25,0.7855000000000001,12.5,40.75,53.25,22.5,8.0,5.5,14.5,19.5,108.25,0.5485000000000001,0.51175,0.23075,0.25025000000000003,29.674999999999997,78.30000000000001,56.65,53.85,8.2,11.15,12.875,100.0,111.625,107.125,50.659375,52.0838541675,2.13725,0.4435
201604130CHO,ORL,240.0,41.0,84.75,0.484,5.75,16.75,0.35375,17.0,23.5,0.72975,9.0,30.0,39.0,23.5,9.0,7.0,12.5,18.75,104.75,0.55075,0.5182500000000001,0.198,0.2785,21.325,71.30000000000001,45.95,57.12499999999999,9.450000000000001,10.7,11.6,100.0,108.8,112.24999999999999,49.70625,49.70625,2.11075,0.47474999999999995,ORL,240.0,42.0,85.25,0.49675,7.0,21.0,0.31775,17.25,25.25,0.672,13.0,32.75,45.75,22.0,7.75,5.25,14.75,18.75,108.25,0.5655000000000001,0.53725,0.2465,0.301,28.700000000000003,78.675,54.05,52.625,8.025,7.775,13.325,100.0,112.25,108.8,49.496875,49.496875,2.18625,0.44399999999999995
201604130CLE,DET,240.0,35.25,81.75,0.43150000000000005,8.75,24.75,0.33749999999999997,21.25,28.75,0.74425,12.25,32.5,44.75,17.5,7.5,3.25,13.0,16.25,100.5,0.53325,0.48525000000000007,0.30475,0.35175,27.425,77.575,52.3,49.150000000000006,8.05,4.825,12.100000000000001,100.0,107.725,109.825,48.078125,48.078125,2.08825,0.362,DET,240.0,40.75,84.5,0.48275,6.5,17.0,0.394,14.25,19.5,0.72925,9.5,31.5,41.0,20.25,6.25,4.5,12.25,21.0,102.25,0.5505,0.5215,0.20275,0.23175,22.424999999999997,72.575,47.7,49.4,6.725,7.574999999999999,11.625,100.0,109.82499999999999,107.725,48.25625,48.25625,2.12175,0.41900000000000004
201604130DAL,SAS,246.25,36.5,85.5,0.42874999999999996,4.25,15.25,0.27849999999999997,19.5,25.5,0.764,10.5,32.5,43.0,21.0,9.5,5.75,11.0,15.75,96.75,0.50125,0.45350000000000007,0.17875000000000002,0.299,20.925,77.05,47.1,57.425,10.025,9.7,10.25,100.0,101.975,106.55000000000001,49.056250000000006,50.3869791675,1.9705000000000001,0.43025,SAS,246.25,38.5,83.25,0.46275,8.5,24.75,0.34075,15.5,18.25,0.85225,10.0,37.75,47.75,22.75,7.75,5.0,15.0,21.5,101.0,0.5549999999999999,0.51425,0.29874999999999996,0.21875,22.950000000000003,79.075,52.900000000000006,58.275,8.15,7.0,13.975,100.0,106.55000000000001,101.975,48.459375,49.785872395,2.08575,0.47050000000000003
201604130GSW,MEM,240.0,36.5,89.0,0.4105,6.5,20.5,0.31725000000000003,16.5,20.5,0.7887500000000001,14.25,29.75,44.0,17.5,8.75,1.75,12.0,20.5,96.0,0.48949999999999994,0.4475,0.23074999999999998,0.23075,29.7,77.875,50.875,47.974999999999994,9.600000000000001,3.825,10.925,100.0,105.65,111.74999999999999,48.243750000000006,48.243750000000006,1.989,0.363,MEM,240.0,36.0,74.75,0.48425,11.25,30.25,0.381,18.0,23.0,0.791,8.5,33.75,42.25,22.25,6.75,7.75,14.25,17.5,101.25,0.5995,0.5614999999999999,0.41025,0.3315,22.125,70.3,49.125,61.675,7.5,11.325,14.35,100.0,111.75,105.64999999999999,45.7125,45.7125,2.224,0.49049999999999994
201604130HOU,SAC,240.0,40.75,85.0,0.48074999999999996,9.0,22.0,0.40299999999999997,15.25,22.5,0.68225,10.0,30.25,40.25,21.5,10.0,7.0,16.75,21.0,105.75,0.55825,0.53325,0.25675000000000003,0.2665,22.450000000000003,66.15,46.2,52.875,10.175,10.85,15.075000000000001,100.0,107.275,109.925,51.21875,51.21875,2.0694999999999997,0.41925,SAC,240.0,39.0,88.5,0.44275,10.25,26.5,0.386,20.0,25.75,0.784,15.5,31.25,46.75,22.5,9.25,4.75,17.25,21.5,108.25,0.5447500000000001,0.50275,0.30275,0.2985,33.85,77.55,53.800000000000004,58.025000000000006,9.4,7.75,14.75,100.0,109.925,107.275,51.240625,51.240625,2.1192499999999996,0.44125000000000003
201604130LAL,UTA,246.25,34.75,76.5,0.45525,9.25,28.0,0.32725000000000004,15.5,20.75,0.7474999999999999,7.75,35.75,43.5,16.75,6.0,5.25,13.25,15.75,94.25,0.5507500000000001,0.5145,0.36224999999999996,0.27225,18.275,83.725,51.575,48.075,6.699999999999999,9.9,13.325,100.0,105.55,104.975,45.928124999999994,47.255273437499994,2.0577500000000004,0.36825,UTA,246.25,34.25,79.0,0.4335,9.25,26.25,0.35650000000000004,16.0,19.75,0.8097500000000001,7.0,34.0,41.0,17.25,9.0,4.0,9.75,17.5,93.75,0.5345000000000001,0.49175,0.3295,0.25075000000000003,16.275,81.725,48.425,50.575,10.025,8.2,9.975,100.0,104.97500000000001,105.55000000000001,45.565625000000004,46.802929687500004,2.05925,0.379
201604130MIL,IND,240.0,42.75,82.25,0.52,10.25,26.0,0.38375000000000004,17.25,22.25,0.772,10.0,32.5,42.5,26.75,9.0,3.75,14.0,21.0,113.0,0.6132500000000001,0.58225,0.31625,0.27,26.424999999999997,80.975,53.900000000000006,62.325,9.575000000000001,7.625,13.049999999999999,100.0,119.9,110.475,48.409375,48.409375,2.329,0.54975,IND,240.0,35.75,78.25,0.46299999999999997,10.5,28.75,0.36975,21.75,26.75,0.8300000000000001,7.75,27.75,35.5,21.75,7.25,5.0,14.0,19.0,103.75,0.579,0.53,0.36525,0.35425,19.025,73.575,46.1,60.824999999999996,7.575000000000001,8.725,13.5,100.0,110.47500000000001,119.9,48.60312499999999,48.60312499999999,2.13875,0.4485
201604130MIN,NOP,240.0,39.0,83.0,0.473,9.5,23.25,0.40625,18.25,23.0,0.792,10.0,31.75,41.75,24.25,6.5,2.5,14.75,24.25,105.75,0.5707500000000001,0.5309999999999999,0.28300000000000003,0.28049999999999997,23.85,78.9,50.725,61.95,6.825000000000001,4.4750000000000005,13.675,100.0,111.1,117.32500000000002,49.3375,49.3375,2.15375,0.49574999999999997,NOP,240.0,39.25,82.0,0.48074999999999996,10.25,26.5,0.39675000000000005,23.25,27.75,0.8394999999999999,8.5,32.25,40.75,24.5,7.5,5.75,12.0,22.0,112.0,0.5962500000000001,0.54325,0.32175,0.3385,21.1,76.15,49.275000000000006,62.074999999999996,7.824999999999999,9.55,11.2,100.0,117.325,111.10000000000001,49.340625,49.340625,2.27375,0.4975
201604130PHO,LAC,246.25,38.0,79.25,0.4815,10.25,24.25,0.427,14.0,22.75,0.6675,8.0,36.0,44.0,23.25,11.25,5.5,10.0,19.0,100.25,0.5630000000000001,0.54625,0.305,0.29125,19.35,77.6,49.375,60.925,12.175,9.65,10.075,100.0,109.025,96.225,46.028125,47.2654296875,2.18625,0.5092500000000001,LAC,246.25,33.25,83.0,0.40175,7.0,25.0,0.27075,15.25,21.75,0.70025,10.75,34.5,45.25,15.0,6.0,3.25,15.0,19.5,88.75,0.4805,0.44475,0.30675,0.2695,22.4,80.65,50.62499999999999,45.525000000000006,6.5,5.85,13.95,100.0,96.225,109.02499999999999,48.790625000000006,50.117773437500006,1.8162500000000001,0.3075
201604130POR,DEN,240.0,37.25,86.5,0.43000000000000005,7.75,27.0,0.28450000000000003,16.25,22.25,0.7385,9.75,34.25,44.0,23.5,6.75,7.0,11.25,20.75,98.5,0.51075,0.47474999999999995,0.3125,0.25675000000000003,19.849999999999998,75.875,47.15,63.0,7.05,11.700000000000001,10.475,100.0,103.25,114.6,49.284375,49.284375,1.9967499999999998,0.47475,DEN,240.0,39.75,84.75,0.46875,9.5,24.75,0.35925,20.25,26.0,0.77425,10.75,38.5,49.25,24.5,6.75,6.25,10.75,16.75,109.25,0.5680000000000001,0.52475,0.29375,0.30575,24.125,80.15,52.85,60.974999999999994,7.074999999999999,10.6,9.950000000000001,100.0,114.6,103.25,48.55,48.55,2.2515,0.502
201604130WAS,ATL,240.0,39.25,86.5,0.45399999999999996,12.0,32.25,0.37024999999999997,12.0,16.5,0.7245,8.25,36.0,44.25,25.75,9.5,7.75,15.25,20.0,102.5,0.5482500000000001,0.5235000000000001,0.37474999999999997,0.19324999999999998,17.8,79.125,49.05,65.7,9.425,13.05,13.975000000000001,100.0,103.25,99.22500000000001,50.66875,50.66875,2.02175,0.507,ATL,240.0,35.5,84.5,0.41925,10.5,27.25,0.385,16.75,23.5,0.72925,9.5,36.5,46.0,19.5,10.5,4.5,16.25,17.5,98.25,0.51825,0.48175,0.32325,0.279,20.875,82.2,50.949999999999996,55.2,10.575,8.4,14.475,100.0,99.225,103.25,51.20625,51.20625,1.9225,0.37925
